0,0,NaN,NaN,NaN,NaN,NaN,NaN
59.803,3.5477,NaN,NaN,NaN,NaN,NaN,NaN
124.53,-0.37127,NaN,NaN,NaN,NaN,NaN,NaN
198.82,-1.733,NaN,NaN,NaN,NaN,NaN,NaN
283.91,-2.4043,NaN,NaN,NaN,NaN,NaN,NaN
376.69,-1.7494,NaN,NaN,NaN,NaN,NaN,NaN
479.4,0.096449,NaN,NaN,NaN,NaN,NaN,NaN
589.81,3.2684,NaN,NaN,NaN,NaN,NaN,NaN
707.05,8.267,NaN,NaN,NaN,NaN,NaN,NaN
834.72,15.322,NaN,NaN,NaN,NaN,NaN,NaN
974.18,24.8,NaN,NaN,NaN,NaN,NaN,NaN
1123.7,37.7,NaN,NaN,NaN,NaN,NaN,NaN
1288.4,48.789,NaN,NaN,NaN,NaN,NaN,NaN
1465.5,59.567,NaN,NaN,NaN,NaN,NaN,NaN
1649.8,68.573,1649.7,72.024,192.66,14.748,12.629,1.5531
1835,71.249,1839.8,75.589,201.24,9.3569,11.953,-0.54842
2022,75.156,2030.5,77.653,205.05,4.6061,10.024,-2.0532
2210.3,77.197,2219.6,77.61,203.8,-0.2163,6.8082,-3.3688
2401.6,76.37,2408.1,75.368,199.48,-4.6214,3.0537,-4.2921
2603.7,76.233,2603.2,73.232,197.38,-7.191,0.45235,-4.4493
2810.5,74.46,2805.3,71.002,198.01,-8.1508,-0.87483,-3.9679
3017.4,72.687,3011.7,69.4,200.41,-7.4259,-1.1772,-2.9247
3228.9,72.875,3223.6,69.813,205.37,-4.8564,-0.32528,-1.4079
3439.7,75.796,3437.5,73.166,210.34,-0.74334,0.71854,0.35421
3654.1,81.179,3654,79.37,215.3,3.9997,1.7858,1.9784
3874.3,84.426,3874.6,85.006,220.62,6.971,2.833,2.7453
4094.1,89.038,4095.5,90.82,223.31,8.9105,2.8124,3.0143
4312.1,92.419,4314.2,95.217,222.58,8.9412,1.6385,2.5693
4524.6,94.339,4527.8,97.604,218.23,7.3179,-0.44095,1.6343
4732.1,95.664,4735.7,98.61,211.65,5.078,-2.7431,0.65072
4935.4,93.661,4938.1,96.16,204.04,0.97697,-4.8566,-0.81983
5139.3,86.693,5139,89.012,198.17,-4.6622,-5.9939,-2.4991
5337.8,80.496,5336.4,80.51,192.78,-9.3276,-6.6816,-3.5963
5529.7,74.704,5527.8,72.296,186.19,-12.172,-7.5831,-3.9451
5713.8,67.587,5712.2,64.487,179,-13.062,-8.3542,-3.5169
5885.1,62.146,5886,58.578,169.98,-11.721,-9.2631,-2.3835
6045,47.086,6047.4,47.404,158.66,-12.623,-10.532,-1.9545
6201.9,26.832,6202.1,29.662,148.85,-16.268,-11.026,-2.3701
6351.2,5.2515,6349.4,7.6335,139.65,-20.932,-11.244,-3.0713
6494.1,-17.29,6490.2,-16.526,131.24,-24.969,-11.228,-3.4973
6630.7,-32.729,6625.6,-36.574,124.59,-25.468,-10.615,-2.9391
6757.6,-44.896,6753.8,-51.163,118.6,-22.28,-9.7367,-1.3998
6876.9,-58.389,6874.9,-63.245,113.44,-17.825,-8.5518,0.33598
6987.4,-69.109,6987.8,-72.254,107.97,-12.36,-7.5089,2.1403
7092.4,-81.291,7093.5,-80.729,102.23,-7.5115,-6.7306,3.5786
7189.3,-93.432,7190.5,-89.638,94.821,-4.0667,-6.7419,4.4064
7278.7,-104.67,7279.4,-99.679,86.512,-3.0204,-7.1368,4.217
7360.8,-116.36,7360.6,-111.61,77.911,-4.567,-7.6453,3.0512
7434.2,-125.29,7433.7,-123.2,69.227,-6.9234,-8.0932,1.5769
7499.6,-134.17,7499.4,-134.58,61.419,-9.6518,-8.0765,0.056322
7553.9,-140.15,7555.3,-142.48,52.959,-9.6016,-8.1402,-0.2762
7598.7,-146.45,7600.5,-148.36,42.92,-7.9915,-8.7143,0.084176
7635.7,-150.48,7636.6,-151.74,32.758,-5.0703,-9.2551,0.90793
7663.7,-153.96,7663.6,-153.78,22.5,-2.026,-9.7749,1.7199
7682.5,-161.38,7681.6,-158.95,12.416,-2.0339,-10.163,1.4302
7700.1,-158.86,7696.3,-159.48,5.8285,-0.30316,-9.432,1.5552
7708.4,-162.5,7705.1,-161.44,0.55624,-0.023954,-8.3407,1.2645
7710.7,-162.63,7708.4,-162.44,-3.6232,0.097555,-7.0205,0.89963
7711.7,-160.9,7709,-161.45,-5.9788,1.0354,-5.4101,0.84827
7714.4,-160.17,7710.7,-160.18,-5.1758,1.71,-3.1782,0.76228
7715.2,-160.67,7712.5,-159.82,-2.915,1.5845,-0.93764,0.4905
7715.2,-160.67,7714.1,-159.7,-0.3089,1.2572,0.93723,0.23284
7715.2,-160.67,7715.6,-160.01,2.2071,0.50788,2.3521,-0.13206
7715.2,-160.67,7716.8,-160.41,4.098,-0.18897,3.1901,-0.41267
7713.5,-159.67,7716.6,-160.33,4.8177,-0.64555,3.4273,-0.60799
7712.7,-159.17,7715.9,-159.98,4.6964,-0.7473,3.2057,-0.62731
7712.7,-159.17,7715.2,-159.88,4.0927,-0.91783,2.6999,-0.64424
7711.8,-158.67,7714,-159.31,3.0176,-0.54127,2.0327,-0.43695
7711.8,-158.67,7713.1,-158.58,2.0738,0.21164,1.4309,-0.061237
7710.9,-158.17,7711.5,-158.43,0.48265,-0.022205,0.62355,-0.16131
7710.9,-158.17,7711,-157.9,0.20145,0.45345,0.41457,0.073618
7711.4,-157.3,7711.5,-157.34,0.80473,0.55826,0.56685,0.090785
7711.4,-157.3,7711.9,-157.31,1.1209,0.1986,0.6027,-0.065018
7711.4,-157.3,7711.9,-157.33,0.87105,-0.027919,0.41062,-0.137
7711.9,-156.44,7712.2,-156.7,0.82202,0.24496,0.31061,-0.030157
7711.9,-156.44,7712.2,-156.39,0.61118,0.30207,0.17764,0.0022212
7713.3,-156.07,7713,-156.02,0.73351,0.39459,0.14307,0.041634
7716.9,-155.84,7715.8,-155.73,1.8231,0.39629,0.3892,0.043441
7723.2,-154.88,7721.6,-155.1,4.3121,0.48894,1.0305,0.04655
7735.9,-152.96,7733,-153.5,8.9157,1.0869,2.1521,0.20065
7750.8,-151.17,7748.6,-151.47,14.334,1.79,3.3327,0.37465
7769.6,-150.52,7768.6,-150.12,20.334,1.9113,4.5017,0.35522
7792.1,-149.64,7792.3,-149.05,26.086,1.815,5.3693,0.27677
7818.1,-148.53,7819.6,-148.09,31.299,1.5621,5.888,0.14464
7844.7,-146.55,7847.8,-146.58,34.409,1.6,5.6138,0.10699
7875.7,-144.85,7878.4,-145,36.539,1.5572,4.9642,0.035683
7910.7,-144.28,7912.3,-144.04,38.457,1.2477,4.2516,-0.078428
7947.9,-143.84,7948.8,-143.57,40.038,0.73554,3.4937,-0.23224
7989.2,-142.31,7988.9,-142.63,42.131,0.55662,2.9847,-0.27846
8032.8,-140.92,8032.4,-141.3,44.7,0.75799,2.7555,-0.1776
8079.5,-137.92,8079.1,-138.73,47.748,1.6189,2.7603,0.1034
8128.9,-136.43,8128.9,-136.47,50.967,2.1717,2.8706,0.2746
8180.1,-133.71,8180.8,-133.78,53.77,2.7225,2.8714,0.39846
8232.8,-130.62,8233.8,-130.72,55.454,3.1948,2.5082,0.45588
8285.5,-125.3,8287.1,-125.93,56.139,4.3817,1.9322,0.70287
8339.7,-117.39,8340.9,-118.46,56.107,6.6586,1.2145,1.2359
8398.1,-108.37,8397.5,-109.08,56.828,9.1955,0.80535,1.7527
8457.4,-97.631,8456.2,-97.903,58.042,11.735,0.63941,2.165
8522.1,-87.657,8519.7,-86.744,61.307,13.191,1.1751,2.1696
8587.8,-75.953,8586,-74.799,64.857,14.25,1.7546,2.0302
8653.4,-64.248,8653.3,-62.696,67.687,14.725,2.0867,1.7339
8717.2,-53.774,8719.3,-51.736,68.77,14.003,1.9145,1.1098
8778.3,-44.031,8782,-42.215,67.228,12.18,0.99334,0.21593
8835.7,-36.75,8840.1,-35.077,63.08,9.2489,-0.55996,-0.86775
8889.8,-31.065,8893.3,-30.189,56.9,5.6979,-2.517,-1.9651
8938.9,-25.976,8941.1,-26.238,49.215,2.8497,-4.6199,-2.6104
8984,-21.983,8984.1,-23.108,41.309,0.70127,-6.4098,-2.882
9024.4,-19.951,9022.8,-21.151,34.128,-0.88353,-7.5736,-2.8458
9059,-18.015,9056.8,-19.617,27.913,-1.7405,-8.054,-2.5505
9090.4,-17.675,9087.5,-19.049,23.268,-2.3449,-7.8081,-2.1821
9116.5,-16.564,9113.9,-18.131,19.3,-2.053,-7.2517,-1.5716
9138,-15.183,9136.2,-16.655,15.97,-1.089,-6.4597,-0.84397
9155.7,-12.666,9154.1,-13.908,12.51,0.72718,-5.8279,0.038938
9170.2,-9.513,9168.6,-10.331,9.5379,2.5858,-5.1378,0.74973
9183.4,-6.7256,9181.2,-6.6619,7.6132,4.012,-4.2636,1.1891
9192.7,-8.6324,9191.2,-6.3011,6.0143,3.2738,-3.4219,0.91883
9204.1,-4.8441,9201.7,-4.2105,6.2232,3.3321,-2.2189,0.82743
9208.2,-3.7482,9208.3,-2.7913,5.2979,2.9296,-1.5197,0.60061
9218.6,-1.6914,9217.1,-1.2221,6.3838,2.5303,-0.44315,0.37042
9220,-1.3261,9221.5,-0.74679,5.5223,1.4898,-0.10497,-0.038149
9220.8,-1.8266,9223,-1.3271,3.6455,0.12025,-0.20255,-0.47892
9222.7,-0.59549,9223.8,-1.0693,2.0696,-0.35276,-0.30195,-0.57346
9224.9,-0.73063,9224.9,-1.1197,1.2755,-0.7089,-0.23215,-0.58948
9225.4,0.13514,9225.3,-0.43716,0.37661,-0.31989,-0.27272,-0.3402
9226.3,-0.36531,9225.8,-0.37335,0.13166,-0.23799,-0.12955,-0.20596
9226.3,-0.36531,9226.1,-0.36011,0.15747,-0.16264,0.077079,-0.10281
9226.3,-0.36531,9226.4,-0.47569,0.46606,-0.24478,0.34028,-0.093577
9226.3,-0.36531,9226.7,-0.5999,0.86204,-0.33427,0.57625,-0.10378
9226.3,-0.36531,9226.9,-0.52543,1.0916,-0.16331,0.68726,-0.012126
9226.3,-0.36531,9227.1,-0.10034,1.2819,0.44859,0.74929,0.25737
9226.3,-0.36531,9226.8,-0.28087,0.85212,0.17928,0.52193,0.12036
9226.3,-0.36531,9226.8,-0.28508,0.83788,0.16441,0.48328,0.10308
9226.3,-0.36531,9226.2,-0.38484,-0.052248,0.016935,0.060148,0.028779
9226.3,-0.36531,9226.4,-0.31128,0.28476,0.11271,0.19814,0.065781
9226.3,-0.36531,9226.6,-0.21709,0.51623,0.22671,0.27877,0.10873
9226.3,-0.36531,9226.6,-0.31487,0.41469,0.07305,0.21,0.033101
9226.3,-0.36531,9226.4,-0.32397,0.18379,0.053871,0.091922,0.022358
9226.3,-0.36531,9226.4,-0.41209,0.12001,-0.069371,0.056586,-0.032709
9226.3,-0.36531,9226.3,-0.36531,-9.0949e-13,2.7756e-17,-5.6843e-13,2.0817e-17
9226.3,-0.36531,9226.3,-0.36531,-9.0949e-13,2.7756e-17,-5.6843e-13,2.0817e-17
9226.3,-0.36531,9226.3,-0.36531,-9.0949e-13,2.7756e-17,-5.6843e-13,2.0817e-17
9226.8,0.50045,9226.6,0.21724,0.1724,0.29826,0.047428,0.08205
9226.8,0.50045,9226.8,0.54091,0.22805,0.39452,0.057358,0.099227
9226.8,0.50045,9226.9,0.67785,0.20606,0.35648,0.043483,0.075225
9227.7,5.4468e-13,9227.5,0.35356,0.43786,0.069106,0.099348,-0.017503
9227.7,5.4468e-13,9227.8,0.10676,0.45042,-0.13134,0.087321,-0.077956
9227.7,5.4468e-13,9227.9,-0.061801,0.33269,-0.24722,0.038185,-0.10756
9227.7,5.4468e-13,9227.8,-0.15557,0.15735,-0.2852,-0.02329,-0.10936
9227.7,5.4468e-13,9227.7,-0.18218,-0.01916,-0.25635,-0.078342,-0.087989
9227.7,5.4468e-13,9227.6,-0.15342,-0.15666,-0.17602,-0.11422,-0.049704
9227.7,5.4468e-13,9227.6,-0.085263,-0.23123,-0.063973,-0.12419,-0.0023601
9227.7,5.4468e-13,9227.5,0.0021222,-0.23521,0.055731,-0.10751,0.044577
9227.7,5.4468e-13,9227.6,0.084404,-0.17718,0.15466,-0.069464,0.080036
