0,0,NaN,NaN,NaN,NaN,NaN,NaN
69.376,-0.058315,NaN,NaN,NaN,NaN,NaN,NaN
146.55,-2.17,NaN,NaN,NaN,NaN,NaN,NaN
232.67,-2.9199,NaN,NaN,NaN,NaN,NaN,NaN
324.85,-3.0838,NaN,NaN,NaN,NaN,NaN,NaN
427.47,-3.5593,NaN,NaN,NaN,NaN,NaN,NaN
540,-2.4142,NaN,NaN,NaN,NaN,NaN,NaN
658.59,-0.68332,NaN,NaN,NaN,NaN,NaN,NaN
786.39,1.4435,NaN,NaN,NaN,NaN,NaN,NaN
919.72,6.0881,NaN,NaN,NaN,NaN,NaN,NaN
1059.8,12.543,NaN,NaN,NaN,NaN,NaN,NaN
1208.6,21.326,NaN,NaN,NaN,NaN,NaN,NaN
1369.3,32.247,NaN,NaN,NaN,NaN,NaN,NaN
1538.6,45.495,NaN,NaN,NaN,NaN,NaN,NaN
1716.2,58.881,1714.5,59.868,180.13,16.844,8.3861,2.8604
1898.8,72.594,1899,74.325,188.83,17.764,8.5483,2.5017
2085.9,85.41,2088.2,87.936,195.63,17.499,8.1774,1.8568
2274.4,96.552,2279,99.363,199.31,15.458,6.9724,0.74482
2472.4,107.12,2475.4,109.14,202.85,12.548,5.8901,-0.47746
2675.3,114.87,2676.5,116.36,205.7,8.8163,4.6879,-1.7276
2880,119.97,2880.5,120.66,207.31,4.4684,3.2964,-2.9343
3091,120.57,3089.7,121.05,209.83,-0.43568,2.4521,-4.0187
3300.9,117.76,3300.2,117.76,211.34,-5.3338,1.5667,-4.8174
3516.9,111.41,3515.4,110.8,214.3,-10.104,1.4229,-5.3611
3734.3,103.38,3733.7,101.67,217.64,-13.779,1.5912,-5.4059
3950.1,93.875,3951.4,91.248,219.27,-16.104,1.347,-4.9706
4166.2,83.402,4168,80.262,218.84,-17.021,0.52214,-4.1271
4375.4,75.24,4378.9,71.143,214.75,-15.718,-1.2124,-2.7393
4586,73.651,4587.5,68.049,209.79,-10.63,-2.9545,-0.44548
4794.6,75.666,4794.2,70.751,205.07,-3.0955,-4.273,2.217
4997.3,80.253,4996.8,77.872,199.96,5.1533,-5.3303,4.6688
5197.6,86.254,5196.5,87.274,195.54,12.212,-5.834,6.3254
5390.6,88.253,5389.9,93.719,189.68,14.956,-6.6021,6.3284
5579.3,91.151,5578.3,97.88,183.78,14.426,-7.1251,5.1715
5769.4,96.497,5766.1,101.6,180.54,12.258,-6.6633,3.4816
5951.5,100.74,5949.2,104.22,177.02,8.8739,-6.2506,1.5619
6127.5,104.4,6126.9,105.91,173.22,5.0233,-5.8174,-0.26408
6294.6,106.69,6295.8,106.65,166.81,1.3847,-6.2204,-1.7062
6448.6,107.56,6452.2,106.51,156.75,-1.5967,-7.5798,-2.6214
6595.3,108.54,6598.3,106.75,145.26,-2.9429,-9.1237,-2.7409
6738,109.46,6737.7,107.74,134.75,-2.6579,-10.158,-2.1772
6871.1,110.95,6869.7,109.48,125.34,-1.4646,-10.578,-1.3492
6997.2,111.59,6994.3,110.68,116.47,-0.76867,-10.767,-0.82306
7111.3,111.07,7109.1,110.79,107.21,-0.75983,-10.917,-0.60206
7211.9,110.07,7211.9,109.97,96.897,-1.2383,-11.152,-0.59011
7301.5,108.17,7302.5,108.25,85.57,-1.939,-11.533,-0.64197
7379.6,106.31,7381.2,106.57,73.929,-1.991,-11.81,-0.42358
7447.8,102.84,7448.7,103.5,61.943,-2.7229,-12.154,-0.46405
7506.1,101.87,7505,101.22,49.432,-3.0161,-12.726,-0.45619
7555.3,99.536,7552.5,98.874,38.367,-3.139,-12.761,-0.3947
7595.2,97.773,7591.3,96.971,28.677,-2.8565,-12.34,-0.21802
7626.7,95.873,7622.9,95.397,21.137,-2.2391,-11.214,0.063203
7652,94.352,7648.8,94.266,16.317,-1.3569,-9.2843,0.40365
7670.2,91.988,7668.4,92.591,12.321,-0.98363,-7.3975,0.53286
7682.3,93.159,7681.5,92.82,8.1329,0.14165,-5.9784,0.8071
7686.7,92.262,7687.3,92.567,3.2132,0.54148,-5.0917,0.79476
7695.2,91.433,7692.8,92.021,0.83371,0.54225,-3.8384,0.65248
7696,88.535,7694.7,89.86,-1.1176,-0.40996,-2.7161,0.25697
7696.5,86.603,7695.4,87.384,-1.655,-1.4312,-1.4225,-0.1202
7697.7,85.896,7696.6,85.71,-0.68875,-1.8122,-0.00031581,-0.26055
7698,84.93,7697.7,84.413,0.94752,-1.8753,1.3001,-0.27915
7698.2,83.964,7698.9,83.482,2.6619,-1.5927,2.2909,-0.16052
7698.5,82.998,7700,82.5,4.0833,-1.5015,2.9055,-0.13971
7698.5,82.998,7700.7,82.417,4.7922,-0.80877,3.0692,0.088509
7698.5,82.998,7701,82.706,4.8668,-0.053519,2.8924,0.3108
7698.5,82.998,7700.9,83.159,4.2822,0.63749,2.4191,0.49577
7698.5,82.998,7700.3,83.529,3.1725,1.05,1.746,0.5656
7698.5,82.998,7699.7,83.708,2.1014,1.1335,1.1405,0.51123
7698.5,82.998,7699.3,83.357,1.3577,0.49927,0.72501,0.17035
7698.5,82.998,7699.2,83.108,1.0558,0.075753,0.53574,-0.038068
7699.5,83.257,7699.2,83.077,0.44217,-0.14459,0.17347,-0.14797
7701.6,82.808,7701.1,82.911,1.3779,-0.2093,0.42428,-0.14418
7704.8,82.618,7704.2,82.626,2.6811,-0.36574,0.73688,-0.17792
7713.1,82.755,7711.2,82.489,5.532,-0.45718,1.4104,-0.20138
7729.3,83.996,7725.7,83.331,11.438,0.05376,2.8449,-0.034097
7746.5,81.372,7744.4,82.129,17.855,-0.53139,4.2155,-0.17272
7768.9,79.076,7768.1,79.925,24.638,-1.4809,5.4529,-0.39556
7793.2,77.297,7794.5,77.51,30.369,-2.3535,6.1509,-0.58818
7823,78.036,7825,76.885,35.522,-2.0252,6.4675,-0.41767
7855.7,83.673,7858.3,80.71,39.444,0.63394,6.2611,0.3913
7893.8,80.427,7895.8,81.031,42.94,0.98898,5.8289,0.48614
7934.5,83.045,7936.2,83.002,45.604,2.058,5.1271,0.75372
7977,83.024,7978.6,84.022,47.256,2.2995,4.1928,0.74379
8021.9,81.588,8023.2,83.352,48.413,1.445,3.2543,0.40285
8065.5,80.859,8067.5,82.1,48.262,0.2848,2.1316,-0.016266
8111,77.491,8112.5,78.862,47.846,-1.7282,1.1735,-0.62956
8157.6,73.416,8158.6,74.083,47.582,-4.1676,0.48445,-1.3054
8203.5,68.116,8204.1,67.921,46.5,-6.7034,-0.32642,-1.9181
8250.7,62.109,8250,61.016,45.217,-8.7319,-1.0918,-2.2612
8294.9,55.326,8294.6,54.113,43.747,-9.4486,-1.6542,-2.0294
8339.2,48.543,8338.6,47.339,42.331,-9.3312,-2.0351,-1.5237
8380.8,40.018,8380.8,39.58,40.772,-9.3058,-2.2639,-1.0853
8421.2,32.2,8421.1,31.556,38.876,-9.3308,-2.5029,-0.78236
8460.7,24.124,8460.3,23.25,37.168,-9.4876,-2.5906,-0.62463
8498.3,18.687,8497.6,17.574,35.184,-7.4857,-2.7423,0.25452
8534.8,13.957,8533.7,12.811,33.481,-5.7827,-2.7498,0.795
8570.8,11.159,8569.2,10.227,32.427,-3.2389,-2.5245,1.5062
8604.5,8.8104,8603.3,8.7739,31.465,-0.84358,-2.2599,2.0449
8637,7.1686,8636.4,7.8681,30.941,0.85596,-1.826,2.2352
8665.5,5.4583,8666.1,7.0299,29.25,1.8756,-1.7807,2.1812
8691.7,4.1966,8692.8,6.0175,26.686,2.05,-2.0138,1.8294
8712.8,2.6077,8714.6,4.4327,22.687,1.3981,-2.6286,1.2426
8727.8,4.5554,8730.1,4.7203,16.676,1.4016,-3.7627,0.87036
8739.9,5.7272,8741.1,5.544,10.511,1.3772,-4.7493,0.53683
8743.6,3.6052,8744.9,4.4147,2.8869,0.17449,-5.9812,-0.054379
8745.8,3.1566,8745,3.4781,-3.5536,-0.59303,-6.624,-0.37828
8747.3,1.4833,8744,1.8345,-7.6,-1.5033,-6.4166,-0.65631
8752.4,1.8105,8746.2,1.2939,-7.4273,-1.4953,-4.9509,-0.59357
8753.3,2.0692,8748.5,1.2225,-5.5474,-1.2621,-3.0761,-0.47932
8754.3,2.3278,8751.3,1.5396,-2.5796,-0.79345,-1.0982,-0.29086
8755.2,2.5864,8754.2,1.9657,0.59373,-0.38524,0.63028,-0.14745
8755.2,2.5864,8756.3,2.3446,3.006,-0.024666,1.817,-0.016441
8755.2,2.5864,8757.5,2.6504,4.1731,0.25554,2.3132,0.085566
8755.2,2.5864,8757.8,2.9214,4.2626,0.50958,2.2642,0.18139
8755.2,2.5864,8757.3,3.0568,3.209,0.59785,1.6961,0.20799
8755.2,2.5864,8756.4,3.0027,1.8343,0.45514,1.0118,0.13913
8755.2,2.5864,8755.6,2.512,0.68038,-0.24114,0.45818,-0.16286
8753.3,2.0692,8753.7,1.8598,-0.76502,-0.79389,-0.089573,-0.35352
8751.4,1.5519,8752,1.4362,-1.2714,-0.80438,-0.15768,-0.28723
8749.5,1.0346,8750,0.89468,-1.652,-0.86614,-0.17076,-0.25185
8748.5,0.77593,8748.4,0.65294,-1.7379,-0.60884,-0.1303,-0.10255
8747.5,0.51729,8746.9,0.34004,-2.0179,-0.54031,-0.22838,-0.06115
8747.5,0.51729,8746.6,0.2813,-1.2392,-0.33181,0.056735,0.015191
8746.6,0.25864,8746.3,0.183,-0.66513,-0.17809,0.24866,0.066579
8745.6,9.6301e-13,8745.8,0.043868,-0.28629,-0.076655,0.35868,0.096037
8745.6,9.6301e-13,8745.8,0.052743,0.31818,0.085195,0.52175,0.1397
8745.6,9.6301e-13,8746,0.10008,0.76491,0.20481,0.59739,0.15996
8745.6,9.6301e-13,8746.1,0.13008,0.91938,0.24617,0.55074,0.14746
8745.6,9.6301e-13,8746,0.11656,0.76198,0.20403,0.38941,0.10427
8745.6,9.6301e-13,8745.8,0.062886,0.38808,0.10391,0.16355,0.04379
8745.6,9.6301e-13,8745.6,0.0020286,0.00797,0.002134,-0.034239,-0.0091676
8745.6,9.6301e-13,8745.6,-0.0034655,-0.05313,-0.014226,-0.068825,-0.018428
8745.6,9.6301e-13,8745.6,0.00059167,-0.050928,-0.013636,-0.066899,-0.017913
8745.6,9.6301e-13,8745.6,0.0065929,-0.029183,-0.0078139,-0.052503,-0.014058
8745.6,9.6301e-13,8745.6,-0.0091286,-0.1105,-0.029586,-0.081799,-0.021902
8745.6,9.6301e-13,8745.5,-0.023244,-0.17135,-0.045881,-0.099421,-0.026621
8745.6,9.6301e-13,8745.4,-0.044629,-0.26156,-0.070034,-0.1292,-0.034595
8745.6,9.6301e-13,8745.5,-0.024174,-0.1339,-0.035852,-0.063135,-0.016905
8745.6,9.6301e-13,8745.6,9.6301e-13,-4.5475e-13,0,-4.5475e-13,-3.7865e-29
