0,0,NaN,NaN,NaN,NaN,NaN,NaN
58.24,-0.29945,NaN,NaN,NaN,NaN,NaN,NaN
130.48,-2.594,NaN,NaN,NaN,NaN,NaN,NaN
219.36,-1.4026,NaN,NaN,NaN,NaN,NaN,NaN
322.4,1.9138,NaN,NaN,NaN,NaN,NaN,NaN
439.48,10.515,NaN,NaN,NaN,NaN,NaN,NaN
571.83,25.082,NaN,NaN,NaN,NaN,NaN,NaN
718.9,43.694,NaN,NaN,NaN,NaN,NaN,NaN
882.62,65.791,NaN,NaN,NaN,NaN,NaN,NaN
1058.7,87.414,NaN,NaN,NaN,NaN,NaN,NaN
1250.8,110.6,NaN,NaN,NaN,NaN,NaN,NaN
1452.9,131.95,NaN,NaN,NaN,NaN,NaN,NaN
1663.8,151.75,NaN,NaN,NaN,NaN,NaN,NaN
1888.8,169.55,NaN,NaN,NaN,NaN,NaN,NaN
2120.3,188.55,2123,189.22,240.91,16.945,10.531,-2.548
2363.3,207.35,2364.5,205.15,248.3,13.122,9.106,-3.767
2614.6,229.96,2614.9,225.07,255.37,13.134,7.8827,-3.4761
2874.2,252.25,2873.6,247.42,262.11,15.305,6.8283,-2.3998
3140.8,273.55,3139.9,270.75,268.85,18.426,6.0912,-0.99674
3408.7,295.52,3409.8,294.57,273.66,21.461,5.1091,0.24243
3675.5,317.78,3679.1,318.25,275.06,23.627,3.4467,1.0121
3942.1,339.07,3946.5,340.72,273.28,24.309,1.2308,1.1631
4207.8,360.64,4211.2,362.26,268.86,23.813,-1.3646,0.8367
4472.8,380.3,4474.1,382.02,263.53,22.14,-3.7221,0.16134
4732,397.51,4732,399.01,256.35,19.032,-6.1386,-0.89556
4988,414.6,4986.3,414.93,249.5,16.172,-7.8298,-1.7053
5239.6,430.89,5236.8,430.29,243.45,14.066,-8.738,-2.11
5487,447.34,5483.5,446.01,238.07,13.241,-9.0848,-1.9898
5731.8,461.46,5727.8,460.58,234.73,12.493,-8.4793,-1.8043
5967.7,473.99,5965.6,473.69,230.48,11.653,-8.0309,-1.6203
6196,485.59,6195.7,485.28,224.82,10.4,-7.9166,-1.6145
6419.4,494.46,6419,494.74,218.33,8.8019,-8.0392,-1.6675
6634.7,500.5,6634.3,501.43,210.62,6.6118,-8.4857,-1.8476
6842.1,504.65,6841.8,505.46,202.5,3.8835,-8.902,-2.1743
7035.7,507.64,7037.2,507.67,192.19,1.2136,-9.7624,-2.4572
7216.1,508.23,7218.8,507.83,179.2,-1.3836,-11.196,-2.6691
7385.1,505.85,7387.1,505.36,164.68,-4.1973,-12.818,-2.9019
7542.9,500.5,7543,500.22,149.79,-6.9226,-14.253,-3.009
7690.7,492.87,7688.7,492.72,136.44,-9.3506,-14.873,-2.9489
7824,482.16,7821.9,482.24,123.25,-12.037,-15.199,-2.9568
7946.4,469.44,7943.6,469.3,111.03,-14.657,-15.047,-2.9417
8054.8,455.56,8052.7,454.75,98.86,-16.86,-14.778,-2.8294
8150.7,438.04,8149,437.6,86.699,-19.07,-14.46,-2.7037
8233.2,417.14,8232.5,417.23,74.835,-21.711,-13.952,-2.7115
8305.7,398.09,8304.8,396.79,63.731,-23.105,-13.263,-2.3875
8368.1,379.91,8366.5,377.66,53.072,-22.693,-12.616,-1.5757
8425.9,367.25,8421.9,363.4,44.981,-19.159,-11.4,0.011393
8475.8,352.71,8471.2,350.57,38.851,-15.268,-9.8434,1.4678
8518.1,340.41,8514.6,339.59,34.619,-11.301,-7.9009,2.6724
8554.6,329.78,8552.7,330.3,31.692,-7.5986,-5.8569,3.5535
8585.3,320.83,8585.2,322.46,28.964,-4.4876,-4.1429,4.0449
8610.1,309.44,8611.6,313.06,25.547,-3.6283,-3.0378,3.7195
8630.5,297.25,8632.4,301.53,21.376,-4.99,-2.5336,2.6742
8646.5,284.25,8648.4,287.94,16.973,-7.9281,-2.3367,1.2191
8659.1,270.18,8660.1,272.43,12.365,-11.856,-2.4303,-0.39277
8669.9,260.78,8669.7,259.38,8.8574,-13.881,-2.3032,-1.2571
8681.2,253.3,8679.6,249.93,7.4989,-13.161,-1.6472,-1.0839
8690,240.35,8688.8,239.23,7.4729,-12.598,-0.69216,-0.78219
8697.8,234.95,8697.5,232.55,8.0993,-9.8418,0.27558,0.14655
8698.8,224.23,8701.6,224.44,6.8708,-8.2798,0.53716,0.66574
8700.7,216.39,8703.2,216.76,4.7738,-7.1729,0.33304,0.91098
8712.2,205.75,8710.6,207.64,6.2878,-7.047,1.0439,0.87819
8715.8,200.52,8716.2,200.72,6.7962,-6.2759,1.3243,0.92925
8725,185.36,8724.3,188.17,8.4275,-9.0236,1.7852,-0.079463
8737.1,173.48,8735.8,174.59,11.412,-12.048,2.5035,-1.0974
8746.1,161.49,8747,161.1,13.444,-14.131,2.8381,-1.6508
8753.9,148.81,8756.7,147.66,13.924,-15.336,2.6459,-1.8001
8763.9,136.53,8766.6,134.96,14.05,-15.332,2.3235,-1.4886
8774.8,123.98,8776.9,122.7,13.899,-14.607,1.8921,-0.94172
8783.8,111.98,8785.9,110.67,12.425,-13.912,1.0513,-0.52962
8793.8,99.703,8794.4,98.87,10.437,-13.051,0.07756,-0.11184
8803,88.666,8802.8,88.398,8.678,-11.226,-0.6699,0.60699
8812.3,77.629,8811.4,77.628,7.6879,-10.447,-1.0081,0.78583
8822.3,72.633,8821.5,71.367,8.4433,-7.3387,-0.60143,1.6353
8831.1,66.956,8831,66.366,8.843,-4.7514,-0.33409,2.1247
8838.9,61.559,8839,62.053,7.9211,-2.7375,-0.59173,2.3551
8842.3,55.36,8844.2,56.687,6.4745,-2.5262,-0.79586,1.9189
8843.8,49.72,8845.7,51.826,3.1129,-1.9436,-1.6269,1.776
8843.6,45.6,8844.5,47.09,-0.88379,-2.1678,-2.5659,1.306
8843.5,41.48,8842.8,42.446,-3.5299,-2.7521,-2.8963,0.76096
8846.2,36.521,8843.4,37.259,-3.7576,-3.7951,-2.4353,0.15763
8847.3,33.082,8844.4,32.755,-3.2204,-4.4767,-1.7979,-0.26095
8848.1,28.682,8845.8,28.197,-2.0149,-5.0272,-1.0076,-0.53461
8848.2,25.522,8847.3,24.556,-0.40218,-4.8693,-0.13275,-0.51327
8848.3,22.362,8848.5,21.627,0.96115,-4.1251,0.53736,-0.24592
8848.4,19.202,8849.5,18.983,1.9641,-3.2685,0.97943,0.060025
8847.6,16.322,8849.3,16.523,1.9109,-2.4954,0.97024,0.31093
8847,14.401,8848.3,14.182,1.0324,-2.3069,0.6016,0.25171
8846.5,12.481,8847,12.275,-0.12848,-1.9572,0.12602,0.26479
8845.9,10.561,8845.6,10.532,-1.154,-1.6457,-0.27431,0.27678
8845.4,8.6409,8844.8,8.8893,-1.3635,-1.3354,-0.31147,0.31216
8844.5,5.7606,8844.2,6.4467,-1.1613,-1.627,-0.17026,0.16227
8844.2,4.8005,8844.1,4.7002,-0.50554,-1.6832,0.12037,0.063517
8843.7,2.8803,8843.9,2.8476,-0.069842,-1.8055,0.29146,-0.028099
8843.7,2.8803,8843.7,2.2764,0.0093889,-1.2058,0.26543,0.11515
8843.4,1.9202,8843.5,1.6283,0.1486,-0.86708,0.27351,0.15792
8843.1,0.9601,8843.3,1.0224,0.17374,-0.5335,0.23996,0.22206
8843.1,0.9601,8843.3,0.86635,0.23731,-0.15352,0.21909,0.27387
8843.1,0.9601,8843.2,0.99357,0.21896,0.25603,0.16565,0.33497
8843.1,0.9601,8843.2,1.196,0.16223,0.55696,0.1048,0.35979
8843.1,0.9601,8843.2,1.304,0.18175,0.62397,0.088149,0.30262
8843.1,0.9601,8843.2,1.2243,0.11879,0.40783,0.043065,0.14785
8843.1,0.9601,8843.2,1.0812,0.037509,0.12877,-0.0016169,-0.0055511
8843.1,0.9601,8843.1,0.93751,-0.032916,-0.113,-0.034799,-0.11947
8843.1,0.9601,8843.1,0.86221,-0.066159,-0.22713,-0.047303,-0.1624
8843.1,0.9601,8843.1,0.90864,-0.045408,-0.15589,-0.034327,-0.11785
8843.1,0.9601,8843.1,0.83648,-0.070756,-0.24291,-0.04196,-0.14405
8843.1,0.9601,8843.1,0.87382,-0.049609,-0.17031,-0.028784,-0.098816
8843.1,0.9601,8843.1,0.79443,-0.075725,-0.25997,-0.037406,-0.12842
8843.1,0.9601,8843.1,0.87036,-0.038766,-0.13309,-0.018279,-0.062752
8842.8,-1.5243e-13,8842.9,0.31407,-0.096343,-0.33075,-0.026504,-0.09099
8842.8,-1.5243e-13,8842.8,-0.044867,-0.12744,-0.43751,-0.032053,-0.11004
8842.8,-1.5243e-13,8842.8,-0.19673,-0.11515,-0.39532,-0.024299,-0.083422
8842.8,-1.5243e-13,8842.8,-0.21053,-0.078013,-0.26783,-0.0096665,-0.033186
8842.8,-1.5243e-13,8842.8,-0.14433,-0.031238,-0.10724,0.0066536,0.022842
8842.8,-1.5243e-13,8842.8,-0.045181,0.013295,0.045641,0.020699,0.071061
8842.8,-1.5243e-13,8842.9,0.050829,0.047032,0.16146,0.029738,0.10209
8842.8,-1.5243e-13,8842.9,0.1186,0.064748,0.22229,0.032269,0.11078
