0,0,NaN,NaN,NaN,NaN,NaN,NaN
69.723,-14.27,NaN,NaN,NaN,NaN,NaN,NaN
155.05,-29.825,NaN,NaN,NaN,NaN,NaN,NaN
257.01,-44.957,NaN,NaN,NaN,NaN,NaN,NaN
379.73,-58.657,NaN,NaN,NaN,NaN,NaN,NaN
518.42,-69.185,NaN,NaN,NaN,NaN,NaN,NaN
676.15,-77.245,NaN,NaN,NaN,NaN,NaN,NaN
855.54,-78.562,NaN,NaN,NaN,NaN,NaN,NaN
1057.4,-79.486,NaN,NaN,NaN,NaN,NaN,NaN
1281.4,-78.644,NaN,NaN,NaN,NaN,NaN,NaN
1522.2,-75.149,NaN,NaN,NaN,NaN,NaN,NaN
1779.1,-72.085,NaN,NaN,NaN,NaN,NaN,NaN
2055.6,-65.697,NaN,NaN,NaN,NaN,NaN,NaN
2349.8,-57.175,NaN,NaN,NaN,NaN,NaN,NaN
2660.2,-46.856,2663.7,-46.29,324.19,11.629,18.915,1.8931
2985.5,-31.471,2988.2,-33.015,337.46,13.18,17.062,1.5723
3320.2,-15.967,3323.7,-17.268,348.11,15.377,14.804,1.5865
3661.2,0.36087,3666,0.030894,355.06,17.627,11.928,1.7144
4007.1,20.778,4012.3,20.444,358.06,20.643,8.4521,2.1013
4354.8,42.386,4360.3,42.739,357.91,23.415,4.8364,2.3766
4704.1,66.558,4708.5,67.098,355.11,25.919,1.2129,2.5075
5049.6,88.349,5053.1,90.054,348.9,26.093,-2.647,1.8635
5390.3,106.05,5392.2,109.39,339.78,23.777,-6.5422,0.62597
5724.3,118.47,5724.2,122.84,328.8,18.438,-10.091,-1.2904
6048.7,128.54,6047.7,131.65,316.97,11.683,-12.884,-3.3265
6367,136.42,6364.1,137.36,306.15,5.2682,-14.506,-4.8776
6680.3,147.41,6675,144.25,297.17,1.5191,-14.992,-5.3844
6983.9,156.05,6978.4,151.47,289.05,-0.12676,-14.8,-5.0627
7276.1,163.38,7271.9,158.86,280.47,-0.075585,-14.474,-4.133
7557.3,171.63,7554.3,167.35,270.95,1.5848,-14.247,-2.7719
7822.6,178.94,7822.2,176.53,259.23,4.4348,-14.459,-1.1055
8070.7,188.57,8072.8,187.44,244.37,8.2445,-15.372,0.63605
8304.5,199.82,8306.5,199.68,227.42,11.805,-16.672,1.9404
8518.4,209.12,8520.6,210.78,207.65,13.536,-18.522,2.3909
8715.8,214.39,8716.1,217.76,186.52,11.902,-20.449,1.6189
8890.9,215.67,8890.6,219.81,164,7.5838,-22.326,0.09279
9041.7,215.37,9041.6,218.46,139.7,2.3793,-24.204,-1.4954
9169.8,212.44,9169.4,214.22,114.84,-2.7797,-25.691,-2.7916
9274.9,208.27,9274,208.2,90.241,-7.1848,-26.585,-3.6422
9360.4,200.78,9357.7,199.76,66.808,-11.098,-26.843,-4.1578
9427.8,190.29,9422.5,188.5,45.566,-14.908,-26.321,-4.543
9478.5,179.38,9471.3,176.74,27.745,-16.837,-24.737,-4.1882
9515.8,169.58,9507.3,166.26,14.164,-16.374,-22.039,-3.0743
9539.1,157.79,9531.2,155.57,3.8886,-15.072,-18.703,-1.8017
9551,150.52,9544.9,148.01,-3.1475,-11.665,-14.851,-0.095554
9551.9,150,9548.5,146.28,-8.4285,-5.9084,-11.095,1.9151
9553.3,150.34,9549.1,147.95,-10.075,0.04828,-7.1162,3.5769
9553.3,150.34,9549.1,150.75,-8.2761,4.8563,-3.0137,4.6031
9555,149.3,9550.8,152.7,-3.884,7.5559,0.8257,4.8166
9555,149.3,9553.4,153.94,1.5458,8.3758,4.0952,4.3439
9553.9,147.59,9555.8,152.72,6.6073,6.5595,6.4928,3.0182
9546.4,148.66,9553.2,151.63,8.0687,4.1673,7.1994,1.5677
9531.8,151.65,9542.6,151.9,4.5978,2.2208,6.0678,0.35727
9507.7,158.13,9520.5,155.79,-4.8832,2.3749,3.0177,-0.043048
9479.6,160,9489.5,158.93,-17.471,2.2848,-0.81885,-0.31293
9450.8,164.61,9454.6,163.45,-29.426,3.1169,-4.15,-0.17325
9418.2,166.85,9416.7,167.18,-39.391,3.6181,-6.473,-0.028323
9385.3,170.46,9379.7,171.42,-44.832,4.5966,-6.9731,0.33914
9355.8,171.99,9347.5,173.73,-43.975,3.9683,-5.2894,0.12291
9328.5,173.34,9321,174.35,-37.727,1.9613,-1.9642,-0.59945
9306.3,175.17,9300.6,174.84,-28.424,0.20846,1.8208,-1.168
9289.7,180.58,9286.7,178.13,-17.326,0.46742,5.5277,-1.0489
9271.5,177.59,9273.6,177.76,-9.0491,-0.8031,7.6734,-1.2595
9262.7,180.55,9265.5,179.34,-1.5877,-0.44387,8.933,-0.93149
9259.6,181.26,9262.3,180.9,4.5549,0.31971,9.2497,-0.43958
9257.4,181.44,9261.3,181.67,8.4604,0.52468,8.6459,-0.20465
9255,179.4,9260.3,180.36,9.5996,-0.48967,7.191,-0.39792
9251.1,180.62,9257.5,180.02,8.057,-0.95472,5.1355,-0.48786
9248,181.32,9253.2,180.6,4.5765,-0.46602,2.726,-0.22151
9247.1,181.84,9249.4,181.15,0.92597,-0.18725,0.56015,-0.095717
9247.1,181.84,9247.1,181.67,-1.4845,0.22619,-0.82557,0.092881
9247.1,181.84,9245.7,181.93,-2.8654,0.37547,-1.582,0.15956
9247.1,181.84,9245,182.25,-3.4799,0.67914,-1.8844,0.29229
9247.1,181.84,9245.1,182.38,-3.1866,0.758,-1.721,0.31969
9247.1,181.84,9245.5,182.21,-2.4784,0.45453,-1.3542,0.17959
9247.1,181.84,9246.2,181.76,-1.4815,-0.18573,-0.86289,-0.098637
9247.1,181.84,9247.3,181.99,0.032351,0.16247,-0.16144,0.070411
9247.1,181.84,9247.4,181.64,0.16733,-0.29575,-0.09378,-0.12783
9247.1,181.84,9247,181.59,-0.44541,-0.32718,-0.34485,-0.12968
9247.1,181.84,9246.6,181.72,-0.93488,-0.12625,-0.52044,-0.033715
9247.1,181.84,9246.5,182.01,-0.99199,0.28573,-0.49776,0.14585
9246.3,182.36,9246.2,182.3,-0.83478,0.34487,-0.34097,0.13064
9244.9,182.02,9245.2,182.21,-0.98123,0.19293,-0.28402,0.061631
9243,180.83,9243.4,181.31,-1.6301,-0.34918,-0.41112,-0.10615
9239.4,180.68,9240,180.72,-2.9077,-0.58806,-0.70727,-0.16203
9232.5,179,9233.8,179.31,-5.2661,-1.1729,-1.2555,-0.30378
9219.8,177.36,9222.3,177.5,-9.6295,-1.7883,-2.2734,-0.43307
9200.8,174.89,9203.9,175.02,-16.186,-2.5382,-3.7447,-0.57574
9184,172.24,9184,172.16,-21.505,-3.2089,-4.648,-0.66792
9164.4,168.91,9162.5,168.78,-25.556,-3.8518,-5.0013,-0.72604
9143.4,165.25,9140.3,165.02,-27.957,-4.3706,-4.7432,-0.72646
9122,160.74,9118.2,160.63,-28.491,-4.9153,-3.8859,-0.71829
9102.8,156.04,9098.4,155.87,-26.523,-5.3374,-2.3517,-0.66627
9083.9,149.97,9080.5,150.11,-23.038,-6.0112,-0.54005,-0.68474
9068,143.19,9065.7,143.4,-18.165,-6.8755,1.4087,-0.7572
9051.4,136.94,9051.6,136.62,-13.869,-7.4519,2.8681,-0.75138
9036.6,131.88,9038.2,130.89,-10.571,-7.1152,3.6869,-0.47367
9022.2,125.44,9024.7,124.94,-8.9858,-6.7645,3.7011,-0.21462
9009.3,121.56,9011.5,120.47,-8.5597,-5.6963,3.1954,0.18234
8997.2,117.17,8998.9,116.64,-8.7047,-4.3868,2.4923,0.61253
8987.4,112.59,8988.2,112.79,-8.1969,-3.4264,2.0735,0.86628
8980.7,107.31,8980.6,108.31,-6.4945,-3.1068,2.0778,0.88558
8970.8,106.34,8971.7,106.14,-6.5202,-1.899,1.5274,1.0984
8968.4,104.29,8967.3,104.43,-4.4907,-0.94266,1.6606,1.1816
8965.1,102.77,8964.7,103.09,-2.2195,-0.30337,1.8971,1.1289
8958.7,96.111,8960.5,98.344,-1.595,-1.8106,1.6713,0.471
8956,95.44,8957.2,95.569,-1.2246,-2.2049,1.3552,0.18065
8952.4,95.288,8953.6,94.521,-1.5095,-1.6284,0.88328,0.22964
8948.8,95.136,8949.6,94.427,-2.5171,-0.69114,0.22727,0.40249
8945.5,93.61,8945.7,93.742,-3.3412,-0.36694,-0.24524,0.38726
8940.3,90.894,8940.6,91.754,-4.7715,-0.92138,-0.80049,0.12462
8938.4,89.704,8937.3,90.145,-4.8883,-1.1504,-0.855,0.010945
8936.5,88.514,8935,88.515,-4.2506,-1.5357,-0.63167,-0.16755
8935.2,88.178,8933.9,87.728,-3.0034,-1.3256,-0.20336,-0.12261
8933.3,86.988,8932.8,86.876,-1.9694,-1.109,0.12813,-0.0494
8932.8,86.133,8932.4,86.119,-0.81921,-0.8814,0.44512,0.024637
8930.9,84.943,8931.7,84.778,0.035164,-1.3279,0.69241,-0.17708
8929.8,83.234,8930.4,83.176,-0.31256,-1.6996,0.41203,-0.29084
8928.8,81.524,8929.2,81.526,-0.55521,-1.857,0.21866,-0.28748
8926.9,80.334,8927.6,80.571,-0.85275,-1.2063,0.083134,0.040367
8925,79.144,8925.3,79.115,-1.7862,-1.3907,-0.28417,-0.036011
8922.6,77.099,8922.6,77.095,-2.6551,-1.9106,-0.55658,-0.21568
8920.2,75.054,8919.9,74.888,-3.2826,-2.3795,-0.69736,-0.34805
8917.8,73.009,8917.3,72.825,-3.5125,-2.4624,-0.66701,-0.30594
8915.4,70.964,8915,70.899,-3.2202,-2.2757,-0.43152,-0.15969
8912.9,68.919,8912.5,68.855,-3.1469,-2.2303,-0.32904,-0.09716
8908.3,67.058,8908.7,66.935,-3.6774,-2.1138,-0.39131,-0.028981
8905,65.532,8905,65.254,-3.947,-1.9438,-0.37609,0.026126
8902.1,62.633,8901.8,62.895,-3.8089,-2.1009,-0.24036,-0.0033143
8898.8,61.107,8898.5,60.985,-3.7259,-2.0182,-0.15768,0.02523
8896.9,59.917,8896.3,59.636,-2.9644,-1.6304,0.1234,0.14121
8893.2,57.536,8893.3,57.8,-2.8526,-1.5483,0.16559,0.16568
8889.4,55.156,8889.8,55.573,-3.0381,-1.7363,0.10992,0.098654
8884.9,49.692,8885.5,50.981,-3.5135,-3.188,-0.014975,-0.33169
8883,48.502,8882.6,48.027,-3.2303,-3.4882,0.072354,-0.39776
8879.5,44.748,8879.5,44.539,-3.1071,-3.8644,0.10692,-0.44835
8875.2,41.512,8875.6,41.12,-3.4596,-4.0254,-0.006514,-0.42107
8873.2,38.094,8872.7,37.706,-3.253,-4.0347,0.034852,-0.34107
8869.7,34.339,8869.6,34.126,-3.2508,-4.0136,0.014457,-0.25034
8866.8,31.44,8866.6,31.056,-3.0851,-3.6444,0.05642,-0.068914
8863.8,28.54,8864,28.267,-2.6397,-3.1618,0.21603,0.11902
8860.9,25.641,8861.2,25.602,-2.5007,-2.7063,0.23562,0.26996
8858.8,22.222,8858.8,22.67,-2.2459,-2.447,0.26459,0.35391
8856.8,18.803,8856.7,19.268,-2.0057,-2.6975,0.27396,0.22854
8853.6,13.675,8853.9,14.487,-2.3318,-3.7242,0.098495,-0.12163
8849.5,6.8375,8850.2,7.9512,-2.9288,-5.3854,-0.089216,-0.58891
8845.3,8.491e-13,8846,0.56032,-3.6839,-7.0298,-0.29325,-0.97988
