0,0,NaN,NaN,NaN,NaN,NaN,NaN
31.872,6.0986,NaN,NaN,NaN,NaN,NaN,NaN
67.998,13.576,NaN,NaN,NaN,NaN,NaN,NaN
106.25,21.743,NaN,NaN,NaN,NaN,NaN,NaN
146.63,30.599,NaN,NaN,NaN,NaN,NaN,NaN
190.56,41.547,NaN,NaN,NaN,NaN,NaN,NaN
236.62,53.185,NaN,NaN,NaN,NaN,NaN,NaN
284.11,66.225,NaN,NaN,NaN,NaN,NaN,NaN
335.85,80.643,NaN,NaN,NaN,NaN,NaN,NaN
388.32,97.177,NaN,NaN,NaN,NaN,NaN,NaN
444.32,114.39,NaN,NaN,NaN,NaN,NaN,NaN
502.47,133.7,NaN,NaN,NaN,NaN,NaN,NaN
561.31,150.89,NaN,NaN,NaN,NaN,NaN,NaN
622.27,168.77,NaN,NaN,NaN,NaN,NaN,NaN
684.64,186.64,685.06,187.86,63.75,19.488,1.6492,0.42071
746.31,203.8,747.39,204.74,64.208,18.186,1.2349,-0.20045
811.51,221.64,811.52,221.66,64.853,17.021,0.9074,-0.68923
878.82,237.35,878.02,237.4,66.184,15.55,0.84997,-1.1463
948.97,254.44,947.52,253.61,68.428,14.805,1.093,-1.2847
1022.6,269.38,1020.7,268.79,71.649,13.9,1.5944,-1.3997
1094.9,282.92,1094.6,282.75,74.238,12.92,1.9036,-1.4479
1168.5,295.04,1169.3,295.21,76.259,11.702,2.0374,-1.5123
1240.7,305.75,1242.8,306.05,76.515,10.207,1.6178,-1.6242
1315.1,315.74,1316.8,315.65,76.437,8.6283,1.1511,-1.7533
1390.1,325.01,1391,324.42,75.846,7.2902,0.54324,-1.7904
1467.3,336.39,1466.7,334.42,75.75,7.1697,0.14336,-1.4891
1545.9,347.76,1544.4,345.73,76.478,8.3336,0.070116,-0.79223
1625.2,361.24,1623.6,359.11,77.665,10.618,0.18077,0.13293
1701.7,378.99,1701.7,376.48,78.099,14.645,0.15462,1.4197
1778.9,397.44,1779.7,396.28,78.518,19.006,0.22166,2.6117
1856.9,416.59,1857.6,417.17,78.604,22.555,0.17046,3.3408
1934.8,432.91,1935.4,436.16,78.379,23.779,0.020337,3.2503
2015.5,446.38,2014.8,451.18,78.685,21.721,-0.017869,2.0951
2096.9,460.55,2095.4,464.33,79.324,18.457,0.0052655,0.66554
2177,473.32,2176.2,475.56,80.014,14.444,0.11588,-0.836
2257.7,488.2,2257.3,487.59,80.736,11.617,0.25404,-1.7943
2336.3,502.4,2337.3,500.28,80.88,10.052,0.28507,-2.1797
2414.9,513.76,2416.3,512,80.295,8.9109,0.086193,-2.2566
2490.6,525.16,2492.7,523.62,78.4,8.6884,-0.47188,-1.9246
2563.6,535.15,2565.6,534.41,74.909,8.6635,-1.4606,-1.4964
2637.2,543.03,2637.3,543.57,71.554,8.3959,-2.3104,-1.1142
2710.8,549.48,2709.1,550.63,69.309,7.2975,-2.6919,-1.05
2785.1,555.23,2782.4,555.86,69.117,5.3707,-2.3044,-1.3395
2860.1,560.26,2857.1,559.99,70.429,3.4008,-1.4601,-1.6522
2936.5,563.87,2933.9,562.98,73.075,1.5333,-0.28579,-1.9036
3012.2,566.77,3011.3,565.64,75.789,0.57879,0.78087,-1.7753
3088.5,568.97,3088.8,568.08,77.847,0.42883,1.4416,-1.3508
3164.2,570.46,3165.6,569.94,78.849,0.4278,1.6435,-0.93363
3237.1,571.97,3239.9,571.69,77.989,0.75058,1.2288,-0.47678
3309.2,571.37,3311.9,571.73,75.582,0.13807,0.31781,-0.41812
3379.2,571.49,3381.3,571.55,72.161,-0.30109,-0.8031,-0.34802
3449.9,569.49,3450,570.09,69.012,-1.0564,-1.7323,-0.36929
3521.3,566.77,3519.7,567.33,67.464,-2.282,-2.003,-0.56846
3592.7,562.64,3590.4,563.18,67.486,-3.7808,-1.6762,-0.8263
3663.4,559.23,3661.5,559.04,68.144,-4.6656,-1.1467,-0.86623
3732.6,555.82,3731.9,555.15,68.83,-4.9646,-0.61482,-0.72965
3799.1,552.44,3800.1,551.56,68.465,-4.8176,-0.42981,-0.48643
3862.7,549.08,3864.9,548.3,66.595,-4.3188,-0.71785,-0.17153
3924.2,546.45,3926.4,545.81,63.434,-3.3163,-1.3955,0.25528
3984.3,543.82,3985.5,543.68,59.872,-2.2719,-2.1324,0.62695
4043.7,543.33,4043.2,543.03,56.564,-0.73077,-2.7409,1.0593
4101.6,542.85,4100,543.01,54.061,0.6367,-3.0038,1.3462
4159.6,543.78,4157.2,543.99,53.209,1.9148,-2.6579,1.512
4218.3,545.41,4215.6,545.85,54.036,3.1171,-1.7984,1.6077
4279.9,547.02,4277,547.75,57.077,3.6137,-0.34666,1.4273
4341.4,548.63,4339.8,549.64,60.564,3.7528,1.0262,1.1691
4404.4,550.22,4404,551.3,63.937,3.4574,2.1105,0.81031
4469.4,551.1,4469.8,552.28,67.048,2.6855,2.8632,0.37157
4533.8,552.68,4535.4,553.19,68.811,1.782,3.0124,-0.069728
4599.5,552.84,4601.4,553.22,69.664,0.54142,2.7672,-0.53225
4666,555.12,4667.8,554.33,69.923,0.1755,2.3139,-0.65971
4731.8,558.1,4733.7,556.74,69.328,0.71549,1.6373,-0.4677
4799,561.08,4800.1,559.94,68.642,1.6961,0.99441,-0.13216
4860.6,571.17,4862.9,568.34,65.963,5.2737,-0.11324,0.91523
4922.9,580.55,4924.3,578.87,62.997,9.0422,-1.132,1.8734
4986,590.64,4985.8,590.63,60.96,12.397,-1.6823,2.5849
5050.4,599.29,5048.7,601.35,60.414,13.911,-1.6678,2.6208
5120.4,602.24,5116.4,607.03,62.837,11.826,-0.76383,1.5709
5191.1,603.07,5187.4,608.1,66.6,7.1931,0.43688,-0.13201
5261.1,603.19,5259.6,606.23,70.414,1.6612,1.5627,-1.9178
5330.4,601.2,5331.3,601.93,72.997,-3.9117,2.1823,-3.4687
5401.1,597.78,5403.1,596.25,74.546,-8.4554,2.3559,-4.433
5471.8,594.37,5474.4,590.82,75.053,-10.999,2.1506,-4.5701
5544.6,588.81,5546.3,585.22,74.948,-11.748,1.6714,-3.9708
5619.5,583.94,5619.7,580.5,74.911,-10.73,1.1726,-2.8131
5697.9,579.75,5696.3,577.22,76.022,-8.093,1.0222,-1.2314
5781.3,573.4,5777.9,573.18,79.15,-5.766,1.4648,0.08027
5867.5,564.2,5864.7,565.86,84.494,-5.9206,2.6465,0.33712
5957.2,552.84,5955.9,555.4,90.595,-7.747,3.9282,-0.010939
6049.1,539.35,6049.8,541.63,96.211,-11.147,4.8955,-0.88982
6141.6,525.14,6144.5,526.04,99.826,-14.655,5.0675,-1.732
6235.5,509.51,6239,509.42,100.85,-17.332,4.2705,-2.1568
6330.8,492.45,6333.8,491.65,100.48,-19.495,3.0776,-2.3487
6425.4,474.69,6428,473.24,98.857,-20.936,1.6643,-2.2797
6520.7,456.22,6522.1,454.66,96.877,-21.402,0.35977,-1.8722
6614.6,440.59,6615.3,438.24,94.407,-19.973,-0.85412,-0.94087
6705,425.69,6705.9,423.66,91.231,-17.43,-1.9684,0.19253
6794,413.64,6794.4,412.01,87.926,-13.605,-2.8459,1.5368
6880.2,403.02,6880.4,402.34,84.536,-9.8368,-3.495,2.5851
6962.2,393.85,6962.5,394.11,80.468,-6.6825,-4.1482,3.1943
7044.1,384.68,7042.9,386.29,77.048,-4.5619,-4.476,3.3505
7123.2,375.54,7121.4,378.15,74.255,-3.6944,-4.4896,3.0585
7203.1,367.1,7200,369.78,73.009,-3.8652,-3.9987,2.4277
7284.3,357.23,7280.3,359.98,73.961,-5.4184,-2.8702,1.4256
7364.9,349.48,7361.7,350.59,76.215,-7.0326,-1.4424,0.47738
7446.8,341.73,7444.6,341.63,79.365,-8.3342,0.055434,-0.241
7529.5,336.09,7528.6,334.63,82.625,-8.3231,1.3338,-0.42611
7609.4,333.3,7611,330.86,84.286,-6.4527,1.9194,0.031001
7690,329.8,7692.3,328.43,84.531,-4.0774,1.8735,0.6705
7770.6,329.13,7772.7,328.14,83.842,-1.2522,1.4481,1.3589
7849.8,327.06,7851.8,327.81,82.236,0.74812,0.74975,1.7379
7928.9,324.99,7930,326.73,80.166,1.4006,-0.061846,1.6203
8006,323.64,8006.7,325.34,77.775,1.1999,-0.8407,1.2105
8081.7,323.71,8082.1,324.5,75.556,0.78329,-1.3908,0.73054
8156.6,325.92,8156.4,325.41,73.583,1.0303,-1.76,0.48603
8228.8,328.14,8229,327.32,71.707,1.5387,-1.9482,0.36672
8299.5,328.97,8299.6,328.82,69.685,1.6145,-2.1245,0.18424
8368.1,329.1,8368.1,329.7,67.413,1.4507,-2.3327,0.038264
8434.6,327.14,8434.5,328.55,65.117,0.1851,-2.4799,-0.38218
8500.3,323.05,8499.6,324.95,63.066,-2.002,-2.5454,-0.96968
8563.9,316.87,8563,318.5,61.233,-5.2356,-2.513,-1.7932
8624.6,309.29,8624.3,309.78,59.571,-8.8794,-2.3533,-2.6413
8684,301.72,8683.7,300.58,57.825,-11.516,-2.2421,-3.0347
8740.4,291.35,8740.6,289.67,55.715,-13.962,-2.2462,-3.2788
8796.9,282.4,8796.5,279.73,54.211,-14.424,-2.0738,-2.798
8850.6,273.46,8850.3,270.84,52.496,-13.353,-1.9977,-1.8435
8900.8,266.68,8901.2,264.14,50.253,-10.71,-2.0618,-0.52475
8949.5,259.91,8949.8,258.51,47.87,-7.7843,-2.1685,0.67992
8998.2,251.73,8997.6,252.11,46.106,-5.9824,-2.1087,1.3285
9041.3,245,9041.8,245.95,43.579,-4.6671,-2.2363,1.667
9080.8,237.6,9081.9,239.22,40.138,-4.2509,-2.6018,1.6262
9116.8,230.94,9118.1,232.33,36.071,-4.4555,-3.0831,1.3179
9143,228.6,9146,228.23,29.416,-3.5084,-4.2082,1.3132
9165.6,227,9167.6,226.18,21.8,-1.9664,-5.4678,1.4571
9184.7,226.13,9184.8,225.61,14.717,-0.21758,-6.3664,1.6441
9197.4,226.03,9196.6,226.08,7.9919,1.4084,-6.9499,1.7727
9201,226.7,9200.7,227.3,0.42806,2.7313,-7.5918,1.792
9203.8,226.68,9201.6,228.34,-5.2461,3.4753,-7.515,1.6816
9205.9,227.37,9201.6,229.1,-8.2558,3.3781,-6.6367,1.2909
9210.9,228.03,9204.7,229.47,-6.9846,2.6296,-4.5628,0.72657
9213.7,228.01,9209,228.9,-3.5558,1.0401,-2.0735,-0.057765
9214.4,228.71,9212.5,228.54,-0.20177,-0.2439,0.015248,-0.63114
9214.4,228.71,9214.8,228.18,2.1678,-1.0905,1.3952,-0.9236
9214.4,228.71,9216.3,227.9,3.8874,-1.5576,2.2804,-1.0121
9214.4,228.71,9217,228.01,4.4154,-1.3327,2.4984,-0.79388
9214.4,228.71,9216.8,228.27,3.9526,-0.87053,2.2116,-0.49722
9213.7,229.43,9216,228.78,3.1135,-0.48148,1.7826,-0.30417
9203.8,228.09,9208.2,228.26,-1.7249,-0.61976,0.1423,-0.26741
9188.2,222.57,9192.9,224.29,-9.6335,-2.4623,-2.2199,-0.70766
9167.7,223.44,9171.3,222.7,-18.48,-2.6477,-4.4464,-0.65372
9149.3,220.77,9149.1,220.34,-24.371,-3.0895,-5.363,-0.67219
9130.9,216.68,9127.5,216.76,-27.572,-3.857,-5.3234,-0.75089
9111,212.6,9106.3,212.53,-28.585,-4.6778,-4.5775,-0.83685
9091.2,207.11,9086.1,207.2,-27.826,-5.6709,-3.3797,-0.94163
9070.6,200.92,9066.8,201.01,-25.333,-6.6257,-1.7081,-0.99753
9051.5,196.13,9049.3,195.39,-21.378,-6.8833,0.23949,-0.85456
9032.4,191.34,9032.5,190.39,-17.463,-6.4756,1.8898,-0.51971
9013.9,187.25,9015.7,186.23,-14.533,-5.5365,2.8933,-0.079236
8995.5,183.16,8998.2,182.52,-13.408,-4.4941,3.0192,0.31969
8977.8,178.36,8980,178.43,-13.937,-3.8977,2.4,0.51485
8960.1,173.55,8961.3,174,-15.431,-3.7104,1.427,0.53553
8943.1,168.04,8943.6,169.07,-15.992,-3.718,0.92546,0.52472
8927.5,162.51,8927.4,163.81,-15.492,-3.8465,0.86311,0.49117
8914.7,154.13,8914.1,155.61,-13.616,-6.1098,1.2496,-0.30253
8899.8,150.72,8900.1,149.88,-12.858,-6.4801,1.2083,-0.43226
8889.8,142.32,8889.1,142.36,-11.099,-7.5494,1.4254,-0.70311
8879.9,133.92,8879.6,133.91,-9.1274,-8.7215,1.6917,-0.94376
8870.6,126.21,8871,125.76,-7.4346,-9.1434,1.8377,-0.88386
8860.7,120.64,8862,119.36,-6.6339,-8.2777,1.7072,-0.43635
8851.4,114.35,8852.9,113.39,-6.6812,-7.2698,1.3001,-0.013257
8844.3,108.76,8844.9,108.13,-6.5625,-6.034,0.96522,0.41785
8837.2,101.74,8837.4,102.12,-6.6105,-5.524,0.6116,0.56387
8830.8,96.847,8830.6,96.964,-6.5112,-4.7837,0.36217,0.72522
8825.1,91.237,8824.6,91.751,-6.1747,-4.3487,0.23859,0.7614
8819.3,85.628,8819.1,86.306,-5.6894,-4.3267,0.22601,0.64283
8814.4,80.719,8814.2,81.147,-5.0465,-4.321,0.29373,0.51479
8812.2,78.616,8811.4,77.968,-3.609,-3.457,0.58034,0.62248
8810.8,77.214,8810,76.447,-1.9499,-1.9698,0.88512,0.91009
8804.4,70.903,8806.1,71.915,-1.9741,-2.8301,0.73646,0.42658
8802.9,69.5,8803.3,69.569,-1.9929,-2.1494,0.50174,0.53181
8800.8,67.397,8800.9,67.659,-1.9716,-1.4828,0.3151,0.62435
8796.5,63.19,8797.2,64.318,-2.7382,-1.9155,-0.052296,0.37383
8795.1,61.787,8794.9,61.811,-2.6603,-2.1396,-0.10129,0.15833
8792.3,58.983,8792.2,59.054,-2.8042,-2.5,-0.19313,-0.04984
8789.4,56.178,8789.2,56.112,-3.1733,-2.9355,-0.3452,-0.24356
8785.8,52.672,8785.8,52.786,-3.6083,-3.3543,-0.45929,-0.36002
8783,49.867,8782.7,49.559,-3.7395,-3.6777,-0.45095,-0.4435
8778.7,45.66,8778.8,45.753,-4.0937,-4.026,-0.47706,-0.46917
8777.3,44.258,8776.5,43.508,-3.4177,-3.3612,-0.19058,-0.18744
8772.3,39.349,8772.6,39.699,-3.7018,-3.6406,-0.21429,-0.21075
8770.2,37.246,8769.6,36.656,-3.7013,-3.6402,-0.21376,-0.21022
8764.4,31.636,8764.8,31.996,-4.4502,-4.3766,-0.39608,-0.38954
8762.3,29.533,8761.9,29.161,-3.6885,-3.6275,-0.046356,-0.04559
8759.4,25.314,8759,25.287,-3.4339,-3.8603,0.024168,-0.10916
8753.7,19.704,8754.4,20.26,-3.9573,-4.531,-0.10391,-0.26294
8753,17.589,8752.3,17.035,-2.9712,-3.9828,0.22325,-0.035228
8750.9,14.071,8750.3,13.611,-2.3454,-3.8202,0.35119,0.0032322
8749.4,11.254,8749.1,10.809,-1.4311,-3.2639,0.56483,0.17332
8747.3,9.1508,8747.6,8.7362,-0.91833,-2.4444,0.63442,0.39664
8745.2,7.0473,8745.9,7.0313,-0.73259,-1.61,0.60007,0.60232
8745.1,5.6331,8745.2,5.7662,-0.23304,-0.86889,0.62346,0.73077
8744.4,4.9319,8744.7,5.1681,0.12485,-0.046758,0.60246,0.8586
8743.7,4.2307,8743.9,4.5205,-0.090614,0.20065,0.36379,0.74073
8743.7,4.2307,8743.8,4.582,0.17583,0.76341,0.34471,0.76338
8743.7,4.2307,8743.7,4.5324,0.11421,0.78064,0.19612,0.57022
8744.4,3.5177,8744.4,4.2281,0.63574,0.68448,0.29441,0.4164
8744.4,3.5177,8744.5,3.7416,0.47648,0.14489,0.13516,0.092579
8744.4,3.5177,8744.6,3.6022,0.42104,0.0099216,0.067717,-0.016461
8744.4,3.5177,8744.9,3.6076,0.54812,0.028287,0.10922,-0.036564
8743.7,2.8165,8744,2.8839,-0.27197,-0.56394,-0.21002,-0.27074
8743.7,2.8165,8743.6,2.5911,-0.64958,-0.66917,-0.33035,-0.29142
8743.7,2.8165,8743.3,2.4713,-0.81967,-0.63369,-0.36639,-0.25963
8743.7,2.8165,8743.3,2.4832,-0.642,-0.49203,-0.25993,-0.18973
8743.7,2.8165,8743.4,2.6229,-0.36958,-0.23418,-0.12744,-0.07648
8743.7,2.8165,8743.5,2.7546,-0.27914,-0.034539,-0.087604,0.0038788
8743.7,2.8165,8743.6,2.8373,-0.02763,0.070249,0.01855,0.039575
8743.7,2.8165,8743.8,2.8955,0.19679,0.13009,0.10648,0.056288
8743.7,2.8165,8743.9,2.8653,0.25722,0.067607,0.11939,0.021492
8743.7,2.8165,8743.9,2.8404,0.21919,0.021147,0.091597,-0.0015884
8743.7,2.8165,8743.8,2.8649,0.049523,0.048704,0.010843,0.010664
8743.7,2.8165,8743.7,2.809,-0.032248,-0.031716,-0.024618,-0.024212
8743.7,2.8165,8743.6,2.7611,-0.094225,-0.092668,-0.048763,-0.047957
8743.7,2.8165,8743.6,2.751,-0.09883,-0.097197,-0.0466,-0.045829
8743.7,2.8165,8743.7,2.8165,0,-3.3307e-16,-3.4106e-13,-1.1102e-16
8743.7,2.8165,8743.7,2.8165,0,-3.3307e-16,-3.4106e-13,-1.1102e-16
8743.7,2.8165,8743.7,2.8165,0,-3.3307e-16,-3.4106e-13,-1.1102e-16
8743.7,2.8165,8743.7,2.8165,0,-3.3307e-16,-3.4106e-13,-1.1102e-16
8743,2.1154,8743.2,2.3447,-0.24562,-0.24156,-0.067569,-0.066453
8743,2.1154,8743,2.0826,-0.32489,-0.31952,-0.081716,-0.080365
8743,2.1154,8742.8,1.9717,-0.29356,-0.28871,-0.061949,-0.060926
8743,2.1154,8742.8,1.9616,-0.19889,-0.1956,-0.024644,-0.024237
8742.3,1.4142,8742.4,1.5381,-0.32526,-0.31988,-0.050607,-0.04977
8742.3,1.4142,8742.2,1.3484,-0.291,-0.28619,-0.028945,-0.028467
8741.6,0.71297,8741.7,0.8358,-0.41928,-0.41235,-0.053705,-0.052817
8741.6,0.71297,8741.5,0.61306,-0.35871,-0.35278,-0.024094,-0.023695
8741.6,0.71297,8741.4,0.56907,-0.20865,-0.2052,0.026449,0.026012
8742.3,-1.1016e-12,8741.9,0.13699,0.19856,-0.28791,0.14035,0.0051031
