0,0,NaN,NaN,NaN,NaN,NaN,NaN
59.71,-21.901,NaN,NaN,NaN,NaN,NaN,NaN
130.15,-44.789,NaN,NaN,NaN,NaN,NaN,NaN
214.47,-68.767,NaN,NaN,NaN,NaN,NaN,NaN
310.47,-93.446,NaN,NaN,NaN,NaN,NaN,NaN
417.98,-114.71,NaN,NaN,NaN,NaN,NaN,NaN
538.8,-135.14,NaN,NaN,NaN,NaN,NaN,NaN
672.09,-151.88,NaN,NaN,NaN,NaN,NaN,NaN
821.77,-160.61,NaN,NaN,NaN,NaN,NaN,NaN
984.21,-166.59,NaN,NaN,NaN,NaN,NaN,NaN
1160.1,-168.59,NaN,NaN,NaN,NaN,NaN,NaN
1345.2,-166.78,NaN,NaN,NaN,NaN,NaN,NaN
1538.8,-168.74,NaN,NaN,NaN,NaN,NaN,NaN
1743.6,-166.31,NaN,NaN,NaN,NaN,NaN,NaN
1958,-161.04,1960.8,-157.31,222.86,10.95,10.67,3.9834
2181.9,-152.91,2183.4,-151.37,229.86,10.358,9.2562,2.59
2410.1,-141.45,2411.8,-142.12,235.2,10.667,7.6474,1.6456
2644.7,-127.04,2645.8,-129,239.27,12.41,5.9679,1.335
2885.7,-109.67,2885.8,-111.87,243.29,15.608,4.6653,1.621
3128.7,-91.732,3129.4,-92.666,246.39,18.829,3.4875,1.9795
3377.4,-72.086,3377.4,-71.55,249.49,22.095,2.6406,2.4228
3626.4,-53.399,3627.1,-51.033,251.37,23.655,1.7258,2.3236
3876.6,-35.385,3877.3,-32.435,251.55,22.751,0.52226,1.4197
4127.1,-18.33,4127.5,-15.727,250.63,20.287,-0.71883,0.15239
4379.3,0.25275,4378.4,0.76611,249.52,17.588,-1.7302,-1.0597
4628.6,17.981,4628,16.998,247.9,15.175,-2.5378,-1.9786
4873.7,35.529,4874.3,33.972,245.02,14.33,-3.3901,-2.1114
5116,62.663,5116.6,57.643,240.82,17.395,-4.3926,-1.0628
5351.3,88.762,5352.5,84.671,234.59,21.919,-5.7241,0.37335
5579.6,110.67,5580.7,110.36,226.44,24.923,-7.3041,1.2706
5797.2,129.44,5799.1,132.44,216.32,25.191,-9.0236,1.2674
6006.3,138.36,6007.5,145.28,204.79,20.191,-10.774,-0.28017
6209,144.34,6207.8,150.73,193.6,12.005,-12.05,-2.6327
6402.8,148.71,6400.2,151.69,183.36,3.2721,-12.656,-4.8838
6587.4,152.43,6584,150.87,173.65,-4.0224,-12.868,-6.4287
6758.6,152.17,6756.6,148.15,163.57,-9.453,-12.894,-7.0832
6915.1,148.59,6915.3,143.72,151.75,-12.847,-13.226,-6.8463
7060.2,144.76,7060.9,139.56,138.94,-13.355,-13.686,-5.5782
7194.4,138.75,7194.2,134.99,125.75,-12.115,-14.158,-3.7939
7321.7,131.71,7318.9,130.13,114.55,-9.6592,-13.934,-1.7649
7436,122.88,7433,123.58,103.88,-7.8279,-13.514,-0.23657
7540,113.12,7536.9,114.28,93.722,-8.3264,-12.979,0.092602
7633,102.15,7630.5,103.16,84.183,-9.7555,-12.25,-0.052754
7714.9,89.959,7713.5,90.584,74.926,-11.538,-11.463,-0.36919
7787.8,76.165,7787.2,76.52,66.601,-13.465,-10.439,-0.72134
7849.4,62.113,7850,62.392,57.693,-14.214,-9.7509,-0.58796
7902.7,47.7,7903,47.829,48.354,-14.719,-9.4229,-0.42802
7943.7,32.744,7944.5,32.702,37.722,-15.269,-9.6222,-0.35686
7975.2,21.263,7975.4,19.723,26.685,-14.504,-10.003,0.017012
7999,11.621,7998,9.64,16.944,-12.077,-9.9367,0.83875
8015.1,2.8621,8013.6,1.6583,9.027,-8.9382,-9.289,1.7623
8019.3,-4.237,8019.3,-4.5914,0.75783,-5.8318,-8.807,2.4923
8021.8,-5.5846,8020.1,-6.3775,-5.4451,-1.442,-7.8639,3.4289
8023.1,-6.2584,8019.1,-5.8799,-8.8592,2.5487,-6.3804,4.0501
8025.9,-5.4039,8020.3,-3.8473,-7.8479,5.66,-3.8614,4.2564
8028.7,-7.7101,8023.6,-3.9657,-3.9738,5.9823,-0.94393,3.5515
8029,-8.6687,8027.1,-5.0527,0.53184,4.7365,1.6724,2.4013
8029,-8.6687,8030.1,-6.302,4.5795,2.87,3.6392,1.1707
8029,-8.6687,8032.2,-7.5901,7.2091,0.89939,4.672,0.079505
8029,-8.6687,8033.4,-8.7765,8.3162,-0.82715,4.869,-0.75552
8029,-8.6687,8033.4,-9.5706,7.6376,-1.8776,4.2304,-1.1913
8029,-8.6687,8032.7,-9.8628,6.0949,-2.1472,3.2493,-1.2327
8029.9,-8.3839,8032,-9.7601,4.2066,-2.0102,2.1363,-1.1012
8030.9,-8.0991,8031.6,-9.173,2.3906,-1.3306,1.1159,-0.74786
8030.9,-8.0991,8031.1,-8.4222,1.0583,-0.38908,0.43021,-0.29095
8031.9,-7.8143,8032.1,-7.6739,1.3902,0.38184,0.49371,0.053533
8033.5,-6.2861,8033.7,-6.6216,2.0316,0.7493,0.64422,0.12989
8034.5,-6.0013,8035.1,-6.0213,2.3081,0.70034,0.65482,0.06405
8035.1,-4.7579,8035.8,-5.0687,1.8235,0.75901,0.37644,0.025452
8037,-4.1883,8037,-4.0201,1.581,1.0915,0.1819,0.14148
8039.9,-3.3338,8039.4,-3.1043,2.1028,1.1708,0.26751,0.1453
8045.7,-1.625,8044.4,-1.7346,3.7522,1.3562,0.66141,0.15536
8053.3,0.65341,8051.9,0.31574,6.2843,1.8082,1.2548,0.23707
8066.8,4.6407,8064.4,3.8613,10.687,2.884,2.2866,0.4818
8079.2,8.3431,8078.7,7.9737,14.695,3.9497,3.0653,0.69526
8092.6,12.33,8093.8,12.419,17.687,4.8348,3.4128,0.82662
8107,16.602,8109.2,17.033,19.343,5.4336,3.2542,0.84646
8120.7,19.631,8123.8,20.753,19.353,5.2593,2.5854,0.63832
8135.7,21.986,8138.2,23.383,18.545,4.3812,1.7178,0.24855
8150.9,23.382,8152.4,24.647,17.019,2.7898,0.69674,-0.31516
8167.8,26.307,8167.6,26.213,15.85,1.5521,-0.098484,-0.73168
8184,27.988,8183.2,27.526,15.079,0.60859,-0.59731,-0.96423
8201.1,29.954,8199.9,28.985,15.174,0.088607,-0.68045,-1.0201
8217,32.594,8216.4,31.329,15.368,0.47543,-0.62476,-0.74628
8231,34.664,8231.5,33.86,15.057,1.1504,-0.62867,-0.38024
8244,36.449,8245.1,36.247,14.027,1.7657,-0.81572,-0.061747
8256.1,37.949,8257.1,38.262,12.398,2.1076,-1.1578,0.13081
8266.3,38.88,8266.7,39.49,9.7276,1.8564,-1.8191,0.087432
8276.1,40.77,8275.7,40.98,7.6508,1.7537,-2.1646,0.069095
8286,42.659,8284.6,42.571,6.3919,1.6293,-2.1927,0.015421
8294,43.979,8292.6,43.872,5.4926,1.3265,-2.0511,-0.09669
8297.1,43.875,8297.4,44.229,3.7785,0.7046,-2.0648,-0.25687
8300.3,43.771,8300.5,44.106,2.0609,0.078389,-2.0552,-0.37865
8308,46.049,8306.1,45.416,2.4797,0.44691,-1.4434,-0.19426
8308.9,46.334,8308.8,46.118,1.6585,0.40542,-1.2659,-0.16504
8309.9,46.619,8310,46.654,0.63359,0.4268,-1.1748,-0.096366
8311.8,47.188,8311.2,47.172,6.7226e-05,0.43342,-1.0319,-0.054178
8313.7,47.758,8312.7,47.659,0.064638,0.39063,-0.70689,-0.049398
8314.7,48.043,8314.1,48.047,0.39093,0.36552,-0.33343,-0.031517
8314.7,48.043,8314.8,48.195,0.48721,0.26587,-0.084052,-0.032334
8315.6,48.328,8315.7,48.415,0.82761,0.26335,0.17622,-0.0040245
8315.6,48.328,8316.1,48.485,0.94634,0.20246,0.31851,0.0019098
8315.6,48.328,8316.1,48.34,0.67567,-0.05645,0.26598,-0.080663
8315.6,48.328,8315.8,48.18,0.20076,-0.27001,0.10803,-0.14346
8315.6,48.328,8315.6,48.15,0.03158,-0.27309,0.073379,-0.11773
8315.6,48.328,8315.9,48.301,0.39034,-0.02863,0.25287,0.0069478
8315.6,48.328,8315.9,48.396,0.3894,0.11569,0.24968,0.074183
8315.6,48.328,8315.4,48.272,-0.17284,-0.051353,-0.0068849,-0.0020456
8315.6,48.328,8315.7,48.343,0.18514,0.055007,0.14935,0.044373
8315.6,48.328,8315.8,48.392,0.39846,0.11839,0.22799,0.067739
8315.6,48.328,8315.8,48.384,0.32585,0.096814,0.17629,0.052377
8315.6,48.328,8315.7,48.357,0.17623,0.052361,0.095752,0.028449
8315.6,48.328,8315.7,48.35,0.12669,0.037639,0.065562,0.019479
8315.6,48.328,8315.7,48.354,0.13288,0.039479,0.062653,0.018615
8315.6,48.328,8315.6,48.328,-4.5475e-13,-3.5527e-15,-1.1369e-13,-2.6645e-15
8315.6,48.328,8315.6,48.328,-4.5475e-13,-3.5527e-15,-1.1369e-13,-2.6645e-15
8315.6,48.328,8315.6,48.328,-4.5475e-13,-3.5527e-15,-1.1369e-13,-2.6645e-15
8316.6,48.612,8316.3,48.519,0.33023,0.098115,0.090846,0.026991
8318.8,48.223,8318.1,48.364,1.1954,-0.0042202,0.31855,-0.0042217
8321,47.834,8320.6,48.002,2.1567,-0.19399,0.54435,-0.056699
8326.1,48.3,8325.2,48.112,3.9267,-0.097621,0.95806,-0.024425
8336.2,49.231,8334.2,48.826,7.4404,0.29592,1.789,0.087546
8350.2,51.301,8348,50.632,12.353,1.1635,2.8837,0.31805
8363.5,52.128,8363.4,52.155,16.54,1.6684,3.606,0.42034
8379,52.565,8380.3,53.126,19.877,1.7095,3.9349,0.37449
8397.3,50.697,8399.1,52.14,22.549,0.64525,3.9508,0.017592
8419.1,47.766,8420.5,49.308,24.97,-1.2106,3.804,-0.5274
8443.9,41.57,8444.7,43.377,27.292,-4.2512,3.5716,-1.3363
8468.5,39.493,8469.8,38.763,28.565,-5.822,3.0298,-1.6313
8494.6,35.784,8495.9,34.274,29.178,-6.6882,2.354,-1.6551
8524.2,31.012,8524.4,29.49,30.222,-7.1201,1.896,-1.5015
8553.8,26.24,8554,24.821,31.022,-6.9588,1.4656,-1.1465
8585.3,22.038,8585.3,20.876,32.091,-5.9701,1.2277,-0.54259
8616.5,18.794,8617.2,17.976,32.969,-4.3432,1.0529,0.1825
8647.4,16.509,8648.5,16.091,32.923,-2.4939,0.64554,0.84334
8679.3,14.509,8679.8,14.681,32.217,-0.9625,0.059612,1.2665
8711.2,12.508,8711.1,13.149,31.34,-0.19665,-0.48165,1.3289
8742.1,10.223,8742.1,11.236,30.698,-0.092109,-0.76727,1.1464
8774,8.2229,8773.6,9.1023,30.451,-0.44793,-0.8474,0.80874
8804,5.653,8803.9,6.5771,29.735,-1.0357,-1.0116,0.4598
8831.8,3.4721,8832.2,4.0733,28.086,-1.5598,-1.402,0.18374
8858.3,1.9649,8858.6,2.1605,26,-1.6187,-1.8347,0.10669
8881.7,0.56193,8882.4,0.16052,23.482,-2.0866,-2.2436,-0.15628
8902.7,3.6671,8903.4,1.6363,20.408,-0.54734,-2.7213,0.2232
8921.7,6.2026,8921.7,4.7422,17.016,1.6335,-3.2266,0.79293
8936.7,8.5575,8936.7,8.3532,13.297,3.5785,-3.6897,1.2488
8950.8,6.5084,8949.7,8.8678,10.127,3.3036,-3.9014,1.0169
8955.8,3.8133,8956.5,6.7956,5.4087,1.4092,-4.4173,0.30928
8970.1,4.9248,8966.8,5.7465,4.5303,0.12552,-3.7398,-0.1998
8973.8,2.9035,8972.7,3.3929,2.6093,-1.6963,-3.3785,-0.80717
8976.3,1.5559,8975.8,0.97991,0.62537,-3.1298,-3.0457,-1.2138
8977.8,-0.07646,8977.3,-1.3098,-0.91526,-3.9728,-2.6222,-1.3535
8980.7,0.77795,8979.1,-1.5527,-1.3239,-3.2482,-1.9851,-0.97508
8982.9,0.38898,8981.2,-1.1624,-0.74498,-1.9016,-1.1567,-0.37851
8984.2,-0.2848,8983.1,-0.67885,0.15237,-0.49032,-0.36684,0.21216
8985.1,1.3782e-12,8984.8,0.29208,0.98998,0.97322,0.24554,0.74474
8985.1,1.3782e-12,8985.7,1.0012,1.5049,1.8305,0.64446,0.98815
8985.1,1.3782e-12,8986,0.89191,1.6288,1.4653,0.80381,0.70473
