0,0,NaN,NaN,NaN,NaN,NaN,NaN
57.308,-6.768,NaN,NaN,NaN,NaN,NaN,NaN
124.51,-15.281,NaN,NaN,NaN,NaN,NaN,NaN
200.23,-23.071,NaN,NaN,NaN,NaN,NaN,NaN
285.7,-29.448,NaN,NaN,NaN,NaN,NaN,NaN
380.91,-34.411,NaN,NaN,NaN,NaN,NaN,NaN
487.79,-38.501,NaN,NaN,NaN,NaN,NaN,NaN
606.62,-40.756,NaN,NaN,NaN,NaN,NaN,NaN
735.62,-43.793,NaN,NaN,NaN,NaN,NaN,NaN
870.51,-44.333,NaN,NaN,NaN,NaN,NaN,NaN
1011.9,-47.731,NaN,NaN,NaN,NaN,NaN,NaN
1162,-49.444,NaN,NaN,NaN,NaN,NaN,NaN
1320.4,-51.398,NaN,NaN,NaN,NaN,NaN,NaN
1494.3,-53.562,NaN,NaN,NaN,NaN,NaN,NaN
1679.5,-52.658,1675.8,-53.624,183.66,-1.4575,8.4927,-0.15558
1873.1,-51.031,1870,-52.679,195.25,-0.63256,9.2064,-0.043102
2074.1,-49.375,2073,-50.515,206.36,0.86399,9.7686,0.33868
2278.2,-47.568,2280.9,-47.861,215.01,2.3015,9.6528,0.68998
2490.3,-46.964,2494.3,-46.054,221.89,2.8536,9.0571,0.74793
2715.2,-48.917,2717.2,-46.734,229.27,1.7755,8.6174,0.31987
2944.4,-50.027,2946.1,-48.399,235.11,0.17848,7.7015,-0.23678
3182.2,-50.416,3182.1,-50.125,240.38,-1.3288,6.6539,-0.74033
3423.9,-47.766,3423.4,-49.479,244.79,-1.2442,5.5316,-0.71821
3671.7,-45.778,3671,-47.879,249.71,-0.67742,4.878,-0.55641
3922,-42.406,3922.5,-44.332,254.22,1.182,4.408,0.058002
4175.1,-39.847,4176.9,-40.561,257.82,2.8447,3.8957,0.5662
4426.2,-40.867,4430.1,-39.158,258.61,3.0408,2.7551,0.64242
4675.6,-51.785,4679.8,-46.094,255.48,-1.1757,0.56993,-0.52959
4924.4,-64.627,4926.9,-59.396,250.34,-8.1042,-1.8887,-2.4234
5168.7,-82.434,5169.9,-78.918,243.7,-16.678,-4.3154,-4.5783
5410.3,-102.59,5409.6,-102.38,237.2,-24.879,-6.1424,-6.3288
5646.9,-118.23,5645.7,-123.48,231.41,-28.978,-7.1793,-6.605
5880.9,-139.37,5878.6,-145.15,226.42,-30.751,-7.6266,-5.9592
6107.5,-164.67,6105.5,-168.65,220.58,-31.11,-8.1146,-4.7346
6327,-193.16,6325.9,-194.84,214.49,-31.179,-8.3579,-3.4432
6533.3,-224.17,6534.7,-223.91,205.41,-31.502,-9.2728,-2.3479
6728.9,-256.33,6731.4,-255.4,194.03,-32.363,-10.571,-1.6412
6919.6,-291.25,6919.6,-289.82,182.68,-34.1,-11.645,-1.3845
7098.6,-327.05,7097.6,-326.53,170.96,-36.624,-12.577,-1.5798
7264.2,-362.21,7263.1,-363.56,158.13,-38.607,-13.58,-1.7305
7418.8,-396.33,7417.3,-399.11,145.51,-38.787,-14.192,-1.3498
7557.6,-427.07,7557.1,-430.49,131.82,-35.664,-14.836,0.056346
7686.2,-461.15,7684.8,-462.06,118.49,-32.823,-15.158,1.2187
7809.3,-492.65,7805.3,-492.14,108.35,-29.491,-14.382,2.3723
7926.7,-518.4,7920.8,-518.36,101.63,-25.265,-12.652,3.4803
8031.9,-546.94,8027.7,-545.43,95.66,-23.501,-10.871,3.4937
8128.4,-573.05,8125.8,-571.31,89.516,-22.062,-9.4244,3.3437
8213.7,-594.95,8213.5,-594.16,82.364,-20.045,-8.4773,3.2975
8286.1,-614.3,8288.7,-614.05,73.028,-17.639,-8.3282,3.304
8349.7,-632.17,8353,-631.78,63.058,-15.365,-8.3912,3.2295
8403.6,-647.33,8406.4,-647.02,52.098,-13.042,-8.8563,3.1459
8447.8,-663.9,8448.9,-662.17,39.86,-11.73,-9.849,2.8191
8483.8,-683.39,8482.7,-679.88,28.502,-12.688,-10.506,1.8965
8513,-697.83,8509.9,-696.16,19.345,-13.41,-10.392,1.1145
8537.4,-710.92,8532.9,-710.86,13.309,-13.75,-9.3059,0.5175
8559,-719.07,8554.3,-721.45,11.425,-12.349,-7.0005,0.48121
8575.8,-725.87,8572.9,-728.34,11.269,-9.2109,-4.4931,1.0852
8586.1,-737.09,8585.9,-736.87,10.102,-7.9275,-2.7684,1.1229
8596.4,-741.03,8596.5,-742.07,9.1016,-5.702,-1.4613,1.3858
8602.6,-744.85,8603.8,-744.95,7.8735,-2.7032,-0.5416,1.9569
8605,-747.59,8607.1,-746.73,5.4056,-0.27675,-0.31535,2.2716
8606.3,-750.06,8608,-748.54,2.9666,0.79172,-0.26913,2.0715
8613.8,-753.19,8612.5,-751.31,3.5289,0.34378,0.49357,1.396
8614.7,-753.46,8614.9,-752.98,3.276,-0.12692,0.81292,0.74575
8616.7,-754,8617,-754.28,3.3295,-0.80377,1.1024,0.11055
8621.5,-755.35,8621.3,-755.47,4.814,-1.1709,1.7129,-0.22859
8622.4,-755.62,8624.1,-755.7,5.4452,-0.6939,1.9658,-0.15
8625.3,-756.43,8627.2,-756.38,6.0077,-0.80784,2.0869,-0.26936
8627.3,-756.98,8629.4,-757.06,5.6796,-0.97291,1.8239,-0.37029
8629.2,-757.52,8630.8,-758,4.572,-1.4993,1.2483,-0.59812
8632.1,-758.33,8632.8,-758.85,3.7664,-1.7029,0.79359,-0.64009
8635.9,-759.41,8635.9,-759.41,3.7597,-1.2479,0.64063,-0.36362
8636.9,-759.68,8637.4,-760.14,2.7205,-1.3495,0.17834,-0.38398
8638.8,-760.22,8639.1,-760.68,2.2451,-1.2409,0.0048102,-0.31511
8641.7,-761.04,8641.8,-761.34,2.6193,-1.1619,0.15912,-0.25159
8642.7,-761.31,8643.4,-761.6,2.3109,-0.79392,0.084167,-0.091566
8644.6,-761.85,8644.5,-761.83,1.4214,-0.39975,-0.259,0.072842
8645.5,-762.12,8645.8,-762.18,1.2362,-0.34767,-0.23651,0.066517
8646.5,-762.39,8646.6,-762.41,0.8046,-0.22628,-0.31783,0.089385
8647.5,-762.66,8647.1,-762.57,0.21293,-0.059886,-0.47426,0.13338
8648.4,-762.93,8648.1,-762.84,0.33329,-0.093733,-0.32846,0.092374
8648.4,-762.93,8648.4,-762.92,0.064477,-0.018133,-0.32977,0.092744
8649.4,-763.2,8649.2,-763.14,0.27153,-0.076365,-0.17308,0.048676
8649.4,-763.2,8649.5,-763.23,0.26403,-0.074255,-0.10083,0.028356
8650.9,-761.55,8650.5,-762.11,0.52993,0.56669,0.0039714,0.19578
8653.1,-761.13,8652.3,-761.16,1.18,0.97274,0.18873,0.28349
8655.1,-757.55,8654.9,-758.36,2.219,2.1362,0.50897,0.55023
8656.9,-754.93,8657.2,-755.16,2.7596,3.1982,0.61132,0.76172
8660,-747.5,8660.1,-748.7,3.3252,5.5806,0.67036,1.3037
8664.7,-738.41,8664.5,-739.56,4.48,8.5652,0.89637,1.9208
8671.6,-724.79,8670.9,-726.24,6.1745,12.722,1.2025,2.7623
8677.6,-710.89,8677.7,-710.99,7.532,16.44,1.3739,3.3342
8685.1,-695.34,8685.4,-694.27,8.7212,19.406,1.4466,3.5674
8693.7,-675.93,8694,-674.89,9.7796,22.258,1.4444,3.6672
8702.8,-654.6,8703.3,-653.41,10.595,24.656,1.3556,3.5589
8712.7,-630.39,8713.3,-629.48,11.317,26.838,1.2513,3.3414
8724.7,-602.59,8724.8,-602.34,12.234,29.314,1.1862,3.1985
8735.6,-571.36,8736.2,-571.69,12.676,32.177,1.0094,3.157
8747.5,-536.29,8747.9,-537.1,12.768,35.575,0.72475,3.2555
8759.7,-500.25,8759.9,-500.06,12.727,38.846,0.44368,3.3611
8770.5,-461.74,8771.2,-460.96,12.224,41.557,0.11056,3.2816
8781.1,-424.2,8781.9,-421.83,11.481,43.002,-0.2056,2.9025
8791.4,-387.62,8791.9,-384.46,10.468,42.137,-0.55094,1.8521
8799.7,-350.49,8800.3,-347.99,8.7827,40.172,-1.0352,0.61014
8803,-312.98,8804.5,-312.05,5.3407,37.653,-1.9323,-0.65229
8800.7,-277,8803.2,-276.9,0.18357,35.2,-3.1108,-1.6248
8801.9,-243.07,8801.5,-243.33,-3.5675,32.603,-3.7144,-2.3984
8801.6,-210.79,8799.5,-211.49,-5.9207,29.966,-3.775,-2.9821
8798.9,-179.89,8796.5,-180.89,-7.3889,27.895,-3.4818,-3.1851
8796.3,-152.16,8793.6,-152.68,-7.6161,25.723,-2.8043,-3.2715
8792.9,-127.31,8790.6,-127.42,-7.0886,23.154,-1.9602,-3.3851
8788.4,-106.31,8787.2,-105.99,-6.0402,19.784,-1.0166,-3.6696
8782.7,-86.007,8782.7,-86.695,-5.3907,16.644,-0.33369,-3.8476
8778.1,-69.13,8778.3,-70.064,-4.6215,13.642,0.2351,-3.9142
8773,-54.179,8773.6,-55.617,-4.1164,10.971,0.58787,-3.8549
8769.1,-38.536,8769.2,-40.946,-3.7571,10.08,0.73283,-3.223
8766,-27.285,8765.6,-28.488,-3.4171,9.2579,0.74542,-2.5876
8761.3,-21.81,8761.4,-20.937,-3.4773,6.8202,0.62287,-2.4889
8762.9,-8.754,8761.4,-10.704,-1.0576,6.8855,1.2694,-1.7567
8762,-4.3619,8762.2,-4.1585,1.3604,5.6951,1.8861,-1.4675
8761.4,-3.1285,8762.4,-1.6102,2.3049,3.2275,1.8726,-1.5985
8758.5,-2.3163,8760.8,-1.3355,1.7346,0.52087,1.4001,-1.8397
8756.5,-1.7749,8758.6,-2.0433,0.68474,-1.6964,0.8257,-1.9666
8755.2,0.69192,8756.2,-1.296,-0.62602,-2.0836,0.19441,-1.5646
8755.2,0.69192,8754.8,-0.86662,-1.298,-1.9149,-0.18104,-1.0315
8755.2,0.69192,8754.3,-0.30754,-1.3775,-1.1165,-0.30061,-0.36207
8754.2,0.96265,8753.6,0.41428,-1.3307,-0.12977,-0.30827,0.23504
8754.2,0.96265,8753.5,1.2104,-0.97698,0.97183,-0.20422,0.77774
8754.2,0.96265,8753.8,1.7639,-0.305,1.675,0.028354,1.0665
8754.2,0.96265,8754.2,1.866,0.27991,1.7054,0.21613,1.0179
8754.2,0.96265,8754.6,2.0191,0.72149,1.7926,0.34461,0.98623
8754.2,0.96265,8754.9,2.0604,0.97354,1.7148,0.40011,0.88201
8754.2,0.96265,8754.4,1.1094,0.19357,0.30334,0.018378,0.20409
8754.2,0.96265,8754.1,0.94447,-0.24567,0.068777,-0.1771,0.086105
8754.2,0.96265,8753.9,1.0674,-0.49518,0.23324,-0.27177,0.14817
8754.2,0.96265,8754,1.1734,-0.28505,0.35474,-0.15869,0.18672
8754.2,0.96265,8754.1,1.1745,-0.12496,0.32313,-0.075806,0.15711
8754.2,0.96265,8754.2,0.96557,-0.043542,0.012246,-0.03324,0.0093483
8754.2,0.96265,8754.1,0.98406,-0.12722,0.03578,-0.06584,0.018517
8753.9,-1.1442e-12,8753.9,0.34021,-0.22671,-0.2941,-0.088576,-0.073537
8753.9,-1.1442e-12,8753.9,-0.044987,-0.12337,-0.43867,-0.03103,-0.11033
8753.9,-1.1442e-12,8753.9,-0.19725,-0.11147,-0.39637,-0.023524,-0.083644
8753.9,-1.1442e-12,8753.9,-0.21109,-0.075524,-0.26854,-0.009358,-0.033274
8753.9,-1.1442e-12,8753.9,-0.14471,-0.030241,-0.10753,0.0064412,0.022903
8753.9,-1.1442e-12,8753.9,-0.045301,0.01287,0.045763,0.020038,0.07125
8753.9,-1.1442e-12,8753.9,0.050964,0.045531,0.16189,0.028789,0.10236
8753.9,-1.1442e-12,8754,0.11892,0.062682,0.22288,0.031239,0.11108
8753.9,-1.1442e-12,8754,0.1444,0.062485,0.22218,0.027126,0.096452
8753.9,-1.1442e-12,8754,0.12426,0.046324,0.16471,0.017379,0.061795
8753.9,-1.1442e-12,8753.9,0.066379,0.018805,0.066865,0.0041175,0.014641
8753.9,-1.1442e-12,8753.9,-0.010382,-0.012246,-0.043542,-0.0093483,-0.03324
