0,0,NaN,NaN,NaN,NaN,NaN,NaN
61.79,-7.4843,NaN,NaN,NaN,NaN,NaN,NaN
129.9,-15.152,NaN,NaN,NaN,NaN,NaN,NaN
206.25,-22.425,NaN,NaN,NaN,NaN,NaN,NaN
292.75,-28.727,NaN,NaN,NaN,NaN,NaN,NaN
389.11,-33.1,NaN,NaN,NaN,NaN,NaN,NaN
496.87,-37.17,NaN,NaN,NaN,NaN,NaN,NaN
615.17,-38.066,NaN,NaN,NaN,NaN,NaN,NaN
740.83,-35.695,NaN,NaN,NaN,NaN,NaN,NaN
875.02,-33.887,NaN,NaN,NaN,NaN,NaN,NaN
1016.2,-31.017,NaN,NaN,NaN,NaN,NaN,NaN
1163.7,-28.329,NaN,NaN,NaN,NaN,NaN,NaN
1319.1,-27.451,NaN,NaN,NaN,NaN,NaN,NaN
1483,-23.975,NaN,NaN,NaN,NaN,NaN,NaN
1653.7,-18.479,1653.4,-18.619,173.16,4.3775,6.2987,0.25724
1828.5,-12.786,1828.2,-13.735,177.96,4.3505,5.4428,-0.03901
2010,-5.0726,2009.4,-6.743,183.37,5.4032,5.0336,0.072071
2194.7,2.5495,2195.1,1.3611,188.25,6.8518,4.6695,0.35518
2380.3,10.46,2382.3,10.101,191.25,8.3204,3.9132,0.66397
2572.2,18.188,2573.4,18.781,193.97,9.3315,3.2194,0.82829
2767.3,25.824,2767.6,27.133,196.08,9.8063,2.4524,0.83167
2964,31.833,2963.8,33.646,197.41,8.7515,1.6024,0.33001
3164.7,38.04,3163.5,39.077,199.29,6.9098,1.1266,-0.40175
3364.8,43.001,3364.2,43.439,200.49,4.8583,0.63382,-1.0766
3566,44.132,3565.8,44.822,201.46,1.7824,0.27809,-1.9177
3772.3,45.748,3771.1,45.411,203.71,-0.62127,0.44722,-2.3748
3976.1,45.542,3976.1,44.98,204.85,-2.3507,0.34718,-2.4602
4184.2,44.575,4183.3,43.578,206.28,-3.769,0.34102,-2.4163
4389.5,42.742,4389.6,41.477,206.48,-4.7317,0.0315,-2.2127
4589.8,46.745,4592,43.362,204.31,-2.8524,-0.8436,-1.1989
4792.1,51.326,4793,47.987,201.63,0.39944,-1.7488,0.075098
4992.5,55.329,4992.7,53.744,198.98,3.8104,-2.4384,1.2471
5192.2,58.086,5191.6,58.831,196.96,6.0898,-2.7457,1.9158
5390.1,52.987,5388.9,57.726,194.72,4.3928,-3.0543,1.3204
5581.6,44.909,5581.7,50.7,191.16,-0.4306,-3.6059,-0.18247
5768,36.346,5769,40.207,186.35,-6.2672,-4.3365,-1.8639
5951.2,27.875,5951.8,28.323,181.01,-11.635,-5.0643,-3.267
6130.7,21.41,6130.7,18.123,176.14,-14.483,-5.4274,-3.7352
6307.1,15.037,6306.3,10.158,171.71,-14.531,-5.5538,-3.1924
6478.7,10.381,6477.4,5.1027,166.98,-12.112,-5.7534,-1.8995
6641.2,5.0429,6641.4,1.7908,161.07,-8.2231,-6.1417,-0.18737
6794.7,-1.9356,6796,-1.8455,152.78,-4.6315,-7.157,1.3105
6943.9,-8.1538,6944.3,-5.8573,144.96,-1.9297,-7.7689,2.3129
7086.4,-13.231,7086.4,-10.619,137.81,-1.1125,-7.9653,2.385
7225.1,-19.463,7223.5,-16.882,131.38,-2.1041,-7.9362,1.7366
7355.3,-25.132,7353.9,-23.819,124.84,-4.006,-7.8877,0.75826
7479.8,-29.372,7478.1,-29.879,118.41,-5.4095,-7.8057,0.0017738
7595.8,-33.048,7594.7,-34.156,111.6,-5.1535,-7.7887,-0.035416
7702.6,-37.407,7703,-37.948,104.39,-4.4249,-7.7528,0.16008
7802.5,-39.668,7803.4,-40.239,96.973,-2.9746,-7.7163,0.57045
7892.6,-40.697,7894.2,-41.069,88.279,-1.1346,-8.0608,1.0395
7975.5,-41.832,7976.4,-41.586,78.974,0.16083,-8.5827,1.2453
8052.7,-41.537,8051.6,-41.21,70.116,1.316,-8.9739,1.3456
8122.6,-41.348,8120.3,-40.794,62.15,1.7837,-9.04,1.1785
8188.7,-42.313,8185.3,-41.154,56.825,1.4979,-8.2154,0.82288
8247.9,-41.18,8245.4,-40.614,52.939,1.5749,-6.9708,0.62772
8299.8,-40.153,8299,-39.876,48.8,1.4544,-5.9614,0.38047
8345.8,-36.739,8346.3,-37.479,44.314,1.9956,-5.215,0.34021
8385.2,-29.024,8386.5,-31.099,38.753,4.4635,-4.9903,0.8865
8421.3,-30.7,8421.9,-29.063,33.571,4.0272,-4.7655,0.58299
8448.6,-24.533,8449.9,-24.604,27.055,4.6788,-5.06,0.5957
8471.9,-18.564,8472.4,-18.845,20.724,5.7294,-5.315,0.73157
8489.4,-14.326,8489.4,-13.616,14.677,6.1856,-5.4687,0.71031
8503.4,-12.2,8502.4,-10.559,9.5274,5.0872,-5.3669,0.21726
8514.5,-10.94,8512.9,-9.3718,6.1224,3.02,-4.7313,-0.50776
8516.4,-10.363,8516.8,-9.4952,1.8001,0.67965,-4.4159,-1.2065
8518.4,-9.7854,8518,-10.14,-1.5595,-1.372,-3.9166,-1.7235
8519.3,-9.4968,8518,-10.698,-3.3587,-2.5521,-3.0827,-1.8528
8523.1,-8.3423,8519.9,-10.151,-2.7576,-2.3524,-1.791,-1.4796
8525.1,-7.765,8522.5,-9.3309,-0.89075,-1.7033,-0.34409,-0.99143
8525.1,-7.765,8524.5,-8.5739,1.022,-0.85892,0.88435,-0.46795
8525.1,-7.765,8525.9,-8.1317,2.6048,-0.32777,1.7568,-0.13955
8525.1,-7.765,8526.9,-7.9134,3.6419,-0.050704,2.233,0.03432
8525.1,-7.765,8527.1,-7.0122,3.7772,1.1663,2.2169,0.59013
8525.1,-7.765,8527.2,-7.1666,3.6754,0.87577,2.0588,0.44057
8525.1,-7.765,8526.8,-7.518,2.8888,0.35553,1.5916,0.19654
8525.1,-7.765,8526.2,-7.782,1.8688,-0.0022686,1.0445,0.03547
8525.1,-7.765,8525.4,-7.8509,0.71584,-0.07376,0.47091,0.0054294
8525.1,-7.765,8524.9,-7.8164,-0.031851,-0.0096016,0.10802,0.032562
8525.1,-7.765,8525.2,-7.7156,0.43219,0.13029,0.29375,0.088555
8525.1,-7.765,8525.5,-7.6405,0.72546,0.2187,0.39063,0.11776
8526,-7.4764,8526.2,-7.4173,1.1138,0.33576,0.47202,0.14229
8526,-7.4764,8526.2,-7.409,0.70173,0.21154,0.23489,0.070809
8527,-7.1878,8526.9,-7.2231,0.72406,0.21827,0.17393,0.052432
8527.6,-5.9417,8527.7,-6.2726,0.93378,0.64131,0.20621,0.16115
8527.6,-5.9417,8528,-5.781,0.80594,0.7189,0.13707,0.16103
8527.4,-4.9843,8527.8,-4.9653,0.39752,0.9097,-0.0070115,0.18762
8528,-3.7382,8528,-3.7997,0.23138,1.1969,-0.071167,0.23334
8528,-3.7382,8528,-3.3185,-0.0065493,1.0207,-0.14567,0.14169
8527.7,-2.7808,8527.7,-2.6286,-0.31835,0.9356,-0.22646,0.080264
8528.7,-2.4921,8528.2,-2.2635,-0.14533,0.66451,-0.15541,-0.026952
8528.7,-2.4921,8528.5,-2.2672,-0.036442,0.24426,-0.097555,-0.16132
8529.6,-2.2035,8529.3,-2.2419,0.38542,-0.058814,0.04973,-0.24192
8529.6,-2.2035,8529.8,-2.325,0.57108,-0.30735,0.11987,-0.28733
8529.6,-2.2035,8530,-2.4093,0.55623,-0.43739,0.11899,-0.28248
8529.6,-2.2035,8529.9,-2.4516,0.32192,-0.45113,0.033014,-0.23674
8529.6,-2.2035,8529.9,-2.395,0.13947,-0.31299,-0.021508,-0.13849
8529.6,-2.2035,8529.6,-2.3283,-0.16737,-0.17204,-0.12884,-0.055044
8529.6,-2.2035,8529.5,-2.2965,-0.3405,-0.096082,-0.17586,-0.012561
8529.6,-2.2035,8529.4,-2.1544,-0.31706,0.11468,-0.14067,0.081409
8529.6,-2.2035,8529.5,-2.1399,-0.20782,0.12937,-0.076744,0.081194
8529.6,-2.2035,8529.5,-2.1619,-0.15866,0.090203,-0.048141,0.056922
8529.6,-2.2035,8529.6,-2.1111,0.020022,0.15081,0.032057,0.077929
8530.6,-1.9149,8530.4,-1.9792,0.50586,0.1525,0.18638,0.056184
8530.6,-1.9149,8530.7,-1.8786,0.56283,0.16967,0.17522,0.052821
8530.3,-0.95744,8530.7,-1.1845,0.42751,0.48869,0.11842,0.13468
8530.3,-0.95744,8530.5,-0.84941,0.13556,0.51681,1.3744e-05,0.11971
8530.3,-0.95744,8530.4,-0.71787,-0.011895,0.42646,-0.047857,0.076324
8530,2.4041e-12,8530.1,-0.089671,-0.22546,0.5832,-0.10819,0.10247
8530,2.4041e-12,8529.9,0.17339,-0.32478,0.4947,-0.12802,0.056265
8530,2.4041e-12,8529.8,0.20558,-0.32679,0.28188,-0.11419,-0.020977
8530,2.4041e-12,8529.8,0.11597,-0.25295,0.039453,-0.075215,-0.097634
8530,2.4041e-12,8529.9,-0.011601,-0.12924,-0.16411,-0.02129,-0.15178
8530,2.4041e-12,8530,-0.11846,0.013832,-0.28654,0.03572,-0.17118
