0,0,NaN,NaN,NaN,NaN,NaN,NaN
60.026,-4.6818,NaN,NaN,NaN,NaN,NaN,NaN
131.42,-6.7516,NaN,NaN,NaN,NaN,NaN,NaN
215.53,-9.0642,NaN,NaN,NaN,NaN,NaN,NaN
314.56,-8.1253,NaN,NaN,NaN,NaN,NaN,NaN
423.47,-8.7893,NaN,NaN,NaN,NaN,NaN,NaN
542.93,-11.777,NaN,NaN,NaN,NaN,NaN,NaN
673.68,-16.394,NaN,NaN,NaN,NaN,NaN,NaN
812.2,-21.866,NaN,NaN,NaN,NaN,NaN,NaN
962.08,-24.727,NaN,NaN,NaN,NaN,NaN,NaN
1126.1,-26.443,NaN,NaN,NaN,NaN,NaN,NaN
1305.8,-24.215,NaN,NaN,NaN,NaN,NaN,NaN
1505.3,-19.536,NaN,NaN,NaN,NaN,NaN,NaN
1722.5,-18.729,NaN,NaN,NaN,NaN,NaN,NaN
1953.1,-17.472,1949.6,-16.088,236.77,4.993,16.719,1.8626
2195.7,-14.324,2196.9,-12.264,256.04,6.4462,18.263,2.0874
2451.8,-9.3105,2456.5,-7.6427,272.81,7.3061,18.782,1.9897
2720.8,2.5296,2727.1,1.7038,286.32,9.7253,18.078,2.2302
3002.5,16.955,3008.3,14.867,296.72,12.677,16.303,2.456
3294.7,21.987,3299.3,23.833,304.83,12.36,13.976,1.7691
3590.3,22.003,3595.3,26.754,309.07,8.7185,10.831,0.30125
3889.4,18.416,3894.1,23.843,310.02,2.7754,7.2632,-1.5625
4194.9,14.001,4197.6,17.461,310.54,-3.5445,4.314,-3.2464
4498.9,6.7849,4501.7,7.7729,309.21,-9.9753,1.5481,-4.7325
4806.2,-8.2753,4807.4,-8.0223,307.53,-17.519,-0.66533,-6.2648
5108.6,-26.776,5110,-28.587,303.6,-25.023,-2.9524,-7.526
5406.6,-50.851,5407.6,-53.793,297.03,-31.712,-5.497,-8.206
5703.2,-72.072,5701.9,-77.466,290.19,-33.732,-7.536,-7.1601
5991.3,-94.545,5990,-99.93,282.59,-32.484,-9.1518,-5.104
6278.6,-123.37,6275.4,-125.43,276.74,-31.35,-9.7075,-3.2342
6552.4,-155.47,6551.3,-154.95,269,-31.565,-10.421,-2.049
6816.9,-192.34,6816.8,-190.45,259.36,-34.759,-11.363,-2.1145
7074.4,-226.25,7073.3,-226.67,249.02,-37.357,-12.254,-2.1799
7324.1,-259.31,7321.5,-261.08,239.01,-37.31,-12.782,-1.416
7570.9,-299.38,7565.9,-298.94,232.13,-38.279,-12.123,-1.0288
7810.7,-336.49,7805.3,-336.76,227.17,-38.602,-10.831,-0.59197
8042.6,-372.74,8038.4,-373.94,222.55,-38.421,-9.5424,-0.1987
8262.6,-408.06,8261.7,-409.68,216.66,-37.242,-8.6548,0.38187
8475,-435.45,8475.4,-438.71,209.3,-32.278,-8.3454,2.0039
8678.1,-466.2,8679.7,-466.64,201.15,-27.714,-8.249,3.2936
8871.3,-496.76,8873.5,-494.56,191.59,-24.415,-8.6063,3.9963
9051.8,-524.25,9054.4,-521.95,179.41,-22.787,-9.7713,3.8673
9216.1,-547.9,9219.7,-546.75,164.23,-21.174,-11.629,3.5922
9361.5,-567.65,9365.4,-567.46,144.71,-18.363,-14.522,3.6729
9491.2,-585.68,9494,-585.3,124.52,-15.374,-16.983,3.7666
9604.1,-601.98,9605.3,-600.96,104.09,-12.615,-18.966,3.7709
9703.5,-617.32,9701.8,-616.01,85.221,-11.393,-20.041,3.2048
9788.1,-631.66,9784.3,-630.32,68.344,-10.916,-20.195,2.4807
9856.4,-646.4,9851.8,-644.23,52.412,-10.525,-19.929,1.9686
9911.4,-658.77,9906.1,-657.33,38.579,-10.55,-18.919,1.3664
9954.3,-670.2,9949.1,-669.47,27.325,-10.598,-17.139,0.84599
9985.9,-679.99,9981.7,-680.29,18.65,-10.473,-14.708,0.43409
10009,-688.22,10006,-689.81,11.78,-10.425,-12.138,-0.013854
10021,-697.64,10019,-698.5,5.0124,-9.6513,-10.018,-0.0045618
10024,-699.1,10023,-701.65,-2.1155,-6.0535,-8.5053,0.89894
10024,-699.1,10022,-701.15,-7.4629,-1.5367,-6.916,1.9743
10026,-698.44,10021,-698.91,-8.4074,2.393,-4.4573,2.7167
10027,-699.88,10023,-697.96,-5.6475,4.0546,-1.3833,2.6624
10028,-700.6,10025,-697.88,-1.1657,4.1469,1.5824,2.1149
10028,-700.6,10028,-698.27,3.5811,3.2091,4.0149,1.2852
10026,-702.68,10029,-700.47,6.4478,0.95894,5.2802,0.17143
10023,-702.62,10028,-702.23,7.4129,-0.91601,5.5425,-0.68698
10017,-698.97,10024,-700.96,5.7399,-0.84209,4.7701,-0.82634
10008,-692.43,10015,-695.98,1.3571,1.1373,3.0633,-0.36232
9994.4,-680.16,10000,-684.87,-5.4435,6.0283,0.68803,0.95216
9981.9,-668.6,9984.2,-671.07,-11.97,11.325,-1.4113,2.3014
9965.9,-656.27,9965.8,-655.9,-17.929,16.013,-3.0502,3.354
9951.9,-644.69,9949.1,-641.37,-20.404,18.869,-3.2773,3.7423
9938.7,-633.83,9935.1,-629.43,-19.528,18.305,-2.294,2.8716
9927.5,-626.54,9924,-621.63,-16.338,14.641,-0.69349,1.1155
9918.5,-620.01,9915.6,-616.7,-12.054,9.5214,0.96963,-0.89113
9912.2,-614.94,9910.5,-613.77,-6.8522,4.3458,2.636,-2.6043
9910.8,-613.49,9909.8,-613.79,-0.78712,-1.0328,4.2245,-4.0678
9909.4,-612.05,9910.7,-614.43,4.0311,-4.7772,5.1137,-4.7142
9909.4,-612.05,9912.3,-615.08,7.1385,-6.3484,5.2418,-4.4048
9907.3,-609.89,9911.9,-613.78,7.156,-5.4034,4.2966,-3.2702
9906,-608.45,9910.2,-611.56,5.4247,-3.2767,2.8686,-1.8647
9906,-608.45,9908.6,-609.83,3.1782,-1.2855,1.4177,-0.66659
9906.7,-607.76,9907.6,-608.34,1.2892,0.19529,0.28179,0.1311
9907.4,-607.06,9907,-606.79,-0.3743,1.5582,-0.61677,0.75853
9908.1,-606.37,9907.1,-605.58,-1.0232,2.2811,-0.96108,1.027
9909.6,-604.98,9908.1,-604.25,-0.99025,2.6736,-0.98844,1.0786
9909.6,-604.98,9908.8,-603.9,-0.74807,2.2024,-0.83405,0.8081
9910.3,-604.29,9909.9,-603.52,-0.16197,1.7569,-0.53188,0.56151
9910.3,-602.88,9910.5,-602.79,0.22578,1.3739,-0.29207,0.31643
9908.9,-600.02,9909.7,-600.71,-0.31456,1.7516,-0.37538,0.32215
9906.9,-597.86,9907.4,-598.09,-1.8371,2.5154,-0.80576,0.49987
9904.1,-592.15,9904.2,-593.08,-3.3934,4.2776,-1.1756,0.92536
9897.2,-584.95,9897.9,-585.82,-6.0406,6.7373,-1.7772,1.494
9888.2,-574.17,9889.1,-575.46,-8.8968,9.83,-2.2685,2.096
9881.3,-565.55,9880.5,-565,-10.598,11.986,-2.3466,2.3544
9872.3,-556.18,9871,-554.49,-11.91,13.293,-2.2795,2.3247
9863.3,-545.4,9861.6,-543.64,-12.406,13.852,-1.9544,2.0178
9852.2,-533.87,9851.1,-532.42,-12.743,13.876,-1.5782,1.5463
9840.4,-521.62,9839.8,-520.77,-12.938,13.579,-1.1863,1.0078
9827.9,-508.66,9827.7,-508.51,-13.135,13.228,-0.8503,0.51069
9811.2,-497.02,9812.5,-496.67,-14.489,12.613,-0.87031,0.061044
9795.2,-484.69,9796,-484.72,-16.101,12.064,-1.0224,-0.27749
9774.1,-475.8,9775.7,-474.93,-19.099,10.533,-1.5718,-0.79046
9750.2,-468.27,9751.7,-467.19,-23.06,8.393,-2.341,-1.3541
9725.6,-461.44,9725.7,-460.71,-26.842,6.3809,-2.9777,-1.7343
9703.1,-451.11,9700.8,-452.62,-28.564,5.7175,-2.9244,-1.7067
9680,-442.89,9677.1,-444.62,-28.22,5.4104,-2.166,-1.5541
9656.1,-433.95,9653.9,-436.07,-26.876,5.6689,-1.1582,-1.2517
9631.5,-424.28,9630.3,-426.1,-25.628,7.2163,-0.33988,-0.5125
9607,-413.21,9606.8,-414.56,-24.203,9.5344,0.42681,0.37716
9581.7,-402.82,9582.6,-402.87,-23.407,11.467,0.85139,1.0266
9557.2,-390.33,9558.3,-390.03,-22.817,13.403,1.0972,1.5388
9531.3,-377.81,9532.8,-376.95,-23.303,14.66,0.90135,1.7109
9507.5,-364.63,9507.9,-363.68,-23.686,15.224,0.65975,1.5725
9482.3,-350,9482.7,-349.5,-24.214,15.707,0.39561,1.3732
9457.1,-336.79,9457.1,-336.01,-25.066,15.286,0.019546,0.89902
9432.6,-321.47,9432.3,-321.24,-24.937,15.574,0.057431,0.73686
9406,-306.82,9406.7,-306.34,-25.066,15.774,0.077187,0.60228
9380.9,-292.2,9381.3,-291.59,-25.06,15.678,0.11867,0.40482
9355,-276.85,9355.3,-276.79,-25.572,15.252,-0.054421,0.086211
9328.4,-262.2,9328.6,-262.03,-26.263,14.991,-0.25486,-0.080181
9301.1,-248.24,9301.3,-247.92,-27.107,14.405,-0.46155,-0.30046
9273.8,-234.28,9273.7,-234.15,-27.79,13.757,-0.58098,-0.49609
9246.4,-221.74,9246.1,-221.47,-28.225,12.714,-0.60399,-0.76297
9219.8,-208.5,9219.1,-208.69,-28.04,12.144,-0.42553,-0.82003
9193.9,-195.98,9192.9,-196.37,-27.351,11.519,-0.12655,-0.88725
9167.9,-184.88,9167.4,-184.99,-26.341,10.77,0.24968,-0.94378
9141.9,-173.77,9141.8,-174.05,-25.677,10.134,0.43663,-0.94715
9114.6,-162.64,9115.3,-163.21,-25.548,9.7568,0.46309,-0.87183
9087.9,-152.23,9088.7,-152.58,-25.69,9.6823,0.37955,-0.67546
9062.6,-141.85,9062.7,-142.25,-25.587,9.5463,0.33645,-0.54734
9035.3,-130.72,9035.9,-131.31,-25.932,9.9648,0.18906,-0.26423
9007.9,-121,9008.4,-121.01,-26.825,10.073,-0.14165,-0.10998
8981.9,-111.31,8981.5,-111.17,-27.149,9.9228,-0.2654,-0.075866
8954.5,-101.59,8954.3,-101.45,-27.492,9.8142,-0.34794,-0.039101
8929.9,-93.343,8928.8,-92.758,-26.703,9.2514,-0.073514,-0.13967
8904.6,-84.374,8904,-84.172,-25.704,8.7672,0.24759,-0.22497
8881.4,-76.152,8880.7,-75.976,-24.076,8.2845,0.7065,-0.29323
8860.4,-67.263,8859.5,-67.613,-21.872,7.9706,1.2407,-0.33366
8839.3,-59.788,8839.1,-59.874,-19.957,7.5345,1.592,-0.38606
8819.6,-52.341,8819.9,-52.358,-18.203,7.27,1.8213,-0.35578
8805,-42.867,8804.3,-43.616,-15.346,7.786,2.2901,-0.11555
8791.7,-33.42,8791.4,-34.137,-12.131,8.6503,2.7822,0.19258
8774.1,-30.961,8776.3,-28.955,-11.43,7.1936,2.4464,-0.17076
8763.6,-24.396,8764.2,-23.598,-10.127,6.1016,2.2364,-0.42133
8748.8,-21.992,8750.7,-20.796,-10.209,3.9185,1.685,-0.96827
8741.1,-15.481,8740.9,-16.316,-8.9716,3.2687,1.5409,-1.0044
8736.9,-13.986,8735.2,-14.024,-6.3981,1.8371,1.7728,-1.2362
8727.2,-5.3132,8728,-7.9127,-5.4581,2.9404,1.5795,-0.71843
8720.8,-4.4847,8721.5,-4.5566,-4.9227,2.777,1.2719,-0.55262
8718,-4.4308,8717.8,-3.4657,-3.3701,1.6576,1.3268,-0.6739
8715.2,-4.3768,8715.1,-3.4669,-2.0175,0.45162,1.3156,-0.79512
8713.8,-4.3498,8713.8,-3.9948,-0.70862,-0.60994,1.298,-0.87894
8713,-5.0433,8713.4,-4.9735,0.561,-1.4052,1.3078,-0.86672
8711.7,-3.6024,8712.7,-4.7661,0.86699,-1.3286,1.0266,-0.65235
8710.3,-2.1614,8711.1,-3.8885,0.0082425,-0.96353,0.3776,-0.44371
8709.6,-1.4409,8709.8,-2.7326,-0.7205,-0.28827,-0.11216,-0.14253
8709.6,-1.4409,8709.5,-1.3814,-0.4891,0.9666,-0.13607,0.41603
8709.6,-1.4409,8709.2,-0.75873,-0.74001,1.3803,-0.34307,0.58396
8709.6,-1.4409,8709.4,-0.21702,-0.3149,1.817,-0.21191,0.7604
8709.6,-1.4409,8709.1,-0.43565,-0.76294,1.3018,-0.44461,0.51548
8709.6,-1.4409,8708.8,-0.68783,-1.1246,0.85559,-0.60342,0.31948
8709.6,-1.4409,8709.3,-1.7033,-0.40242,-0.54615,-0.26555,-0.28344
8709.6,-1.4409,8709.6,-1.8747,-0.061656,-0.68192,-0.10809,-0.3013
8709.6,-1.4409,8709.6,-1.8347,-0.11774,-0.53324,-0.1268,-0.20517
8709.6,-1.4409,8709.6,-1.6701,-0.13895,-0.2461,-0.12397,-0.064075
8709.6,-1.4409,8709.4,-1.4259,-0.29773,0.10944,-0.17929,0.092023
8709.6,-1.4409,8709.3,-1.1845,-0.40692,0.42276,-0.20946,0.21761
8709.6,-1.4409,8709.4,-1.2493,-0.28391,0.29495,-0.13808,0.14346
8709.6,-1.4409,8709.5,-1.3736,-0.096129,0.099869,-0.045326,0.04709
8708.9,-0.72047,8709.1,-0.95615,-0.2389,0.2482,-0.065722,0.06828
8708.9,-0.72047,8708.9,-0.6868,-0.31601,0.32831,-0.079482,0.082575
8708.9,-0.72047,8708.7,-0.57285,-0.28554,0.29665,-0.060256,0.062601
8708.9,-0.72047,8708.7,-0.56249,-0.19345,0.20098,-0.02397,0.024903
8708.9,-0.72047,8708.8,-0.61216,-0.077463,0.080477,0.016499,-0.017141
8708.2,3.3462e-13,8708.4,-0.20178,-0.20594,0.21395,-0.014395,0.014955
8708.2,3.3462e-13,8708.2,-0.0044735,-0.19939,0.20714,-0.0057404,0.0059638
8708.2,3.3462e-13,8708.1,0.058627,-0.12498,0.12985,0.019762,-0.020531
8708.2,3.3462e-13,8708.1,0.049915,-0.033399,0.034698,0.045513,-0.047284
8708.2,3.3462e-13,8708.2,0.015304,0.041196,-0.042799,0.061016,-0.06339
8708.2,3.3462e-13,8708.2,-0.015775,0.081136,-0.084293,0.061875,-0.064282
8708.2,3.3462e-13,8708.2,-0.030373,0.08526,-0.088578,0.049796,-0.051734
