0,0,NaN,NaN,NaN,NaN,NaN,NaN
59.23,-10.806,NaN,NaN,NaN,NaN,NaN,NaN
128.46,-21.41,NaN,NaN,NaN,NaN,NaN,NaN
211.64,-29.732,NaN,NaN,NaN,NaN,NaN,NaN
302.79,-35.893,NaN,NaN,NaN,NaN,NaN,NaN
405.91,-40.811,NaN,NaN,NaN,NaN,NaN,NaN
522.94,-41.448,NaN,NaN,NaN,NaN,NaN,NaN
645.12,-48.982,NaN,NaN,NaN,NaN,NaN,NaN
780.17,-50.255,NaN,NaN,NaN,NaN,NaN,NaN
926.22,-51.306,NaN,NaN,NaN,NaN,NaN,NaN
1081.4,-58.173,NaN,NaN,NaN,NaN,NaN,NaN
1246.5,-62.84,NaN,NaN,NaN,NaN,NaN,NaN
1422.7,-70.283,NaN,NaN,NaN,NaN,NaN,NaN
1604.9,-78.605,NaN,NaN,NaN,NaN,NaN,NaN
1793.1,-86.806,1795.1,-87.928,196,-11.602,8.5221,-2.5389
1993.3,-93.765,1993.8,-96.185,203.46,-12.02,7.9752,-2.3063
2202.4,-98.543,2201.9,-101.77,211.54,-10.29,7.7257,-1.3908
2420.4,-96.14,2419.1,-101.01,219.86,-5.2523,7.5802,0.37013
2645.4,-92.596,2644.7,-96.139,228.4,0.96581,7.6326,2.2464
2876.4,-87.931,2876.6,-88.929,235.83,6.7977,7.3886,3.7318
3116.3,-84.084,3116.1,-82.079,243.06,10.417,7.1195,4.2852
3362.3,-78.116,3362.8,-74.383,250.47,13.175,7.0833,4.5074
3614.9,-56.011,3615.6,-57.267,256.94,18.486,6.7637,5.0928
3872.5,-33.804,3873.5,-35.053,262.32,23.99,6.1801,5.5373
4132,-9.557,4134.1,-9.2336,265.76,29.151,5.161,5.8279
4392.6,14.71,4395.3,16.989,266.73,31.841,3.5923,5.2736
4651.2,38.936,4654.5,42.793,264.68,32.592,1.425,4.2549
4908.8,61.143,4911.8,66.196,261.17,30.858,-0.68879,2.6766
5163.5,79.29,5166,85.034,256.32,26.249,-2.7207,0.51171
5416.2,96.397,5416.8,100.46,250.38,20.226,-4.7005,-1.7573
5666,108.44,5664.8,110.85,244.49,12.568,-6.2263,-4.1623
5908.9,114.35,5907.4,114.81,237.99,3.2243,-7.4882,-6.6966
6145.8,119.14,6144.4,116.34,231.4,-4.1544,-8.3311,-8.0998
6379.8,123.86,6377.5,118.42,225.97,-7.6638,-8.4769,-7.8835
6606.8,128.45,6604.8,122.46,220.38,-6.9843,-8.4797,-6.1338
6822.7,132.81,6822.8,127.87,213.05,-3.9791,-8.8108,-3.7787
7029.9,124.99,7030.8,124.97,203.88,-5.5229,-9.5453,-3.1497
7227.2,110.97,7228.1,114.23,193.12,-9.7307,-10.575,-3.3075
7422.5,101.91,7420.1,102.66,184.22,-12.794,-10.872,-3.2144
7609.7,92.694,7606.1,91.326,176.68,-14.39,-10.635,-2.7947
7787.9,85.29,7784.8,81.939,169.86,-14.04,-10.066,-1.9584
7955.1,77.665,7953.9,74.11,162.26,-12.312,-9.6889,-0.86464
8111.2,70.818,8111.9,68.004,153.32,-9.4634,-9.6547,0.4067
8258.4,62.788,8259.5,61.877,143.42,-6.9754,-9.8995,1.3718
8397.6,54.598,8397.9,55.766,133.49,-4.6421,-10.126,2.1945
8527.8,46.225,8527.5,49.229,124.01,-2.9193,-10.152,2.7229
8648,39.65,8647.4,42.673,114.26,-2.2245,-10.256,2.706
8758.1,33.874,8757.1,35.942,103.83,-2.7831,-10.599,2.0979
8858.2,27.895,8857.1,28.656,93.584,-4.498,-10.79,1.0456
8946.4,22.673,8946.3,21.902,83.425,-6.0251,-10.777,0.13697
9022.5,17.209,9023.6,16.7,72.678,-5.5931,-10.833,0.17202
9086.5,15.502,9088.5,14.66,61,-3.1788,-11.104,0.89271
9138.7,7.5544,9140.1,9.2295,47.59,-3.4329,-11.962,0.69882
9181.7,6.4232,9181.1,6.4237,34.716,-2.4959,-12.576,0.82929
9215.8,5.1102,9213.2,4.738,23.449,-1.5418,-12.609,0.89193
9242.9,-1.3431,9238.8,0.16246,15.032,-2.5139,-11.717,0.4037
9261.9,-2.959,9258,-2.9825,8.9026,-2.7815,-10.181,0.14875
9266,-3.878,9265.6,-4.5871,1.4692,-2.1827,-9.1641,0.20855
9280,-6.5947,9275.1,-6.5731,-0.45894,-1.9023,-6.8241,0.20799
9280.1,-8.5943,9278.2,-8.4144,-2.7046,-1.6378,-4.9379,0.2214
9280.1,-10.594,9278.7,-10.409,-3.7081,-1.6872,-3.0825,0.12195
9280.1,-11.594,9278.6,-11.793,-3.2719,-1.4997,-1.2548,0.10055
9281.1,-12.573,9279.5,-12.764,-1.3849,-1.1425,0.5287,0.14996
9281.2,-13.573,9280.6,-13.631,1.0456,-0.87564,2.0561,0.16958
9281.2,-14.573,9282,-14.484,3.4683,-0.71076,3.2043,0.16337
9281.2,-14.573,9283.4,-14.897,5.4293,-0.56567,3.9002,0.11432
9281.2,-14.573,9284.4,-14.48,6.5464,0.32104,4.0889,0.38842
9281.2,-14.573,9284.7,-14.625,6.4177,0.1693,3.688,0.2045
9277.2,-14.654,9281.5,-14.645,3.9138,0.14692,2.5021,0.11564
9275.2,-14.694,9277.8,-14.265,1.0397,0.6352,1.2301,0.27693
9271.2,-13.775,9272.9,-13.826,-1.7754,0.62374,0.1594,0.17495
9268.1,-10.836,9268.8,-11.745,-3.0541,1.36,-0.20982,0.2878
9266.1,-8.877,9264.7,-9.2225,-4.8238,2.2554,-0.87998,0.48015
9264,-6.9178,9262.6,-6.7518,-3.9972,2.8204,-0.45074,0.55077
9263,-3.9386,9261.7,-3.748,-2.5327,3.4199,0.12303,0.61676
9261.9,-2.959,9261.4,-1.9934,-0.98718,3.0452,0.64715,0.38099
9261.9,-1.9592,9261.8,-0.97167,0.50755,2.2459,1.0551,0.050783
9261.9,-0.95941,9262.5,-0.34509,1.7309,1.3377,1.3176,-0.26884
9261.9,0.040389,9263,0.12595,2.2686,0.51512,1.2969,-0.5215
9261.9,0.040389,9263.1,-0.10461,2.0807,-0.5055,1.0072,-0.7978
9261.9,0.040389,9262.8,-0.48229,1.3375,-1.2303,0.54104,-0.92356
9261.9,0.040389,9262.3,-0.71317,0.44211,-1.4779,0.077041,-0.85422
9261.9,0.040389,9262,-0.67048,0.026954,-1.2409,-0.12122,-0.6095
9261.9,0.040389,9261.7,-0.41616,-0.48625,-0.71468,-0.33516,-0.28615
9261.9,0.040389,9261.6,-0.16715,-0.52512,-0.25,-0.32186,-0.036314
9261.9,0.040389,9261.6,-0.059504,-0.5167,-0.036083,-0.28831,0.070307
9261.9,0.040389,9261.6,0.12171,-0.45953,0.23835,-0.23745,0.18608
9261.9,0.040389,9261.7,0.20909,-0.27784,0.34713,-0.13816,0.21685
9261.9,0.040389,9261.8,0.15286,-0.14357,0.2437,-0.068437,0.15172
9260.9,0.020195,9261.2,0.2101,-0.35081,0.30898,-0.09815,0.16633
9260.9,0.020195,9260.8,0.19176,-0.46106,0.26152,-0.11729,0.13141
9259.9,-5.4146e-13,9260,0.095913,-0.75889,0.12332,-0.18294,0.061678
9259.9,-5.4146e-13,9259.6,-0.005372,-0.73449,-0.014836,-0.14915,-0.0030126
9259.9,-5.4146e-13,9259.5,-0.0071737,-0.52334,-0.010571,-0.063084,-0.0012742
9259.9,-5.4146e-13,9259.6,-0.0053786,-0.23137,-0.0046734,0.039441,0.00079666
9259.9,-5.4146e-13,9259.8,-0.0019667,0.056463,0.0011405,0.1301,0.0026279
9259.9,-5.4146e-13,9260,0.0015443,0.279,0.0056355,0.18936,0.0038248
9259.9,-5.4146e-13,9260.1,0.0040983,0.39889,0.0080571,0.20649,0.0041708
9259.9,-5.4146e-13,9260.1,0.0051015,0.40255,0.0081309,0.17954,0.0036265
9259.9,-5.4146e-13,9260.1,0.0044217,0.30019,0.0060635,0.11538,0.0023305
9259.9,-5.4146e-13,9260,0.002389,0.12585,0.002542,0.029657,0.00059904
