0,0,NaN,NaN,NaN,NaN,NaN,NaN
44.292,-6.8707,NaN,NaN,NaN,NaN,NaN,NaN
93.547,-14.353,NaN,NaN,NaN,NaN,NaN,NaN
150.49,-23.187,NaN,NaN,NaN,NaN,NaN,NaN
215.01,-31.14,NaN,NaN,NaN,NaN,NaN,NaN
287.34,-42.676,NaN,NaN,NaN,NaN,NaN,NaN
368.23,-55.066,NaN,NaN,NaN,NaN,NaN,NaN
457.68,-68.31,NaN,NaN,NaN,NaN,NaN,NaN
556.56,-81.91,NaN,NaN,NaN,NaN,NaN,NaN
662.88,-92.396,NaN,NaN,NaN,NaN,NaN,NaN
774.15,-103.49,NaN,NaN,NaN,NaN,NaN,NaN
892.5,-112.84,NaN,NaN,NaN,NaN,NaN,NaN
1016.7,-122.31,NaN,NaN,NaN,NaN,NaN,NaN
1148.4,-130.89,NaN,NaN,NaN,NaN,NaN,NaN
1289.1,-138.96,1288.8,-137.95,142.37,-5.5391,6.4592,1.9574
1435.2,-148.51,1434.3,-146.39,148.24,-5.333,6.0306,1.755
1589.4,-158.05,1588,-155.87,155.24,-6.2052,6.0762,1.1924
1749.6,-169.93,1748.5,-167.63,162.48,-8.5108,6.2568,0.23982
1912.1,-183.92,1913.1,-182.15,168.4,-12.098,6.119,-1.0008
2080.3,-195.79,2082,-196.07,173.46,-14.363,5.7891,-1.6376
2252.1,-207.9,2254.2,-209.4,177.18,-15.475,5.124,-1.7927
2429.2,-219.26,2430.5,-221.41,180.24,-15.144,4.3258,-1.4236
2612.1,-228.5,2611.7,-231.06,183.32,-13.194,3.6031,-0.57542
2795.9,-239.48,2795.6,-240.75,185.68,-11.522,2.8381,0.09099
2981.5,-249.45,2981.6,-249.75,187.6,-9.6362,2.1781,0.76279
3164,-260.06,3166,-259.23,187.32,-8.5291,1.1042,1.0848
3349,-269.17,3350.6,-268.21,186.61,-7.6139,0.16201,1.2591
3536.3,-278.16,3536.5,-277.2,186.07,-7.3244,-0.54331,1.1459
3726.2,-285.65,3724.7,-285.4,186.27,-7.1184,-0.90677,0.94621
3917.9,-292.14,3915.4,-292.45,187.55,-6.6251,-0.81459,0.83118
4107.4,-292.94,4105.7,-295.13,188.14,-4.2347,-0.86564,1.2438
4296.9,-293.73,4295.9,-295.22,188.52,-1.0292,-0.86238,1.8989
4481.5,-293.92,4482.9,-293.88,187.43,2.0771,-1.1245,2.4825
4665.8,-289.63,4667.5,-289.6,185.39,5.4141,-1.5814,2.9868
4848.9,-287.21,4850.2,-285.42,182.88,7.367,-2.0867,3.002
5029.8,-279.09,5030.3,-278.27,179.56,9.5754,-2.7939,2.9929
5208.1,-270.23,5207.5,-269.55,175.54,11.179,-3.6355,2.7259
5381,-262.12,5380.5,-260.7,170.89,11.863,-4.4464,2.2373
5549,-255.64,5548.8,-253.44,165.81,10.86,-5.1363,1.3152
5712.2,-250.77,5712.5,-248.3,161.01,8.5384,-5.4423,0.16956
5874.1,-245.53,5873.3,-244.17,156.95,5.8637,-5.4342,-0.90792
6032.3,-240.05,6031,-240.06,153.33,3.8104,-5.2621,-1.5918
6191,-233.21,6188,-234.75,151.2,3.0163,-4.6963,-1.7551
6339.3,-218.45,6338.6,-223.14,147.38,5.9319,-4.65,-0.78672
6485.4,-203.81,6485.1,-208.22,143.6,9.9579,-4.5355,0.39056
6624.3,-188.69,6625.2,-190.99,138.62,14.608,-4.7404,1.7057
6756,-173.09,6758.2,-172.79,132.55,18.688,-5.143,2.7278
6886.3,-165.18,6887,-160.28,126.71,18.348,-5.4843,2.3056
7011.2,-155.78,7010.8,-150.43,120.84,16.169,-5.8272,1.3555
7130.6,-144.91,7129.6,-141.95,114.96,12.655,-6.1352,-0.070685
7245.8,-130.7,7244,-131.5,109.72,10.388,-6.1833,-1.0434
7357,-115.38,7355,-118.56,105.72,9.8802,-5.7611,-1.3541
7461.9,-101.31,7461.1,-104.46,102.03,10.495,-5.2023,-1.1658
7562.7,-86.133,7562.7,-88.635,98.585,12.478,-4.5964,-0.44756
7657.8,-73.072,7658.7,-73.308,94.209,14.27,-4.3943,0.25488
7747.6,-60.764,7748.7,-59.026,88.914,15.416,-4.554,0.75102
7831.2,-49.707,7832,-46.808,82.277,15.027,-5.1916,0.68596
7908.2,-41.265,7909.1,-38.403,75.609,11.885,-5.6745,-0.36605
7979,-34.075,7979.5,-32.478,68.267,7.8574,-6.3198,-1.599
8045.5,-29.373,8045,-29.194,61.937,3.3106,-6.5136,-2.8392
8109.3,-26.163,8107.6,-27.463,57.416,-0.52389,-6.1041,-3.6294
8171.5,-23.949,8168.3,-25.718,54.516,-2.1034,-5.3234,-3.4094
8230.5,-22.361,8227.5,-24.3,53.22,-2.6289,-4.1424,-2.8316
8285.6,-21.895,8284,-23.47,52.435,-2.6035,-2.946,-2.1278
8336.2,-21.685,8336.5,-23.08,50.975,-2.3675,-2.1358,-1.4838
8382.3,-21.731,8384.2,-22.801,48.287,-1.7937,-1.857,-0.83868
8425.7,-21.037,8427.9,-21.875,44.968,-0.60644,-1.8779,-0.11066
8463.8,-21.096,8466.3,-21.279,40.145,0.23198,-2.4489,0.35896
8499.7,-21.283,8500.9,-20.865,35.107,0.90742,-3.0994,0.68968
8531.4,-20.361,8531.6,-20.041,29.959,1.527,-3.7466,0.88639
8561.4,-20.434,8560.2,-19.722,25.932,1.6026,-3.9723,0.84699
8588.2,-18.9,8586.7,-18.606,23.056,1.9723,-3.76,0.86139
8613.3,-18.361,8611.8,-17.825,21.529,1.9251,-3.1055,0.72091
8634.7,-17.581,8634.3,-17.026,20.203,1.8385,-2.4425,0.5847
8656.2,-16.8,8655.7,-16.298,19.435,1.6386,-1.7545,0.42318
8674.9,-15.28,8674.9,-15.151,18.308,1.6036,-1.3382,0.31748
8688.9,-9.5505,8690.2,-10.932,15.909,3.0871,-1.397,0.64228
8702.5,-5.1861,8703.4,-5.8795,13.497,4.6564,-1.5097,0.97131
8713.6,-2.3146,8714.3,-1.6518,10.972,5.3203,-1.6721,1.0055
8727.1,-3.78,8726,-1.0845,10.018,3.75,-1.4053,0.40017
8735,-1.5339,8735,-0.28087,8.3415,2.3885,-1.3944,-0.11282
8738.6,-1.7759,8740,-0.75134,5.6641,0.63028,-1.6361,-0.66101
8742.4,-4.2503,8743.1,-3.3254,3.0711,-1.8125,-1.8548,-1.322
8746,-4.4922,8745.7,-5.3721,1.4319,-3.3663,-1.7706,-1.6483
8753.9,-2.2461,8751.3,-4.8898,2.2085,-2.9131,-1.0505,-1.3116
8754.8,-1.7485,8754.4,-3.9848,2.0653,-2.0272,-0.65526,-0.85058
8757.4,-0.25565,8757.1,-1.8729,2.1464,-0.2323,-0.27648,-0.10576
8759.6,-0.12783,8759.7,-0.11967,2.4347,1.279,0.096343,0.50849
8761,-0.49761,8761.4,0.82799,2.2091,2.1171,0.197,0.84929
8761.8,3.3324e-12,8762.5,1.4315,1.9338,2.3085,0.25597,0.8751
8761.8,3.3324e-12,8762.9,1.001,1.5959,1.3062,0.29829,0.40639
8761.8,3.3324e-12,8762.7,0.35563,0.83865,0.24333,0.13481,-0.043388
8761.8,3.3324e-12,8762.1,-0.17797,0.030073,-0.4972,-0.076383,-0.32202
8761.8,3.3324e-12,8761.2,-0.31756,-1.0098,-0.60887,-0.41699,-0.31586
8761.8,3.3324e-12,8761.1,-0.63674,-0.93406,-0.94825,-0.28988,-0.42134
8761.8,3.3324e-12,8761.6,-0.45303,-0.13194,-0.59094,0.10985,-0.22717
8761.8,3.3324e-12,8762,0.034945,0.50791,0.13038,0.38801,0.10371
8761.8,3.3324e-12,8762.2,0.22966,0.74336,0.38418,0.45928,0.20432
8761.8,3.3324e-12,8761.9,0.12721,0.32188,0.21259,0.23531,0.11272
8761.8,3.3324e-12,8762.2,0.11134,0.65723,0.17254,0.3567,0.085977
8761.8,3.3324e-12,8762.2,-0.011931,0.52908,-0.0086439,0.26922,0.00024576
8761.8,3.3324e-12,8762,0.004792,0.30385,0.014505,0.14854,0.0098648
8761.8,3.3324e-12,8761.9,0.046509,0.12024,0.068977,0.056693,0.032524
8761.8,3.3324e-12,8761.8,3.3324e-12,-4.5475e-13,0,-4.5475e-13,-2.0195e-28
8761.8,3.3324e-12,8761.8,3.3324e-12,-4.5475e-13,0,-4.5475e-13,-2.0195e-28
8761.8,3.3324e-12,8761.8,3.3324e-12,-4.5475e-13,0,-4.5475e-13,-2.0195e-28
8761.8,3.3324e-12,8761.8,3.3324e-12,-4.5475e-13,0,-4.5475e-13,-2.0195e-28
8761.8,3.3324e-12,8761.8,3.3324e-12,-4.5475e-13,0,-4.5475e-13,-2.0195e-28
8761.8,3.3324e-12,8761.8,3.3324e-12,-4.5475e-13,0,-4.5475e-13,-2.0195e-28
8761.8,3.3324e-12,8761.8,3.3324e-12,-4.5475e-13,0,-4.5475e-13,-2.0195e-28
8761.8,3.3324e-12,8761.8,3.3324e-12,-4.5475e-13,0,-4.5475e-13,-2.0195e-28
8761.8,3.3324e-12,8761.8,3.3324e-12,-4.5475e-13,0,-4.5475e-13,-2.0195e-28
