0,0,NaN,NaN,NaN,NaN,NaN,NaN
58.052,3.9961,NaN,NaN,NaN,NaN,NaN,NaN
125.57,8.5409,NaN,NaN,NaN,NaN,NaN,NaN
199.15,12.486,NaN,NaN,NaN,NaN,NaN,NaN
278.78,15.831,NaN,NaN,NaN,NaN,NaN,NaN
362.53,19.099,NaN,NaN,NaN,NaN,NaN,NaN
452.6,22.732,NaN,NaN,NaN,NaN,NaN,NaN
547.49,25.061,NaN,NaN,NaN,NaN,NaN,NaN
653.52,26.452,NaN,NaN,NaN,NaN,NaN,NaN
769.99,28.13,NaN,NaN,NaN,NaN,NaN,NaN
896.12,27.2,NaN,NaN,NaN,NaN,NaN,NaN
1025.9,28.383,NaN,NaN,NaN,NaN,NaN,NaN
1161.1,30.193,NaN,NaN,NaN,NaN,NaN,NaN
1301.6,32.63,NaN,NaN,NaN,NaN,NaN,NaN
1448.4,35.432,1451.9,34.416,154.86,1.8975,7.7427,0.30796
1609.7,34.322,1609.7,35.315,161.94,1.8916,7.5815,0.35815
1780.9,31.569,1778.4,33.605,170.42,0.45801,7.7139,-0.030456
1962.7,25.947,1958.8,28.566,180.83,-2.3916,8.3662,-0.78372
2150.6,19.725,2148.3,21.428,191.41,-5.6608,9.041,-1.581
2343.3,12.198,2344.1,12.592,200.94,-8.9535,9.4404,-2.2987
2537,4.4113,2542,3.1692,207.13,-11.506,8.9008,-2.705
2733.8,-3.1929,2740.9,-5.6661,210.1,-12.544,7.5246,-2.5547
2933,-13.51,2939.6,-15.417,209.4,-13.059,5.1192,-2.1789
3126.9,-20.332,3133.3,-22.972,203.68,-11.6,1.4931,-1.2268
3324.3,-26.006,3326.3,-28.108,196.97,-8.4522,-1.9488,0.16362
3516.8,-30.375,3516.6,-31.546,190.03,-5.0049,-4.7359,1.4005
3707.2,-31.065,3705.1,-31.983,184.2,-0.95961,-6.482,2.5486
3905.4,-33.843,3899,-32.788,183.76,1.4665,-6.0793,2.9661
4101.6,-36.098,4095.5,-34.092,186.23,2.3856,-4.543,2.7743
4304.8,-39.215,4297.8,-36.413,191.81,2.0842,-2.2211,2.2176
4503.2,-41.026,4500,-38.849,196.68,1.1976,-0.30325,1.4968
4696.8,-41.534,4698.1,-40.485,198.26,0.5167,0.40751,0.90306
4885.5,-40.738,4890.1,-40.928,196.15,0.21244,-0.073656,0.46514
5064.1,-39.264,5071.5,-40.135,188.73,0.44431,-2.0735,0.26075
5236.8,-36.225,5243.5,-37.596,178.02,1.448,-4.809,0.34042
5406,-31.177,5408.7,-32.685,166.26,3.503,-7.5685,0.77237
5568.7,-23.338,5567.5,-24.532,154.81,6.9534,-9.8239,1.6374
5725.6,-13.933,5721.6,-14.366,145.69,10.273,-10.837,2.3081
5878.6,-3.4859,5872.4,-2.8675,139.26,13.059,-10.726,2.7032
6028.5,6.7787,6022.1,8.4968,137.01,14.422,-9.0321,2.5662
6176.6,14.408,6171.3,17.267,137.94,13.219,-6.4023,1.6159
6326.4,20.55,6321.5,23.666,140.91,10.611,-3.5923,0.40393
6473.7,25.283,6471.4,27.67,144.52,6.9638,-0.99856,-0.94673
6613.8,29.912,6615.2,30.667,144.41,3.5924,-0.083303,-1.9924
6747.2,33.209,6751.8,32.573,140.98,0.55468,-0.36867,-2.7543
6869.3,36.479,6876.7,34.451,132.49,-1.3863,-2.2084,-3.0186
6981.2,40.427,6989,37.419,119.72,-1.6545,-5.1456,-2.6586
7087.5,42.783,7092.2,40.472,106.27,-0.99738,-7.8794,-1.9476
7189.7,45.217,7189.5,43.764,94.149,0.29827,-9.8711,-1.0677
7288.4,46.502,7283.6,46.336,85.068,1.3237,-10.653,-0.36315
7382.5,45.935,7375.6,46.984,79.791,1.1845,-9.9984,-0.13502
7468.4,45.524,7463.1,46.531,76.526,0.41548,-8.5612,-0.19723
7548.7,43.521,7545.8,44.397,74.468,-1.1863,-6.7534,-0.56588
7622.6,41.152,7622.7,41.335,72.29,-2.8958,-5.1242,-0.95372
7690.9,37.191,7693,37.188,68.84,-4.4762,-4.1613,-1.2181
7756.1,33.047,7757.7,32.591,64.09,-5.5948,-3.9635,-1.287
7813.8,27.833,7815.3,27.352,57.544,-6.3965,-4.5049,-1.2192
7866.3,22.958,7866.9,22.173,50.52,-6.6444,-5.2101,-0.98817
7912.3,16.752,7912.2,16.422,43.241,-6.7366,-5.9194,-0.7108
7949.7,9.7363,7950.4,9.7904,35.987,-7.0479,-6.3877,-0.544
7984.1,2.5377,7984,2.5667,30.161,-7.4847,-6.2755,-0.46826
8011.2,3.479,8011.4,0.73192,24.309,-4.8592,-6.1621,0.4392
8033,-0.32873,8032.9,-1.3181,18.331,-2.8859,-6.1352,1.0305
8050.5,-0.90146,8049.5,-1.5332,12.665,-0.4395,-6.0819,1.6597
8062.8,-1.1354,8061.4,-0.77322,7.565,1.8137,-5.8815,2.1298
8071.6,0.63944,8070,1.3092,3.8447,3.8062,-5.2516,2.389
8073.1,2.3094,8072.8,3.7326,-0.21461,5.0823,-4.7769,2.3627
8074.6,3.9793,8073.6,5.8331,-2.822,5.3144,-3.9654,1.9749
8077.7,4.1622,8075.2,6.4961,-3.0738,4.2391,-2.6609,1.2296
8078.9,4.8667,8076.6,6.4416,-2.4285,2.5208,-1.38,0.35186
8079.2,5.8321,8077.8,6.2944,-1.0111,0.87329,-0.097109,-0.38908
8079.2,5.8321,8078.8,5.6262,0.49815,-0.75092,0.93376,-0.99342
8079.2,5.8321,8079.8,5.1395,2.057,-1.6215,1.7539,-1.2023
8079.2,5.8321,8080.8,5.0276,3.4467,-1.7037,2.332,-1.0589
8079.2,5.8321,8081.2,5.1116,3.8272,-1.4145,2.3638,-0.78361
8079.2,5.8321,8081.3,4.8255,3.7264,-1.6152,2.1513,-0.76509
8079.2,5.8321,8081,5.2829,3.0363,-0.79943,1.6858,-0.32701
8079.2,5.8321,8080.3,5.6049,1.9532,-0.25573,1.081,-0.055358
8079.2,5.8321,8079.7,5.8997,0.98966,0.18619,0.57316,0.14314
8079.2,5.8321,8079.4,5.949,0.41565,0.24633,0.27251,0.15699
8079.2,5.8321,8079.6,5.9437,0.6607,0.22046,0.35149,0.1313
8079.2,5.8321,8079.6,5.9153,0.61146,0.16212,0.29921,0.093472
8079.2,5.8321,8079.3,5.9743,0.20445,0.22524,0.097985,0.11207
8079.2,5.8321,8079.2,5.9223,0.036157,0.13382,0.017048,0.063097
8079.2,5.8321,8079.2,5.8321,-4.5475e-13,0,-2.2737e-13,-1.1102e-16
8079.2,5.8321,8079.2,5.8321,-4.5475e-13,0,-2.2737e-13,-1.1102e-16
8079.2,5.8321,8079.2,5.8321,-4.5475e-13,0,-2.2737e-13,-1.1102e-16
8079.2,5.8321,8079.2,5.8321,-4.5475e-13,0,-2.2737e-13,-1.1102e-16
8079.2,5.8321,8079.2,5.8321,-4.5475e-13,0,-2.2737e-13,-1.1102e-16
8079.2,5.8321,8079.2,5.8321,-4.5475e-13,0,-2.2737e-13,-1.1102e-16
8079.2,5.8321,8079.2,5.8321,-4.5475e-13,0,-2.2737e-13,-1.1102e-16
8082.1,5.0496,8081.2,5.3055,0.99772,-0.26958,0.27447,-0.07416
8087.2,4.7108,8085.7,4.785,3.0725,-0.4733,0.81411,-0.1218
8094.5,4.8157,8092.9,4.6052,6.0186,-0.44046,1.5246,-0.096883
8100.8,5.1814,8100.7,4.8256,8.395,-0.184,1.9749,-0.0098037
8105.2,6.0688,8107.1,5.6252,9.1272,0.33364,1.8785,0.14204
8118.5,5.574,8118.1,5.7875,11.651,0.41314,2.2307,0.1562
8130.2,6.5663,8130.4,6.5219,13.743,0.74323,2.3747,0.23287
8144.3,8.9677,8144.6,8.4963,15.722,1.5973,2.4201,0.43885
8160.2,6.7251,8160.5,7.97,17.573,0.9154,2.3823,0.18997
8177.7,6.1523,8178,7.0314,19.219,0.075164,2.2653,-0.089087
8198.8,7.6932,8198.5,7.3452,21.465,0.0048922,2.3198,-0.13188
8221.6,7.7471,8221.5,7.4631,23.967,-0.15611,2.4521,-0.19118
8247.3,7.0184,8247.3,6.9808,26.895,-0.56221,2.7042,-0.30081
8275,5.7681,8275.4,5.8862,29.768,-1.1133,2.9076,-0.41796
8305.8,4.7006,8306,4.715,32.393,-1.4246,2.9418,-0.42231
8337.8,4.3376,8338.2,3.9726,34.376,-1.3679,2.7398,-0.3205
8370.5,2.7485,8371.4,2.6976,35.582,-1.5283,2.329,-0.28962
8407.3,1.0813,8407.6,1.0929,37.663,-1.7649,2.2768,-0.28516
8443.2,-0.32498,8444.5,-0.47988,39.127,-1.8801,2.1059,-0.25083
8481,-2.253,8481.7,-2.2357,39.296,-1.9284,1.455,-0.18294
8519.8,-4.4418,8520.2,-4.4776,39.746,-2.3054,1.0454,-0.25586
8563.6,-6.9694,8562.4,-7.083,41.517,-2.7642,1.0728,-0.3488
8609.9,-8.0879,8608.1,-8.4316,44.418,-2.0651,1.4625,-0.0167
8657.9,-10.694,8656.6,-10.544,47.784,-2.0178,1.983,0.043322
8705.2,-12.073,8705.5,-12.374,50.065,-2.0009,2.1342,0.032024
8749.1,-14.601,8751.9,-14.523,50.002,-2.0453,1.6265,0.031283
8791,-16.606,8794.8,-16.525,47.587,-1.9386,0.49376,0.084004
8832,-18.352,8835.1,-18.295,43.826,-1.7133,-0.89363,0.16285
8872,-19.836,8873.3,-19.859,39.52,-1.4975,-2.2716,0.2084
8910.7,-22.025,8910.2,-21.845,35.65,-1.6405,-3.2826,0.12647
8946.9,-22.466,8945.4,-22.779,32.223,-1.1774,-3.926,0.23609
8981.5,-24.576,8979.1,-24.331,29.464,-1.1789,-4.1981,0.19781
9013.4,-29.062,9011.4,-27.91,27.81,-2.2884,-3.9089,-0.15206
9044.3,-26.007,9042.7,-27.483,27.087,-1.0873,-3.2576,0.18262
9072.5,-25.326,9072,-26.294,26.466,0.2745,-2.5755,0.53615
9098.7,-24.124,9098.7,-24.513,25.075,1.5875,-2.2612,0.83228
9121.7,-27.228,9122.2,-25.62,22.666,0.91402,-2.3345,0.51011
9145.5,-23.312,9144.7,-23.638,20.685,1.8954,-2.3438,0.68683
9167.4,-22.997,9166.2,-22.508,19.175,2.009,-2.2108,0.57331
9187.3,-22.161,9186.4,-21.51,18.208,1.9435,-1.8762,0.43338
9207.2,-21.325,9206.3,-20.788,17.923,1.5555,-1.3744,0.19827
9224.2,-19.706,9224.3,-19.711,17.172,1.2902,-1.0827,0.015025
9241.7,-16.156,9241.6,-17.089,16.631,1.8055,-0.81096,0.075356
9255.8,-13.755,9256.6,-14.278,15.283,2.3341,-0.83408,0.16387
9267.9,-14.954,9269.1,-13.958,13.323,1.4046,-1.0441,-0.15693
9279.2,-11.77,9279.9,-11.838,11.155,1.8134,-1.3248,-0.0021343
9289.7,-7.3601,9289.7,-7.8973,9.3174,3.1722,-1.4882,0.424
9299.1,-6.8115,9298.6,-6.3673,7.7436,2.4026,-1.5755,0.060129
9305.5,-6.4458,9305.4,-5.7391,5.9775,1.4358,-1.67,-0.26341
9308.4,-3.1059,9309.1,-3.6308,3.5896,1.487,-1.8927,-0.24614
9313.5,-3.4447,9313.1,-2.8022,2.4391,1.1636,-1.7093,-0.2547
9317.6,-3.5227,9316.6,-3.3044,1.7122,-0.19227,-1.4651,-0.66947
9318.6,-3.7836,9318.4,-3.798,0.75776,-0.87823,-1.2905,-0.75349
9319.8,-3.079,9319.6,-3.7104,0.14349,-0.96639,-1.0433,-0.64593
9322,-2.6353,9321.1,-3.3309,0.15997,-0.71756,-0.69015,-0.44039
9322,-2.6353,9321.8,-3.1394,0.10865,-0.56664,-0.39349,-0.29901
9323,-2.8961,9322.6,-3.2688,0.20055,-0.61855,-0.15052,-0.25324
9323,-2.8961,9323.1,-3.0702,0.48289,-0.22993,0.13465,-0.039431
9323,-2.8961,9323.4,-2.5795,0.7186,0.50091,0.34536,0.29403
9323,-2.8961,9323.4,-2.6529,0.70155,0.39239,0.3975,0.23048
9323,-2.8961,9323.3,-2.8571,0.4556,0.10565,0.31732,0.090216
9323,-2.8961,9323,-2.7352,0.21057,0.27387,0.21991,0.15608
9323,-2.8961,9323.1,-2.7373,0.32608,0.25368,0.26907,0.13445
9323,-2.8961,9323.3,-3.0104,0.61004,-0.13353,0.37709,-0.045585
9323.2,-1.9308,9323.3,-2.2584,0.4693,0.34854,0.27247,0.11227
9323.2,-1.9308,9323.3,-1.8159,0.34868,0.56157,0.19056,0.17385
9323.2,-1.9308,9323.5,-1.614,0.49996,0.57191,0.23802,0.16424
9323.2,-1.9308,9323.5,-1.6804,0.42022,0.31901,0.18559,0.053362
9323.2,-1.9308,9323.4,-1.8063,0.15672,0.073362,0.059821,-0.040808
9323.2,-1.9308,9323.3,-1.9097,0.12142,-0.082049,0.043791,-0.0885
9323.5,-0.96538,9323.4,-1.3323,0.045992,0.17022,-0.0030162,-0.011163
9323.5,-0.96538,9323.5,-1.0395,0.058471,0.2164,-0.00020139,-0.00074538
9323.8,3.9644e-12,9323.7,-0.2628,0.13706,0.50726,0.021249,0.078646
9323.8,3.9644e-12,9323.8,0.13219,0.14699,0.54403,0.022167,0.082043
9323.8,3.9644e-12,9323.8,0.27636,0.11842,0.43827,0.012491,0.046231
9323.8,3.9644e-12,9323.8,0.26753,0.072161,0.26707,-0.0012833,-0.0047496
9323.8,3.9644e-12,9323.8,0.17036,0.019741,0.073064,-0.016102,-0.059595
