0,0,NaN,NaN,NaN,NaN,NaN,NaN
82.492,0.14026,NaN,NaN,NaN,NaN,NaN,NaN
181.06,5.8963,NaN,NaN,NaN,NaN,NaN,NaN
300.37,13.36,NaN,NaN,NaN,NaN,NaN,NaN
437.43,31.256,NaN,NaN,NaN,NaN,NaN,NaN
588.34,54.921,NaN,NaN,NaN,NaN,NaN,NaN
754.66,81.109,NaN,NaN,NaN,NaN,NaN,NaN
931.94,110.13,NaN,NaN,NaN,NaN,NaN,NaN
1120.6,134.78,NaN,NaN,NaN,NaN,NaN,NaN
1320.4,158.66,NaN,NaN,NaN,NaN,NaN,NaN
1532.3,183.49,NaN,NaN,NaN,NaN,NaN,NaN
1750.7,211.47,NaN,NaN,NaN,NaN,NaN,NaN
1972.4,241.01,NaN,NaN,NaN,NaN,NaN,NaN
2205.4,272.02,NaN,NaN,NaN,NaN,NaN,NaN
2442.5,304.08,2441.5,299.53,237.62,25.7,3.4628,-1.9561
2682.7,335.49,2682.2,332.57,241.4,28.431,2.5547,-0.9646
2928.4,368.31,2927.6,367.02,245.25,31.731,2.0097,0.19607
3171.9,401.28,3172.6,402.06,246.31,34.844,0.8596,1.2353
3414.8,433.4,3416.2,435.39,245.05,35.55,-0.6608,1.2766
3664.9,465.91,3663.5,467.63,245.15,34.712,-1.4482,0.72237
3913.4,499.44,3911.4,499.85,244.98,33.42,-2.0577,0.015091
4163.8,530.58,4161.3,530.61,245.74,31.313,-2.1203,-0.85026
4408.9,560.31,4408.3,560.45,244.85,29.637,-2.4655,-1.3214
4646.9,586.04,4648.8,587.21,240.74,27.135,-3.5582,-1.8532
4882.9,608.32,4884.4,610.05,235,23.502,-4.9104,-2.5762
5113.7,627.82,5114.7,629.06,228.62,18.975,-6.1028,-3.4501
5339,643.67,5339.5,644.18,221.83,13.994,-7.0754,-4.2963
5557,659.12,5556.7,657.7,213.45,10.041,-8.3544,-4.6909
5764.7,674.83,5764.7,671.52,203.67,8.1252,-9.6943,-4.3768
5964.2,688.42,5963.6,685.08,193.34,7.7106,-10.843,-3.558
6156.2,702.98,6154.4,699.58,183.3,8.8933,-11.598,-2.3353
6339.7,710.95,6337.6,710.63,174.68,8.9704,-11.552,-1.5166
6516.1,714.93,6513.8,717.12,167.22,7.3645,-11.005,-1.2703
6684,718.15,6681.6,720.45,159.35,4.7747,-10.658,-1.4289
6843.3,720.61,6841.2,721.71,151.74,1.8041,-10.199,-1.8038
6992.8,724.2,6991.4,723.24,143.36,-0.035051,-10.018,-1.8756
7135.1,727.39,7133.9,725.18,135.83,-0.86168,-9.5079,-1.6903
7268.4,728.96,7268.1,726.98,128.5,-0.89716,-8.9241,-1.2549
7395.1,727.39,7394.6,726.97,121.12,-1.1818,-8.5054,-0.88458
7518.1,723.39,7516.1,724.51,115.13,-2.0571,-7.8089,-0.68487
7631.9,715.55,7630.5,718.28,108.99,-4.1639,-7.2912,-0.83581
7738,706.45,7737.4,708.94,102.64,-7.2882,-6.91,-1.3425
7834.4,694.86,7835.5,696.42,95.571,-11.328,-6.7454,-2.1479
7920.5,681.31,7923.1,681.42,86.769,-15.48,-7.1144,-2.9307
7997.9,667.01,8000.6,665.19,76.738,-18.945,-7.8398,-3.4457
8066.7,649.71,8068.5,647.81,66.081,-20.966,-8.6917,-3.305
8127.9,633.39,8127.9,631.11,55.568,-20.984,-9.4412,-2.4848
8178.6,615.1,8178,613.75,45.068,-20.424,-10.055,-1.5543
8220.6,593.83,8219.3,594.15,35.2,-20.513,-10.333,-0.92982
8257.8,574.23,8255.1,574.25,27.694,-20.522,-9.7926,-0.4633
8291.1,555.8,8287.2,555.14,22.949,-19.995,-8.4678,0.001048
8323.6,540.1,8318.8,538.47,21.903,-18.214,-6.2047,0.68795
8351.7,524.72,8348.2,523.49,22.227,-15.842,-3.8961,1.4228
8379.3,508.48,8376.6,508.65,23.48,-13.967,-1.7896,1.8876
8402.4,492.54,8402.3,493.85,24.374,-12.606,-0.17226,2.1181
8423.6,475.38,8425.2,477.72,24.391,-12.636,0.79564,1.8463
8441.8,453.06,8444.8,457.17,23.173,-15.314,1.1106,0.8136
8459.1,431.25,8462.2,434.34,21.308,-18.946,1.0201,-0.42051
8480.3,414.09,8481,413.6,20.586,-20.911,1.0524,-1.0801
8496.6,390.55,8497.6,390.4,18.94,-23.505,0.68585,-1.7726
8513.8,366.51,8514,365.66,17.585,-26.113,0.36436,-2.3496
8530.8,346.06,8530.7,343.36,17.274,-26.18,0.4238,-2.0111
8547.7,325.62,8548,323.05,17.793,-24.316,0.7547,-1.0179
8563.9,305.68,8564.8,303.97,18.157,-21.799,0.97772,0.064285
8579.6,287.11,8581,286.26,18.083,-18.985,0.99089,1.0686
8596.2,268.03,8597.1,268.44,17.687,-17.112,0.80074,1.5857
8612.5,250.33,8613.1,251.16,17.288,-15.711,0.60363,1.8198
8633,235.91,8631.8,236.07,18.112,-13.922,0.70229,2.0469
8652.7,222,8651.8,222.17,19.57,-12.472,1.0129,2.0626
8674.1,207.08,8673.5,208.11,21.566,-11.8,1.4493,1.8415
8695.9,193.02,8696.3,194.51,23.687,-11.192,1.8897,1.6737
8717.7,176.73,8719,178.91,24.908,-12.361,1.9651,0.95154
8741.7,160.28,8742.5,161.72,25.508,-14.764,1.7269,-0.11922
8766.6,145.56,8767.4,145.79,26.566,-15.673,1.6856,-0.49081
8791.6,130.84,8792.5,130.38,26.93,-16.079,1.3935,-0.63561
8816.6,116.12,8817.4,115.09,26.726,-16.479,0.95255,-0.78057
8842.1,102.25,8842.6,100.83,26.323,-16.07,0.50865,-0.61879
8870.1,92.701,8869.6,90.138,26.847,-13.715,0.41734,0.11751
8896.6,80.563,8896.6,79.652,27.214,-11.628,0.34431,0.73264
8922.4,71.164,8923,70.922,27.08,-9.0165,0.17061,1.4504
8948,65.365,8948.8,64.994,26.622,-5.8588,-0.045556,2.1708
8969.4,56.273,8971.1,57.721,24.131,-4.7471,-0.84798,2.1183
8990.9,49.412,8992,50.82,21.557,-4.283,-1.5264,1.8182
9009.8,44.074,9010.4,44.942,18.455,-3.8904,-2.2456,1.4974
9030.2,41.32,9029.1,41.093,16.559,-3.0471,-2.4785,1.3033
9049.8,39.074,9048,38.817,15.711,-1.7812,-2.3093,1.2969
9064.6,32.675,9063.9,34.248,14.021,-2.2871,-2.3541,0.8124
9079.4,26.275,9078.6,28.024,12.656,-3.9157,-2.2489,0.058894
9094.3,22.106,9093.3,22.533,12.213,-4.9238,-1.8371,-0.39412
9107.1,18.091,9106.7,17.737,11.819,-5.3263,-1.4261,-0.57135
9119.4,15.445,9119.3,14.252,11.42,-4.9636,-1.0899,-0.48703
9129.1,12.092,9129.4,10.897,10.012,-4.7222,-1.1506,-0.45452
9137.3,8.3841,9137.8,7.8459,8.3054,-4.0353,-1.2953,-0.19397
9140.9,8.5842,9142.3,7.133,5.2307,-2.3874,-1.8236,0.27936
9144,7.9227,9144.6,7.0677,2.0996,-0.87662,-2.3097,0.64346
9146.2,7.7689,9146,7.963,-0.054911,1.0323,-2.386,1.16
9151.1,6.0921,9148.9,7.6145,-0.4135,1.5519,-1.9521,1.165
9154.5,4.0614,9152.4,5.9085,0.25317,0.78024,-1.2442,0.72339
9157.1,2.5384,9155.5,3.5025,0.88848,-0.72611,-0.6755,0.03482
9158.8,1.523,9158.2,1.3656,1.5786,-1.9245,-0.14915,-0.47906
9159.7,1.0153,9160.3,0.32794,2.3754,-1.9526,0.39425,-0.48354
9159.7,1.0153,9161.1,0.099391,2.2884,-1.4494,0.54255,-0.30345
9159.7,1.0153,9161,0.18029,1.5644,-0.93022,0.39195,-0.14599
9159.7,1.0153,9160.5,0.53652,0.68254,-0.29579,0.15105,0.053255
9159.7,1.0153,9159.7,0.93522,-0.33643,0.23131,-0.1744,0.20557
9159.7,1.0153,9159.1,1.4272,-0.94257,0.79638,-0.34058,0.38324
9159.7,1.0153,9158.9,1.7386,-1.0559,1.0693,-0.32004,0.44212
9159.7,1.0153,9159.3,1.4749,-0.3375,0.56566,0.030576,0.17731
9159.7,1.0153,9159.8,1.1587,0.42829,0.061913,0.3579,-0.055648
9159.7,1.0153,9160.2,0.81715,0.97275,-0.4123,0.55817,-0.25304
9159.7,1.0153,9160.2,0.72916,0.83738,-0.49343,0.44841,-0.26423
9159.7,1.0153,9160.1,0.78723,0.62497,-0.36827,0.31653,-0.18652
9159.7,1.0153,9159.9,0.8803,0.35271,-0.20784,0.17155,-0.10108
9159.7,1.0153,9159.8,0.9679,0.11943,-0.070372,0.05631,-0.033181
9159.7,1.0153,9159.7,1.0153,-9.0949e-13,-5.5511e-17,-5.6843e-13,-5.5511e-17
9159.7,1.0153,9159.7,1.0153,-9.0949e-13,-5.5511e-17,-5.6843e-13,-5.5511e-17
9159.7,1.0153,9159.7,1.0153,-9.0949e-13,-5.5511e-17,-5.6843e-13,-5.5511e-17
9159.7,1.0153,9159.7,1.0153,-9.0949e-13,-5.5511e-17,-5.6843e-13,-5.5511e-17
9160.5,0.50767,9160.3,0.67375,0.2968,-0.17489,0.08165,-0.048113
9160.5,0.50767,9160.6,0.48395,0.3926,-0.23134,0.098744,-0.058186
9160.5,0.50767,9160.7,0.40365,0.35474,-0.20903,0.074859,-0.044111
9160.5,0.50767,9160.7,0.39635,0.24034,-0.14162,0.02978,-0.017548
9161.4,9.8477e-14,9161.2,0.089755,0.39304,-0.2316,0.061153,-0.036034
