0,0,NaN,NaN,NaN,NaN,NaN,NaN
56.903,4.3642,NaN,NaN,NaN,NaN,NaN,NaN
124.24,8.5096,NaN,NaN,NaN,NaN,NaN,NaN
199.56,13.829,NaN,NaN,NaN,NaN,NaN,NaN
283.82,20.59,NaN,NaN,NaN,NaN,NaN,NaN
375.62,26.33,NaN,NaN,NaN,NaN,NaN,NaN
473.21,33.674,NaN,NaN,NaN,NaN,NaN,NaN
577.11,40.694,NaN,NaN,NaN,NaN,NaN,NaN
688.99,48.888,NaN,NaN,NaN,NaN,NaN,NaN
809.38,56.329,NaN,NaN,NaN,NaN,NaN,NaN
939.94,64.514,NaN,NaN,NaN,NaN,NaN,NaN
1080.7,73.445,NaN,NaN,NaN,NaN,NaN,NaN
1235.4,84.189,NaN,NaN,NaN,NaN,NaN,NaN
1398.7,94.18,NaN,NaN,NaN,NaN,NaN,NaN
1567,104.54,1567.9,104.54,177.47,10.842,11.05,0.4881
1742.7,114.85,1746.2,115.17,187.03,11.152,11.144,0.45525
1922.3,122.1,1927.9,123.66,192.88,10.214,10.041,0.094015
2110.1,129.57,2114.7,130.88,196.89,8.6411,8.4279,-0.42468
2312.8,135.96,2312.6,136.76,202.61,6.6242,7.3778,-1.0142
2518.4,139.02,2517.3,140.04,208.1,3.8927,6.4253,-1.6827
2728,139.04,2727.5,139.97,213.14,0.1951,5.6008,-2.5225
2938.7,135.2,2940,136.06,216.63,-4.1909,4.6256,-3.3808
3150.8,126.54,3153.5,127.38,218.34,-9.4495,3.4323,-4.3071
3368.9,114.4,3370.6,114.67,220.19,-14.646,2.5557,-4.9857
3586.7,100.06,3588.5,99.114,220.73,-19.101,1.5061,-5.2854
3802,87.121,3804.3,83.91,218.8,-21.231,-0.059892,-4.8234
4012.4,72.843,4014.8,68.89,213.37,-21.637,-2.4204,-3.8786
4218.9,54.337,4220.4,51.96,206.23,-21.704,-4.8082,-2.872
4427.3,36.366,4425.5,34.602,201.03,-21.039,-6.0837,-1.7765
4635.1,13.043,4631.1,13.702,198.28,-21.593,-6.2248,-1.1702
4841.1,-7.6569,4837,-7.1831,197.77,-21.407,-5.4053,-0.46879
5041,-24.875,5039,-25.884,196.34,-20.032,-4.8201,0.33377
5235.2,-40.538,5234.7,-42.231,192.44,-17.76,-5.0528,1.1625
5424.5,-53.415,5425,-55.376,187.75,-14.384,-5.3462,2.1141
5617.2,-63.296,5615.3,-64.996,185.23,-10.141,-4.9315,3.1135
5806.4,-72.051,5804.3,-72.242,183.91,-5.8865,-4.1375,3.9491
5991.9,-78.717,5990.6,-77.321,182.44,-1.8539,-3.4907,4.5852
6174,-84.258,6173.1,-81.345,179.73,1.0864,-3.3964,4.7503
6347.6,-89.045,6348.6,-85.343,174.95,2.2661,-3.8853,4.2529
6519.4,-91.209,6520.2,-88.616,170.27,2.1138,-4.2297,3.2398
6691.4,-90.215,6690.8,-89.54,167.54,2.1582,-3.8843,2.3274
6858.1,-88.629,6858,-88.664,164.9,2.5694,-3.5124,1.6801
7016.9,-85.059,7018.2,-85.748,159.84,3.4593,-3.9725,1.2949
7167.4,-77.578,7169.7,-78.738,152.14,6.3478,-5.182,1.6904
7306.4,-70.146,7309.9,-70.338,141.41,8.8672,-7.0737,1.9506
7434.6,-64.689,7438.4,-63.114,128.89,9.6525,-9.0779,1.6841
7556.3,-57.945,7558,-56.093,116.82,9.6432,-10.542,1.2275
7668.8,-55.8,7668.7,-52.716,105.27,7.1764,-11.54,0.1153
7771.1,-54.4,7769.3,-52.04,93.296,3.3939,-12.525,-1.2474
7863.3,-53.745,7860.5,-52.972,82.095,-0.45887,-12.998,-2.415
7945,-52.871,7942,-54.145,71.798,-3.3766,-12.957,-3.103
8014.4,-52.313,8012.6,-54.881,61.751,-4.8209,-12.638,-3.159
8073.6,-52.5,8073.1,-55.243,52.534,-4.9508,-11.9,-2.6919
8121.1,-51.772,8121.6,-54.532,42.279,-3.8181,-11.562,-1.8401
8158.5,-51.788,8158.5,-53.559,30.975,-2.2371,-11.683,-0.91362
8186.4,-51.319,8185.3,-52.011,19.894,-0.2199,-11.766,0.061052
8204.3,-48.436,8202.4,-48.936,9.4544,2.1648,-11.644,0.95055
8217.1,-45.926,8213.4,-45.785,1.485,3.6778,-10.804,1.3486
8219.8,-48.282,8217,-45.974,-5.0043,2.8494,-9.5452,0.97411
8221.6,-50.906,8217.8,-48.384,-8.2958,0.79183,-7.5258,0.24704
8225.7,-50.801,8220.1,-50.31,-7.6194,-0.89666,-4.7662,-0.36617
8227.6,-50.266,8223,-50.932,-4.5842,-1.2921,-1.8036,-0.47079
8227.9,-51.23,8225.7,-51.833,-0.75856,-1.6293,0.84952,-0.52244
8227.9,-51.23,8228.2,-52.132,2.8864,-1.43,2.8887,-0.39128
8228.2,-52.194,8230.3,-52.698,5.7918,-1.2869,4.1947,-0.27381
8228.4,-53.157,8232,-53.324,7.6081,-1.034,4.7685,-0.11134
8227.5,-53.425,8231.9,-53.478,7.4635,-0.4371,4.4301,0.14923
8225.5,-53.959,8230,-53.701,5.7009,-0.015386,3.4593,0.31057
8224.6,-54.226,8227.6,-53.805,3.3709,0.36415,2.2758,0.42885
8222.6,-54.761,8224.4,-54.308,0.80996,0.22643,1.1026,0.32681
8221.7,-55.028,8222,-55.084,-0.7736,-0.37518,0.38284,0.024825
8220.7,-55.295,8220.3,-55.65,-1.4913,-0.71112,0.050345,-0.14157
8219.7,-55.562,8219.6,-55.612,-0.82495,-0.2456,0.31808,0.053249
8219.7,-55.562,8219.6,-55.409,0.0037923,0.22733,0.57233,0.22564
8219.7,-55.562,8219.7,-55.456,0.38725,0.21988,0.59296,0.17585
8219.7,-55.562,8220,-55.532,0.85684,0.1189,0.65465,0.09366
8219.7,-55.562,8220.3,-55.494,1.2129,0.15227,0.68152,0.082179
8219.5,-54.599,8220.3,-54.897,1.1112,0.38465,0.54639,0.11106
8220.4,-54.331,8220.7,-54.316,1.037,0.61659,0.39429,0.16045
8223.3,-53.53,8222.6,-53.508,1.6374,0.88134,0.43204,0.20997
8230.1,-51.659,8228.2,-51.952,3.9359,1.3809,0.95975,0.30201
8239.7,-48.987,8237.6,-49.423,7.6228,2.2297,1.8257,0.48157
8249.4,-46.315,8248.6,-46.475,11.044,3.0132,2.4901,0.6137
8260,-43.376,8260.7,-43.221,13.91,3.6827,2.9056,0.69538
8270.7,-44.558,8272.7,-42.761,15.429,2.6082,2.8248,0.2702
8281.9,-47.668,8284.5,-45.273,15.777,0.099075,2.3629,-0.51457
8293,-46.655,8295.5,-46.565,14.96,-1.2905,1.5673,-0.903
8304,-48.801,8305.8,-48.975,13.198,-2.8671,0.54678,-1.2783
8313.2,-48.324,8314.4,-49.958,10.602,-3.1478,-0.57501,-1.2118
8321,-50.308,8321.5,-51.482,7.6736,-3.3243,-1.5922,-1.069
8324.5,-51.433,8325.2,-52.58,3.9274,-2.9134,-2.5971,-0.73287
8333.9,-51.919,8331.8,-52.941,2.9944,-1.9488,-2.5614,-0.25751
8337.4,-53.045,8336.3,-53.199,1.894,-0.8575,-2.4504,0.23163
8339.8,-54.438,8339.2,-53.837,0.75987,-0.17547,-2.2932,0.52117
8341,-55.134,8340.5,-54.508,-0.62633,0.14857,-2.2261,0.60531
8344.2,-55.296,8342.5,-55.013,-0.92982,0.20515,-1.8602,0.52783
8345.2,-55.029,8344,-55.176,-0.87174,0.18615,-1.3864,0.38785
8346.4,-55.725,8345.5,-55.73,-0.4355,-0.1427,-0.85871,0.17023
8347.4,-55.458,8346.8,-55.451,0.18014,0.30151,-0.35346,0.2833
8347.4,-55.458,8347.5,-55.089,0.39638,0.74028,-0.064429,0.39973
8348.3,-55.191,8348.3,-55.01,0.69429,0.582,0.15921,0.24986
8349.3,-54.924,8349.2,-54.674,0.96709,0.68726,0.30051,0.23542
8350.3,-54.657,8350.3,-54.581,1.345,0.41085,0.44332,0.067498
8352.2,-54.122,8352.2,-54.1,2.0641,0.51512,0.65401,0.073618
8354.1,-53.588,8354.5,-53.633,2.8974,0.49366,0.87368,0.027316
8357,-52.786,8356.8,-52.977,2.9627,0.52423,0.69172,-0.0018605
8358.2,-53.483,8358.9,-53.108,3.1191,0.21322,0.64925,-0.094154
8361.1,-52.681,8361.6,-52.71,3.4503,0.27496,0.65116,-0.061389
8363,-52.146,8363.8,-52.252,3.3645,0.31491,0.52232,-0.048987
8365.9,-51.345,8366.2,-51.588,3.0444,0.4176,0.28308,-0.028347
8370.8,-50.009,8370.2,-50.421,3.6507,0.75257,0.35807,0.056156
8377.8,-49.102,8376.4,-49.181,5.1719,1.126,0.67161,0.1647
8380.7,-48.3,8381.1,-48.158,5.5128,1.2303,0.63972,0.16881
8390.6,-46.592,8389.5,-46.622,7.5945,1.5614,1.1044,0.23748
8399.5,-45.15,8399.1,-45.052,9.5821,1.7768,1.466,0.25735
8409.4,-43.442,8409.6,-43.329,11.389,1.962,1.7191,0.26056
8421.5,-42.162,8421.8,-41.872,13.262,1.8943,1.9272,0.18534
8436.2,-39.118,8436.2,-39.445,15.337,2.2447,2.1089,0.22175
8452.2,-36.77,8452.3,-36.928,17.32,2.5074,2.2057,0.23007
8470.1,-33.887,8470.1,-34.04,19.208,2.863,2.2251,0.26853
8488.9,-30.737,8489.4,-30.702,20.983,3.4236,2.2234,0.38865
8508.7,-27.32,8509.5,-27.23,22.156,3.7587,2.0171,0.40083
8527.6,-24.17,8529.2,-23.848,22.415,3.8982,1.5982,0.3579
8546.4,-21.02,8548.2,-20.643,21.675,3.79,0.92798,0.2389
8565.2,-17.87,8566.5,-17.595,20.22,3.5068,0.11496,0.075351
8583.1,-14.988,8583.8,-14.742,18.336,3.1694,-0.69233,-0.069281
8601,-12.105,8601.1,-12.007,17.138,2.8274,-1.0754,-0.1902
8618.9,-9.2226,8618,-9.3596,15.658,2.4753,-1.5348,-0.30258
8634.6,-5.9107,8633.9,-6.3166,14.476,2.4871,-1.7201,-0.27499
8648.6,-4.0969,8648.4,-4.0193,13.205,2.1964,-1.8172,-0.314
8660.7,-2.8176,8660.9,-2.4569,11.531,1.6933,-1.9672,-0.38752
8672.5,-0.57464,8672.3,-0.75672,9.9942,1.3429,-2.0383,-0.43101
8680.5,0.59946,8680.9,0.56398,7.7709,1.0257,-2.2559,-0.43296
8684.6,0.70469,8685.5,0.92748,4.3976,0.35231,-2.7587,-0.53435
8694.5,2.4132,8692.4,1.9187,3.3751,0.23307,-2.5357,-0.47017
8696,0.75317,8695.5,1.1215,1.2341,-0.66794,-2.6074,-0.62248
8697.2,0.056752,8696.8,0.077355,-0.62932,-1.3486,-2.5323,-0.68331
8698.5,-0.63967,8697.5,-0.96049,-1.724,-1.7192,-2.2244,-0.64213
8701.6,-0.80165,8699.6,-1.4913,-1.228,-1.5786,-1.497,-0.45503
8701.6,-0.80165,8700.7,-1.5179,-0.77792,-1.0432,-0.85801,-0.17129
8702.6,-0.53443,8701.9,-1.097,-0.097629,-0.3038,-0.2775,0.12926
8702.6,-0.53443,8702.5,-0.67333,0.29142,0.29118,0.094454,0.33719
8702.6,-0.53443,8702.9,-0.35081,0.67032,0.65456,0.38822,0.43191
8702.6,-0.53443,8703.1,-0.029739,0.90143,0.97096,0.55344,0.50825
8702.6,-0.53443,8703.1,0.10491,0.94377,1.0153,0.59024,0.47211
8702.6,-0.53443,8703,-0.056538,0.7226,0.67393,0.48435,0.28157
8702.6,-0.53443,8703,-0.25931,0.7609,0.32528,0.48184,0.10952
8702.6,-0.53443,8703,-0.47762,0.77749,0.00016357,0.45962,-0.035759
8702.6,-0.53443,8702.5,-0.78109,-0.015767,-0.40407,0.080015,-0.20449
8702.6,-0.53443,8702.7,-0.69084,0.31125,-0.24162,0.21182,-0.11589
8702.6,-0.53443,8702.9,-0.63076,0.52106,-0.1365,0.28179,-0.06066
8702.6,-0.53443,8702.9,-0.54669,0.48135,-0.010367,0.23969,-0.0013604
8702.6,-0.53443,8702.7,-0.5133,0.12735,0.035315,0.065907,0.018276
8702.6,-0.53443,8702.7,-0.50946,0.13358,0.037041,0.062983,0.017465
8702.6,-0.53443,8702.6,-0.53443,0,2.7756e-17,-3.4106e-13,2.0817e-17
8702.6,-0.53443,8702.6,-0.53443,0,2.7756e-17,-3.4106e-13,2.0817e-17
8703.6,-0.26722,8703.2,-0.35463,0.33197,0.092056,0.091325,0.025325
8703.6,-0.26722,8703.6,-0.25473,0.43912,0.12177,0.11044,0.030626
8703.6,-0.26722,8703.8,-0.21246,0.39677,0.11003,0.083729,0.023218
8703.6,-0.26722,8703.8,-0.20862,0.26881,0.074542,0.033308,0.0092364
8703.6,-0.26722,8703.7,-0.22705,0.10764,0.029848,-0.022926,-0.0063575
8704.5,-2.9816e-12,8704.3,-0.074838,0.28616,0.079353,0.020002,0.0055466
8704.5,-2.9816e-12,8704.5,-0.0016592,0.27706,0.076828,0.0079767,0.0022119
8704.5,-2.9816e-12,8704.6,0.021744,0.17367,0.048159,-0.02746,-0.0076146
8704.5,-2.9816e-12,8704.6,0.018513,0.046409,0.012869,-0.063242,-0.017537
8704.5,-2.9816e-12,8704.5,0.0056762,-0.057244,-0.015874,-0.084784,-0.023511
8704.5,-2.9816e-12,8704.5,-0.0058508,-0.11274,-0.031264,-0.085978,-0.023842
8704.5,-2.9816e-12,8704.5,-0.011265,-0.11847,-0.032853,-0.069195,-0.019188
