0,0,NaN,NaN,NaN,NaN,NaN,NaN
41.794,-13.794,NaN,NaN,NaN,NaN,NaN,NaN
90.283,-29.631,NaN,NaN,NaN,NaN,NaN,NaN
148.63,-47.428,NaN,NaN,NaN,NaN,NaN,NaN
217.5,-68.435,NaN,NaN,NaN,NaN,NaN,NaN
299.67,-90.366,NaN,NaN,NaN,NaN,NaN,NaN
400.28,-103.28,NaN,NaN,NaN,NaN,NaN,NaN
517.65,-116.08,NaN,NaN,NaN,NaN,NaN,NaN
650.75,-125.32,NaN,NaN,NaN,NaN,NaN,NaN
797.95,-129.45,NaN,NaN,NaN,NaN,NaN,NaN
959.26,-128.47,NaN,NaN,NaN,NaN,NaN,NaN
1130.3,-123.13,NaN,NaN,NaN,NaN,NaN,NaN
1313.8,-114.3,NaN,NaN,NaN,NaN,NaN,NaN
1514.7,-103.44,NaN,NaN,NaN,NaN,NaN,NaN
1728.3,-92.266,1730.5,-86.929,222.64,22.127,14.357,6.4185
1954.8,-79.805,1954.8,-75.005,232.67,20.891,12.795,4.4829
2188.8,-66.518,2189.3,-63.208,242.1,18.393,11.441,2.3869
2428.8,-50.863,2431,-49.859,249.84,16.392,9.9901,0.76515
2677.7,-33.717,2680.4,-34.262,256.82,15.795,8.7252,-0.071385
2934.9,-12.874,2937.2,-14.998,263.18,17.124,7.5802,-0.11046
3197.9,9.3793,3199.6,6.6185,267.86,18.889,6.1351,-0.0037258
3462.5,26.932,3464.4,26.884,270.02,19.818,4.2345,0.059497
3731.2,47.435,3732,47.812,270.81,20.839,2.2974,0.22218
4002.1,68.311,4001.8,68.935,270.9,21.472,0.59957,0.26288
4275.1,89.559,4274,90.061,271.13,21.581,-0.60264,0.11934
4551.9,115.96,4549.8,114.44,272.92,22.933,-0.88127,0.29525
4827.4,141.7,4826.4,140.13,274.23,24.346,-1.0455,0.4546
5101.3,165.82,5101.2,165.38,273.65,25.056,-1.6552,0.43076
5372.5,187.65,5373.1,188.8,271.26,24.643,-2.5935,0.1617
5638.9,210.95,5640.1,211.99,266.65,24.145,-3.9497,-0.064533
5899.6,232.83,5901.2,234.1,260.5,23.18,-5.376,-0.36505
6154.5,249.18,6156,251.73,253.19,19.987,-6.7639,-1.2626
6400.2,263.08,6401.7,265.28,243.67,15.322,-8.4925,-2.4806
6632.5,273.79,6634.6,274.71,230.83,9.5623,-10.812,-3.8831
6855,280.14,6855.8,280,216.74,3.5874,-12.992,-5.0732
7064,283.29,7064.2,282.4,201.88,-1.1602,-14.816,-5.5355
7263.7,279.88,7261.8,279.37,187.82,-6.4904,-15.936,-5.993
7453.4,271.15,7449.6,270.96,175.5,-11.96,-16.154,-6.2907
7629.6,259.23,7625.9,258.39,163.73,-16.934,-15.963,-6.3275
7792.8,246.02,7789.7,243.4,151.88,-20.892,-15.66,-6.094
7941.9,230.87,7940.1,227.36,139.81,-22.905,-15.274,-5.252
8081.2,214.52,8079.1,211.01,128.54,-23.006,-14.61,-3.8922
8207.6,196.89,8206.1,194.27,117.35,-21.925,-13.949,-2.3409
8324.8,176.81,8322.8,175.67,107.12,-21.297,-13.092,-1.2076
8431.6,156.77,8429.4,156.41,97.439,-20.516,-12.227,-0.2519
8526.7,136.12,8525,136.71,87.534,-19.545,-11.602,0.58937
8611.5,112.36,8610.1,114.36,77.909,-20.084,-10.989,0.76122
8683.5,91.437,8683.8,92.364,68.045,-20.438,-10.473,0.81062
8747.8,76.006,8747.8,74.406,58.631,-18.752,-9.9507,1.3038
8801.6,60.624,8802.1,58.812,49.457,-16.353,-9.4503,1.8579
8846.6,46.911,8846.7,45.824,40.05,-13.042,-9.2139,2.6189
8882,36.116,8881.7,35.868,30.467,-8.9989,-9.1641,3.486
8908.8,27.946,8908.2,28.64,21.513,-4.911,-8.9599,4.191
8929.8,21.527,8928.3,23.2,14.205,-1.6386,-8.3225,4.4612
8944.8,15.903,8943.1,18.49,8.688,0.30528,-7.2465,4.2114
8954.8,10.78,8953,13.717,4.3802,0.68149,-6.0373,3.4362
8956.4,9.2401,8956.3,10.805,0.036407,0.92423,-5.0295,2.6379
8957.7,6.7436,8956.8,8.1019,-3.0319,0.48503,-3.9455,1.7428
8961.3,4.6201,8958.4,5.4494,-3.171,-0.46264,-2.313,0.82364
8962.2,4.3283,8960,4.1974,-1.8284,-0.71061,-0.57286,0.3009
8961.9,3.3718,8961.1,3.5291,0.031868,-0.48032,0.96247,0.12547
8961.9,3.3718,8962.5,3.2751,2.3372,-0.35329,2.3035,-0.043668
8961.6,2.4153,8963.3,2.3428,3.8859,-0.94722,3.0329,-0.40991
8961.3,1.4588,8963.8,1.4094,4.8211,-1.294,3.3201,-0.57083
8961.3,1.4588,8964,1.0372,5.0462,-1.2313,3.1908,-0.55181
8961.3,1.4588,8963.9,0.8805,4.7311,-1.1141,2.7962,-0.5096
8961.3,1.4588,8963.6,0.83896,3.9082,-0.98581,2.1986,-0.45959
8961.3,1.4588,8962.8,0.93079,2.5986,-0.76213,1.4361,-0.36371
8961.3,1.4588,8962.1,1.1645,1.3731,-0.40199,0.77302,-0.20697
8961.3,1.4588,8961.7,1.4069,0.66038,-0.073224,0.38779,-0.066817
8961.3,1.4588,8961.8,1.382,0.84977,-0.13126,0.42897,-0.097738
8961.3,1.4588,8961.8,1.4939,0.72037,0.0082328,0.3343,-0.034542
8961.3,1.4588,8961.5,1.5453,0.16421,0.063246,0.065727,-0.0085416
8961.3,1.4588,8961.3,1.4251,-0.033374,-0.10941,-0.024707,-0.080996
8962.3,1.1671,8962,1.1765,0.27775,-0.27018,0.060618,-0.1261
8963.2,0.8753,8962.9,0.79206,0.68637,-0.49246,0.16125,-0.18902
8964.2,0.58353,8964.1,0.51616,1.1188,-0.48619,0.26431,-0.14896
8964.2,0.58353,8964.7,0.44613,1.0965,-0.33448,0.22579,-0.068876
8964.2,0.58353,8964.8,0.41591,0.76749,-0.23411,0.093413,-0.028494
8965.2,0.29177,8965.2,0.26564,0.6577,-0.20062,0.030159,-0.0091995
8966.1,4.9205e-13,8966,0.039665,0.66588,-0.20312,0.005015,-0.0015298
8966.1,4.9205e-13,8966.2,-0.03566,0.40192,-0.1226,-0.090133,0.027494
8966.1,4.9205e-13,8966.2,-0.028509,0.057589,-0.017567,-0.19174,0.058487
8966.1,4.9205e-13,8966.1,0.0096302,-0.2322,0.070831,-0.25729,0.078484
8966.1,4.9205e-13,8966,0.043955,-0.38948,0.11881,-0.26533,0.080936
8966.1,4.9205e-13,8965.9,0.056351,-0.39316,0.11993,-0.21542,0.065712
8966.1,4.9205e-13,8966,0.045386,-0.27907,0.085128,-0.12817,0.039098
8966.1,4.9205e-13,8966,0.026316,-0.13995,0.042689,-0.045238,0.013799
8966.1,4.9205e-13,8966,0.031083,-0.12542,0.038258,-0.0293,0.0089376
8966.1,4.9205e-13,8966,0.030511,-0.097512,0.029745,-0.013431,0.0040968
8966.1,4.9205e-13,8966.1,0.016972,-0.023174,0.007069,0.01848,-0.0056371
8966.1,4.9205e-13,8966.2,-0.026221,0.16967,-0.051756,0.098445,-0.030029
8966.1,4.9205e-13,8966.3,-0.050344,0.25899,-0.079003,0.12793,-0.039025
8966.1,4.9205e-13,8966.2,-0.02727,0.13259,-0.040443,0.062516,-0.01907
8966.1,4.9205e-13,8966.1,4.9205e-13,0,-2.5244e-29,-5.6843e-13,-1.2622e-29
8966.1,4.9205e-13,8966.1,4.9205e-13,0,-2.5244e-29,-5.6843e-13,-1.2622e-29
8966.1,4.9205e-13,8966.1,4.9205e-13,0,-2.5244e-29,-5.6843e-13,-1.2622e-29
8966.1,4.9205e-13,8966.1,4.9205e-13,0,-2.5244e-29,-5.6843e-13,-1.2622e-29
