0,0,NaN,NaN,NaN,NaN,NaN,NaN
43.131,-12.836,NaN,NaN,NaN,NaN,NaN,NaN
94.887,-28.238,NaN,NaN,NaN,NaN,NaN,NaN
156.23,-46.493,NaN,NaN,NaN,NaN,NaN,NaN
229.33,-56.772,NaN,NaN,NaN,NaN,NaN,NaN
314.69,-64.438,NaN,NaN,NaN,NaN,NaN,NaN
411.35,-69.206,NaN,NaN,NaN,NaN,NaN,NaN
519.87,-69.158,NaN,NaN,NaN,NaN,NaN,NaN
640.36,-67.456,NaN,NaN,NaN,NaN,NaN,NaN
775.31,-62.752,NaN,NaN,NaN,NaN,NaN,NaN
925.1,-57.25,NaN,NaN,NaN,NaN,NaN,NaN
1088.4,-48.461,NaN,NaN,NaN,NaN,NaN,NaN
1264.6,-38.302,NaN,NaN,NaN,NaN,NaN,NaN
1450.9,-25.919,NaN,NaN,NaN,NaN,NaN,NaN
1647.2,-11.31,1650.9,-10.75,209.15,15.889,14.226,1.9281
1857.5,1.2227,1860.1,1.8343,219.37,14.767,13.211,0.78389
2078,12.82,2080,13.854,229,13.573,12.165,-0.049225
2308.6,23.481,2310.1,24.955,238.05,12.307,11.11,-0.62458
2545,32.431,2547.1,33.639,245.08,9.629,9.6556,-1.5521
2788,42.545,2790.1,42.267,250.41,7.5843,7.9747,-2.1117
3039.2,52.295,3040.3,50.932,255.47,6.2162,6.5634,-2.3402
3295.4,64.737,3296.2,61.653,260,6.4394,5.3526,-2.0491
3555.3,79.198,3556.3,75.429,263.64,8.7089,4.2153,-1.1139
3820.2,96.353,3820.5,92.748,266.59,12.7,3.1371,0.25617
4084.2,110.63,4085.3,110,267.37,16.082,1.6992,1.3518
4352.4,124.73,4352.3,126.29,267.73,18.004,0.45606,1.8493
4619.6,139.11,4619.5,141.68,267.16,18.604,-0.71528,1.8274
4884.3,152.15,4885,155.04,265.45,17.311,-1.8277,1.1381
5146.4,167,5147.6,168.26,262.38,15.526,-2.9952,0.27367
5403.3,178.19,5404.7,179.35,256.89,12.846,-4.6049,-0.7221
5656.1,186.41,5656.8,187.47,250.22,9.2231,-6.1978,-1.8177
5898.9,192.41,5900.1,192.95,241.22,5.3805,-8.068,-2.7476
6135.1,197.24,6135.6,196.92,231.59,2.2791,-9.6279,-3.2221
6364.4,199.95,6363.5,199.15,221.94,-0.3194,-10.784,-3.3981
6585.5,203.02,6583.5,201.34,212.24,-1.4861,-11.633,-3.0472
6799.7,203.97,6796.5,202.36,203.57,-2.3821,-11.86,-2.6426
7001.5,205.47,6999.5,203.42,194.34,-2.5036,-11.997,-2.0719
7190.6,206.56,7190.2,204.55,183.6,-2.0698,-12.386,-1.4237
7370.4,204.18,7370.2,204.01,172.78,-1.8286,-12.57,-0.83018
7539.9,198.61,7539.1,200.23,161.4,-2.9302,-12.859,-0.70394
7698,190.15,7697,192.63,149.93,-5.5861,-13.044,-1.0942
7844.9,178.79,7843.6,181.17,138.45,-9.5056,-13.133,-1.8576
7979.1,167.02,7978,167.5,126.46,-13.659,-13.294,-2.6927
8098.2,153.49,8098.2,152.56,113.26,-16.886,-13.692,-3.1109
8207.8,139.65,8206.8,137.51,100.5,-18.612,-13.865,-2.9791
8303.8,125.68,8303.1,123.01,88.234,-18.758,-13.729,-2.3413
8391.3,111.13,8389.4,108.88,77.223,-17.83,-13.224,-1.4211
8467.9,91.468,8465.6,91.828,67.019,-17.862,-12.55,-0.83368
8535.5,73.419,8532.8,74.041,57.944,-17.908,-11.657,-0.37413
8595.5,57.651,8592.3,57.546,50.226,-17.012,-10.536,0.23569
8645.5,46.938,8643.5,44.924,43.552,-14.461,-9.2091,1.096
8687.6,37.548,8686.9,35.318,37.556,-11.117,-7.8602,1.9708
8722.4,28.238,8722.5,27.372,31.503,-7.7732,-6.8229,2.7085
8750.2,19.966,8750.7,20.581,25.277,-4.8502,-6.1164,3.2005
8769.4,14.262,8770.6,15.608,18.209,-2.08,-5.8861,3.5378
8783.7,9.9832,8784.2,12,11.394,0.1665,-5.759,3.6196
8792.4,7.4161,8792.2,9.4859,5.2935,1.5729,-5.5218,3.3386
8794.3,6.8456,8794.4,8.4194,-0.25198,2.5295,-5.1678,2.8785
8795,5.6019,8793.7,7.1424,-4.2805,2.2322,-4.5269,2.0401
8794.7,4.6435,8792.4,5.6641,-5.7593,1.155,-3.2631,1.0552
8796.6,4.073,8793.1,4.484,-4.4685,0.16258,-1.484,0.28181
8797.3,2.8293,8794.8,3.5056,-1.5954,-0.24742,0.45228,-0.051567
8797.3,2.8293,8796.7,3.038,1.4547,-0.40605,2.0609,-0.23012
8797.3,2.8293,8798.5,2.6984,3.9672,-0.6378,3.1368,-0.39925
8797.3,2.8293,8799.9,2.1897,5.7626,-1.2092,3.7161,-0.67786
8797.3,2.8293,8800.7,1.946,6.322,-1.4363,3.6671,-0.76697
8797.3,2.8293,8800.6,2.0862,5.6657,-1.1541,3.0817,-0.61497
8797.3,2.8293,8799.8,2.4101,4.2078,-0.65745,2.1975,-0.37151
8797.3,2.8293,8798.9,2.6689,2.6233,-0.28815,1.3342,-0.19381
8797.3,2.8293,8797.9,2.8571,1.016,-0.036267,0.53198,-0.073939
8797.3,2.8293,8797.3,2.8672,0.093447,-0.034367,0.089115,-0.06693
8797.3,2.8293,8797.3,2.7169,0.095566,-0.23848,0.080444,-0.14762
8797.3,2.8293,8797.4,2.6812,0.24425,-0.2645,0.13571,-0.1446
8797.3,2.8293,8797.5,2.6777,0.35469,-0.24344,0.17133,-0.12235
8797.3,2.8293,8797.3,2.7131,0.09332,-0.1724,0.044001,-0.081287
8797.3,2.8293,8797.3,2.8293,0,1.1102e-16,-3.4106e-13,-5.5511e-17
8797.3,2.8293,8797.3,2.8293,0,1.1102e-16,-3.4106e-13,-5.5511e-17
8799.2,2.2589,8798.6,2.4455,0.66038,-0.19653,0.18167,-0.054064
8801.1,1.6884,8800.6,1.8483,1.5339,-0.45648,0.40137,-0.11945
8803,1.1179,8802.9,1.161,2.3232,-0.69137,0.56793,-0.16901
8805.9,0.26221,8805.9,0.27349,3.1881,-0.94877,0.72502,-0.21576
8809.1,0.36496,8809.3,-0.036378,3.9372,-0.81228,0.8163,-0.14405
8811.9,-0.49074,8812.5,-0.61905,4.2725,-0.79604,0.76336,-0.10759
8814.1,-0.10275,8815.1,-0.51865,3.973,-0.39333,0.52094,0.034502
8816,-0.67322,8817,-0.67609,3.1933,-0.18384,0.15784,0.10867
8817.3,6.9167e-14,8818,-0.19361,2.0185,0.30485,-0.2768,0.24708
8817.3,6.9167e-14,8817.9,0.15083,0.44347,0.58491,-0.75917,0.30435
8817.3,6.9167e-14,8817.2,0.32972,-0.94469,0.65181,-1.103,0.28314
8817.3,6.9167e-14,8816.6,0.34791,-1.797,0.53468,-1.2102,0.1986
8817.3,6.9167e-14,8816.3,0.24264,-2.0028,0.29631,-1.0705,0.07828
8817.3,6.9167e-14,8816.3,0.083465,-1.6897,0.033184,-0.76211,-0.037781
8817.3,6.9167e-14,8816.4,-0.027658,-1.2236,-0.12458,-0.45104,-0.09712
8817.3,6.9167e-14,8816.8,-0.10855,-0.5182,-0.21867,-0.089578,-0.12468
8817.3,6.9167e-14,8817.3,-0.13518,0.17834,-0.22846,0.22223,-0.11518
8817.3,6.9167e-14,8817.5,-0.10145,0.57177,-0.15686,0.37028,-0.072952
8817.3,6.9167e-14,8817.7,-0.10187,0.68992,-0.1399,0.38582,-0.059329
8817.3,6.9167e-14,8817.7,-0.0015925,0.61484,0.0088396,0.31798,0.0095878
8817.3,6.9167e-14,8817.6,-7.6647e-05,0.43008,0.0098955,0.21035,0.0087588
8817.3,6.9167e-14,8817.4,0.062922,0.1724,0.09332,0.081287,0.044001
8817.3,6.9167e-14,8817.3,6.9167e-14,-9.0949e-13,-6.3109e-30,-4.5475e-13,-5.522e-30
