0,0,NaN,NaN,NaN,NaN,NaN,NaN
48.694,7.0611,NaN,NaN,NaN,NaN,NaN,NaN
105.34,11.949,NaN,NaN,NaN,NaN,NaN,NaN
166.67,21.089,NaN,NaN,NaN,NaN,NaN,NaN
236.56,31.161,NaN,NaN,NaN,NaN,NaN,NaN
314.01,40.421,NaN,NaN,NaN,NaN,NaN,NaN
396.04,51.7,NaN,NaN,NaN,NaN,NaN,NaN
485.64,62.167,NaN,NaN,NaN,NaN,NaN,NaN
580.58,71.93,NaN,NaN,NaN,NaN,NaN,NaN
680.48,82.35,NaN,NaN,NaN,NaN,NaN,NaN
787.95,91.958,NaN,NaN,NaN,NaN,NaN,NaN
902.99,100.75,NaN,NaN,NaN,NaN,NaN,NaN
1024.2,108.36,NaN,NaN,NaN,NaN,NaN,NaN
1152.7,116.51,NaN,NaN,NaN,NaN,NaN,NaN
1286.2,127.55,1285.9,125.49,137.06,6.7664,6.422,-1.0665
1424.7,139.25,1425.4,136.92,143.23,8.405,6.3957,-0.43061
1568.2,153.84,1569.5,151.58,148.51,11.771,6.1087,0.69344
1718.5,170.34,1719.5,168.63,153.91,15.404,5.9106,1.685
1875.6,186.52,1875.6,186.52,159.25,18.465,5.6616,2.3654
2039.6,198.78,2038.6,201.73,165.07,19.103,5.5643,2.2486
2209.3,208.98,2208.3,213.23,171.42,16.98,5.6757,1.2592
2382.1,218.58,2382.2,222.19,176.84,13.513,5.5304,-0.043712
2555.5,229.05,2557.7,230.44,180.35,10.101,4.9372,-1.2088
2728.9,241.76,2732.8,240.15,181.45,8.0748,3.7972,-1.8498
2901,254.08,2905.7,251.16,179.53,7.4946,1.9453,-1.9136
3077,265.31,3079.2,262.7,177.07,7.9303,0.17027,-1.5431
3259.7,273.99,3257.6,273.16,176.78,8.435,-0.71627,-1.0488
3444.6,284.8,3440.3,284.36,178.35,9.6803,-0.8571,-0.34583
3631.6,299.09,3627.1,298.07,181.64,12.067,-0.2963,0.55872
3816.7,312.13,3814.6,312.2,184.8,14.108,0.36573,1.2126
4000.6,329.26,4001.4,328.62,186.87,16.376,0.78579,1.7067
4184.2,347.74,4186.7,346.89,187.38,18.514,0.73862,1.9827
4370,366.12,4371.9,366,187.19,20.202,0.4395,2.0607
4559.4,384.78,4559.1,385.74,187.28,21.711,0.14325,2.1281
4745.5,399.56,4745.1,402.77,186.07,21.212,-0.54761,1.6394
4928.8,413.58,4928.7,417.26,183.67,19.05,-1.4577,0.70389
5107.7,427.81,5108.6,430.19,180.12,16.005,-2.4423,-0.44273
5281.4,447.22,5283.4,445.81,175.46,14.584,-3.4342,-1.061
5454.3,467.11,5455.6,463.96,171.37,14.879,-3.9712,-1.0578
5626.2,485.26,5625.9,482.84,167.74,15.926,-4.2944,-0.70317
5791.9,494.31,5791.3,496.2,162.83,14.495,-4.9653,-0.9176
5956.5,501.62,5954.4,504.86,158.65,11.12,-5.3013,-1.6298
6116.7,509.14,6114.4,511.15,154.92,7.3962,-5.37,-2.3733
6268.9,516.6,6268.5,516.83,150.62,4.6397,-5.392,-2.7127
6419.5,529.51,6419.2,525.96,147.12,4.4142,-5.0528,-2.3707
6564.7,540.88,6565.2,536.69,143.31,5.4914,-4.7891,-1.6873
6706.2,551.99,6706.4,548.51,138.86,7.4462,-4.8102,-0.78187
6846.3,560.47,6844.8,559.36,134.68,9.0248,-4.8644,-0.017918
6983.8,570.43,6981.4,570.9,131.78,11.299,-4.5175,0.9577
7116.8,580.6,7114.9,582.47,129.32,13.236,-4.0348,1.6946
7248,589.52,7246.6,592.46,127.91,13.5,-3.2416,1.7253
7369.7,597.99,7371.6,600.3,124.68,11.516,-2.9995,0.843
7482.1,606.02,7486.5,606.82,117.81,8.609,-3.8934,-0.32862
7587.6,612.14,7592.1,612,108.36,5.6175,-5.4943,-1.3484
7684.5,617.33,7688.2,617,97.366,4.0588,-7.3221,-1.6085
7779.1,620.39,7778.7,620.52,87.202,2.6504,-8.7387,-1.6862
7870.2,623.18,7866.3,623.18,79.756,1.5726,-9.1006,-1.6104
7959.8,625.58,7953.6,625.27,76.487,0.77378,-8.0243,-1.4593
8046.8,627.23,8040.4,626.34,76.007,-0.42241,-6.1755,-1.5307
8129.6,627.72,8125.7,626.82,77.258,-1.1848,-3.9122,-1.4205
8209.3,626.58,8208.3,626.15,78.677,-1.9168,-1.8668,-1.2744
8285.7,623.8,8287.3,624.1,78.859,-2.6452,-0.56444,-1.086
8356.3,620.85,8360.2,621.02,76.335,-3.5542,-0.39424,-1.0145
8423.8,618.5,8427.8,618.03,71.673,-3.9884,-1.0923,-0.84518
8488.6,615.39,8490.8,614.87,65.596,-4.1306,-2.3533,-0.61808
8549.8,614.23,8550.4,612.99,59.86,-3.4134,-3.3785,-0.20732
8608,613.67,8607.3,612.34,55.132,-2.087,-3.9228,0.30263
8660.7,611.59,8660.3,611.42,50.706,-1.0204,-4.2128,0.6849
8710.9,610.97,8710.4,611.15,47.407,0.15305,-4.0106,1.0273
8756.1,611.92,8756.3,612.2,43.821,1.7101,-3.8951,1.4146
8800.5,613.37,8800,613.91,41.095,2.9657,-3.5463,1.5996
8842.4,618.52,8841.5,618.18,38.738,4.8446,-3.1854,1.8574
8882.6,624.65,8881.3,624.27,37.007,6.83,-2.7204,2.0577
8920.8,629.53,8919.7,630.26,35.87,7.9171,-2.1569,1.9563
8956.9,634.51,8956.3,635.97,34.819,8.2636,-1.6721,1.656
8990.2,638.73,8990.5,640.76,33.486,7.7268,-1.3549,1.1478
9020.7,639.95,9021.9,642.72,31.831,5.4774,-1.1647,0.20705
9049,641.27,9050.5,643.11,29.494,2.6117,-1.2613,-0.80632
9074.9,640.47,9076.2,641.52,26.529,-0.67332,-1.6041,-1.78
9098.7,642.02,9099.4,640.62,23.334,-2.8348,-2.0224,-2.3068
9119.3,641.92,9119.6,639.75,19.862,-4.0436,-2.4844,-2.4016
9134.4,638.06,9135.4,637.04,15.673,-5.1577,-3.0319,-2.3004
9151.6,642.16,9150.7,638.78,12.979,-3.1416,-3.0729,-1.2702
9162.6,639.39,9162.6,638.65,10.18,-2.0032,-3.0568,-0.54886
9170.6,637.22,9170.8,637.68,6.9186,-1.2616,-3.1735,-0.02546
9177.2,634.66,9176.9,635.52,4.1416,-1.4579,-3.1225,0.067241
9184.4,635.21,9182.8,634.87,2.7159,-0.94535,-2.7049,0.27605
9187.1,635.98,9186.2,635.34,1.1585,0.01353,-2.3714,0.55482
9189,637.23,9188.2,636.59,-0.030311,1.0061,-1.9771,0.75958
9189.8,636.74,9189.2,637.09,-0.72522,1.3137,-1.4954,0.73821
9191.6,635.76,9190.6,636.87,-0.44183,1.228,-0.8206,0.63714
9192.9,636.14,9192.2,636.89,0.28062,1.1209,-0.15507,0.51162
9192.9,636.14,9193,636.86,0.70064,0.95516,0.28142,0.3862
9192.9,636.14,9193.3,636.47,0.9029,0.33066,0.53076,0.082667
9192.9,636.14,9193.5,636.23,1.1105,-0.024485,0.70721,-0.074312
9192.9,636.14,9193.7,636.16,1.3844,-0.10823,0.85355,-0.098994
9192.9,636.14,9193.4,635.49,0.93011,-0.98542,0.63813,-0.46872
9191.5,633.53,9192.4,633.94,0.45328,-1.5075,0.48629,-0.51649
9189.5,630.04,9190.6,630.95,-0.35229,-2.5063,0.24678,-0.667
9184.8,625.79,9186.4,626.71,-2.3431,-3.7839,-0.33732,-0.86646
9175.6,619.52,9177.8,620.27,-6.2309,-6.0115,-1.414,-1.3659
9164.6,606.16,9166.3,608.25,-10.269,-10.436,-2.3171,-2.4032
9151.7,597.38,9152.3,596.65,-14.303,-13.323,-3.0694,-2.8636
9141.7,585.77,9139.6,584.32,-16.184,-15.202,-3.08,-2.8839
9127.9,577.48,9125.7,574.33,-17.644,-14.739,-2.9229,-2.1791
9119.9,569.36,9115.6,566.07,-15.977,-12.872,-1.8405,-1.1336
9109.4,564.94,9106.5,561.53,-13.324,-8.9299,-0.5262,0.40072
9103.3,560.31,9100.8,558.73,-9.0203,-4.6893,1.0939,1.8212
9100.6,559.54,9098.9,558.91,-3.604,0.032128,2.773,3.1265
9098.3,557.42,9098.7,559.11,1.1225,3.1968,3.9394,3.7156
9094.6,554.91,9097.4,558.19,3.5205,4.2647,4.1474,3.4952
9093.6,553.17,9096.6,556.63,4.5915,3.9253,3.7821,2.7882
9090.7,550.17,9094.2,553.3,3.4338,1.7926,2.6753,1.5344
9088.4,548.04,9091,549.48,1.3755,-0.8466,1.3937,0.22279
9087.4,546.3,9088.5,546.12,-0.21186,-2.8189,0.43916,-0.68047
9085.6,545.04,9085.8,544.1,-1.7359,-3.2157,-0.33234,-0.84815
9084.2,544.66,9083.7,542.96,-2.6517,-3.148,-0.7562,-0.85745
9083.7,543.79,9082.3,542.63,-2.9536,-2.1774,-0.91352,-0.4657
9083.7,543.79,9082.4,542.95,-1.9229,-1.0141,-0.51575,-0.051377
9083.7,543.79,9082.8,543.68,-1.0493,0.24846,-0.22048,0.37778
9082.4,543.41,9082.8,543.91,-0.18854,0.75244,0.13839,0.48817
9081.5,543.9,9082.1,544.41,-0.13443,1.1543,0.14879,0.53621
9079.6,542.64,9080.3,543.46,-0.94976,0.29918,-0.14766,0.14001
9077.8,541.39,9078.1,542,-1.8358,-0.65172,-0.42402,-0.21325
9074.6,539.75,9075,540.05,-2.9113,-1.6661,-0.68703,-0.52829
9068.2,536.48,9069,536.8,-5.2604,-3.0883,-1.2948,-0.90402
9061.1,530.1,9061.7,531.07,-7.4822,-5.2177,-1.7235,-1.3706
9051.3,520.72,9051.8,522.03,-10.201,-8.3793,-2.2073,-2.0456
9040.3,515.43,9040.1,514.3,-12.866,-9.8361,-2.5878,-2.1348
9028.3,508.4,9027.5,506.66,-14.8,-10.477,-2.6415,-1.9405
9018.8,497.66,9016.4,496.9,-14.906,-11.579,-2.1388,-1.8521
9002.8,489.48,9002.2,488.03,-16.05,-11.447,-1.9502,-1.3828
8990.1,477.1,8988.7,477,-16.055,-12.039,-1.4554,-1.1566
8978.2,462.01,8976.5,463.09,-14.901,-13.608,-0.68359,-1.2219
8967.1,446.42,8965.7,447.4,-12.804,-15.44,0.26562,-1.3679
8949,432.51,8950.8,432.04,-13.233,-16.487,0.34501,-1.3211
8931.6,415.89,8933.8,415.53,-14.664,-17.521,0.063334,-1.2696
8917.4,398.66,8917.7,398.07,-15.487,-18.586,-0.1113,-1.2645
8899.6,383.4,8900.1,381.72,-16.9,-18.551,-0.4599,-0.96369
8887.1,365.2,8885.5,364.47,-16.287,-18.513,-0.19269,-0.65303
8876,349.61,8873.6,348.77,-14.283,-17.149,0.42466,0.049622
8866.9,335.28,8864.7,334.71,-10.966,-14.959,1.3759,0.89686
8855.5,323.28,8855.6,322.39,-8.4864,-12.754,1.9762,1.4897
8845.6,311.67,8846.8,311.42,-6.7016,-10.48,2.2602,1.9885
8837.5,301.32,8838.8,301.76,-5.4772,-8.2683,2.2528,2.3722
8830.2,290.47,8832,291.66,-4.0476,-7.4751,2.3366,2.1785
8824.9,283.12,8826,283.81,-3.4959,-5.9583,1.9873,2.2176
8822.1,280.12,8821.8,279.79,-2.8898,-3.1881,1.5936,2.5806
8816.2,269.66,8816.7,272.29,-3.4347,-3.4264,0.92025,2.0071
8813.3,264.42,8813.4,265.73,-2.6666,-3.8792,0.85544,1.3546
8810.4,259.19,8810.7,259.93,-2.0699,-4.1328,0.76402,0.87075
8809.4,257.45,8809.2,256.71,-1.2345,-3.3208,0.7426,0.75306
8809.3,255.21,8809.3,254.45,0.28058,-2.4774,0.9994,0.67217
8808.5,247.64,8808.9,249.34,0.58896,-3.1991,0.79423,0.27547
8809.2,244.92,8809.2,245.31,0.82944,-3.5005,0.57246,0.022884
8810.4,240.83,8810.1,241.06,1.0706,-3.9937,0.38446,-0.2399
8810.2,236.37,8810.7,236.37,1.1731,-4.739,0.27104,-0.53659
8810.3,230.54,8811,230.73,0.96533,-5.7158,0.09502,-0.81009
8811,225.58,8811.3,225.24,0.66297,-6.2891,-0.090724,-0.89959
8811.2,219.75,8811.3,219.45,0.18056,-6.6772,-0.29694,-0.87676
8809.8,211.31,8810.1,211.48,-0.97922,-8.1832,-0.67866,-1.2054
8809.4,202.38,8808.9,202.18,-1.8916,-9.957,-0.93415,-1.5681
8808,191.7,8807.7,192.1,-2.2041,-10.848,-0.87718,-1.4425
8810.7,182.17,8808.9,181.69,-1.1317,-11.706,-0.45018,-1.3936
8812.4,170.89,8811,170.39,0.41487,-12.56,0.096469,-1.3426
8814.6,160.49,8813.8,159.15,1.8994,-13.134,0.54177,-1.2712
8810.9,149.92,8812.9,148.47,1.1046,-12.824,0.29516,-0.90094
8808.6,139.73,8810.6,138.84,-0.24753,-11.376,-0.089079,-0.15004
8809.4,126.71,8809.5,127.14,-0.91917,-11.454,-0.29768,-0.017717
8805.2,115.27,8806,115.63,-2.6798,-11.271,-0.78888,0.16451
8801.6,104.7,8801.8,104.75,-4.2875,-10.789,-1.1494,0.37411
8798.8,93.639,8797.9,93.887,-5.2498,-10.438,-1.2803,0.49009
8797.9,83.833,8795.7,83.606,-4.8563,-10.099,-0.99037,0.51416
8799.4,78.387,8796.6,76.701,-2.5993,-8.1879,-0.15078,0.95181
8796.7,67.327,8796.4,68,-0.9879,-7.5813,0.48321,1.0066
8795.8,59.754,8796.4,60.239,0.45644,-6.7881,0.97733,1.0854
8795.5,53.054,8796.6,53.512,1.5749,-5.7745,1.2759,1.2099
8795.8,49.459,8796.7,49.065,1.7132,-4.1696,1.1066,1.4259
8794.5,41.015,8795.7,42.584,0.948,-4.1834,0.65655,1.1658
8794.7,35.186,8795,36.211,0.2604,-4.5836,0.25224,0.76867
8796.8,32.845,8796.3,32.237,0.995,-3.9702,0.38566,0.67835
8797.6,30.122,8797.3,29.379,1.1475,-3.1011,0.29544,0.68304
8799.2,26.909,8798.7,26.94,1.1802,-2.1475,0.15035,0.78595
8799.8,21.953,8800.1,23.068,1.6315,-2.3916,0.26668,0.52919
8800.1,18.358,8801,19.189,1.6353,-2.7766,0.24906,0.26179
8800.4,14.762,8801.2,15.342,1.2019,-3.1486,0.082351,0.047887
8799.8,11.657,8800.5,11.642,0.051008,-3.5869,-0.31932,-0.18574
8799.7,9.4236,8799.5,8.5285,-1.0854,-3.8658,-0.69373,-0.38026
8799.6,7.1901,8799.1,6.5339,-1.2795,-3.0376,-0.65185,-0.093729
8800,5.8285,8799.1,5.0916,-1.2188,-2.278,-0.55445,0.099318
8799.9,3.5951,8799.1,3.4094,-0.9976,-1.8643,-0.40124,0.17372
8799.4,2.7231,8799,2.3583,-0.73054,-1.3306,-0.22612,0.25885
8800.2,2.2335,8799.9,2.4057,0.21877,0.0063455,0.16081,0.66817
8799.8,1.3616,8800.1,2.0239,0.51481,0.50257,0.27901,0.71799
8800.6,0.87192,8800.7,1.3099,0.73606,0.25241,0.306,0.45783
8800.1,3.0622e-12,8800.6,0.34085,0.6152,-0.23071,0.23876,0.16179
8800.1,3.0622e-12,8800.4,-0.10936,0.274,-0.37601,0.083498,0.018576
8800.1,3.0622e-12,8800.2,-0.12534,0.037714,-0.16835,-0.014457,0.04041
