0,0,NaN,NaN,NaN,NaN,NaN,NaN
56.667,4.6804,NaN,NaN,NaN,NaN,NaN,NaN
123.15,10.154,NaN,NaN,NaN,NaN,NaN,NaN
198.09,16.821,NaN,NaN,NaN,NaN,NaN,NaN
279.66,25.958,NaN,NaN,NaN,NaN,NaN,NaN
368.41,34.453,NaN,NaN,NaN,NaN,NaN,NaN
462.91,44.941,NaN,NaN,NaN,NaN,NaN,NaN
562.76,56.064,NaN,NaN,NaN,NaN,NaN,NaN
667.87,70.058,NaN,NaN,NaN,NaN,NaN,NaN
780.97,86.123,NaN,NaN,NaN,NaN,NaN,NaN
899.34,105.06,NaN,NaN,NaN,NaN,NaN,NaN
1029.6,129.33,NaN,NaN,NaN,NaN,NaN,NaN
1170,158,NaN,NaN,NaN,NaN,NaN,NaN
1316.9,191.36,NaN,NaN,NaN,NaN,NaN,NaN
1470.1,225.84,1469.5,226.45,158.29,39.244,8.6068,5.1858
1626,259.52,1629,262.73,166.17,42.021,8.8021,4.9441
1786.3,293.36,1791,297.89,171.01,42.309,7.9966,3.949
1952.1,325.6,1956.3,330.5,173.81,39.9,6.5987,2.2339
2127.6,360.87,2128.7,363.26,177.21,36.97,5.4693,0.5184
2311.6,397.33,2309.5,397.27,182.14,34.82,4.8939,-0.7028
2495.9,437.38,2494.6,434.59,186.5,34.616,4.3292,-1.1403
2683.4,475.76,2683.1,473.08,190.39,35.295,3.858,-1.1023
2872.4,509.26,2873.6,508.97,193.39,34.779,3.3606,-1.2452
3061.6,538.3,3064.3,540.46,194.68,32.522,2.5595,-1.7078
3260.8,561.42,3261,565.48,197.83,27.737,2.4569,-2.7424
3463.6,584.23,3462.3,586.67,201.14,22.153,2.346,-3.8999
3667,603.92,3665.7,604.29,203.53,16.236,1.9621,-5.0263
3869.9,622.25,3869.6,619.89,204.69,11.126,1.3469,-5.7791
4068.2,634.6,4070.2,631.81,203.25,6.4293,0.194,-6.1796
4266.6,642.48,4269,640.05,201.09,2.4976,-0.83706,-6.1073
4469.5,648.29,4469.8,645.99,200.35,-0.0064956,-1.226,-5.4564
4672.6,649.62,4671.8,648.69,200.19,-1.8622,-1.3479,-4.545
4873.7,646.41,4872.5,646.76,198.94,-4.5425,-1.8133,-3.9936
5069.4,640.33,5069.1,640.81,195.66,-7.8378,-2.7726,-3.7631
5257.3,629.94,5259.1,630.07,190.32,-12.342,-3.9949,-4.0514
5439.8,618.91,5442.3,617.43,183.43,-15.902,-5.344,-4.0734
5621.5,607.41,5622.2,604.7,177.55,-17.428,-6.0618,-3.4629
5797.4,593.91,5797.5,591.54,171.89,-17.52,-6.4927,-2.4541
5968.3,581.14,5967.1,579.22,165.2,-15.956,-7.2358,-1.0581
6129.5,565.34,6128.6,565.12,157.11,-15.139,-8.2071,-0.14202
6280.9,548.74,6280.7,549.59,147.82,-14.908,-9.2313,0.399
6425.6,531.91,6425.1,532.97,138.91,-15.256,-9.8079,0.57384
6564,513.96,6563.2,515.37,131.56,-15.811,-9.6139,0.61848
6696.7,496.26,6695.2,497.31,125.04,-16.482,-9.1316,0.53683
6824.4,479.27,6821.7,479.41,118.95,-17.084,-8.6595,0.3761
6943.1,461.98,6940.9,461.76,112.49,-17.34,-8.3581,0.31229
7057.8,445.88,7055,445.26,107.05,-16.773,-7.7793,0.49746
7166.6,430.02,7164.4,429.61,102.82,-15.757,-6.8324,0.79474
7268.4,412.57,7268,413.41,99.035,-15.068,-5.7756,0.99533
7363.4,394.89,7364.6,396.31,94.411,-15.19,-5.1266,0.88784
7451,374.25,7453,376.54,87.747,-16.895,-5.3148,0.29483
7529.1,354.18,7531.7,355.72,78.992,-18.916,-6.1772,-0.3461
7601.5,332.12,7602.7,333.01,69.619,-21.609,-7.1955,-1.1371
7667.6,308.94,7667.4,309.13,61.181,-24.02,-7.7607,-1.6896
7727,287.76,7726,286.27,53.835,-25.051,-7.848,-1.7466
7782.4,265.55,7780.2,263.73,48.085,-25.229,-7.4265,-1.4955
7831.9,243.57,7829.7,241.91,43.403,-24.446,-6.7156,-0.92947
7876.9,223.68,7874.9,221.92,39.661,-22.508,-5.8139,-0.08218
7917.9,202.75,7916.4,202.19,36.718,-20.669,-4.8112,0.62948
7954.9,183.02,7954.3,183.16,34.522,-18.85,-3.7113,1.2148
7988.2,163.61,7988.3,164.29,32.049,-17.661,-2.9521,1.4585
8020.2,144.6,8020,145.5,30.03,-17.066,-2.2834,1.4226
8049.5,126.39,8049.4,127.17,28.221,-16.687,-1.7471,1.282
8079.2,107.3,8078.3,108.27,27.407,-17.043,-1.1096,0.90489
8109,88.209,8107.8,89.133,27.798,-17.584,-0.28208,0.53543
8137.4,69.519,8137.1,69.924,28.796,-18.299,0.5832,0.13799
8168.5,50.03,8168,50.41,30.718,-18.969,1.4896,-0.14858
8199.2,31.42,8199.5,31.319,32.68,-19.236,2.2011,-0.25718
8230.8,11.053,8231.8,11.172,34.551,-20.069,2.7008,-0.51753
8263.9,-14.183,8265.1,-12.549,36.086,-22.37,2.8993,-1.0967
8297,-39.42,8298.7,-38.242,37.059,-25.042,2.8229,-1.6906
8331.1,-68.647,8332.8,-67.47,37.546,-28.775,2.5241,-2.5008
8366.6,-98.273,8367.8,-98.25,37.902,-31.964,2.1564,-2.9903
8402.9,-125.19,8403.8,-127.58,38.277,-33.176,1.8161,-2.8319
8440.6,-152.5,8441,-155.68,38.915,-32.794,1.5889,-2.1807
8478.6,-178.46,8479,-181.8,39.446,-30.823,1.3524,-1.1113
8516.8,-206.65,8517.4,-208.21,39.866,-28.903,1.1456,-0.15366
8555.8,-234.36,8556.3,-234.47,40.062,-26.936,0.88496,0.71599
8595.3,-262.95,8595.6,-261.6,40.24,-25.8,0.66507,1.1931
8634.2,-288.43,8634.8,-287.53,40.193,-24.562,0.44554,1.5278
8672.7,-313.03,8673.3,-312.46,39.431,-23.5,0.02438,1.6556
8710.6,-336.75,8711.2,-336.67,38.509,-22.904,-0.35025,1.5022
8748.1,-359.6,8748.4,-359.82,37.393,-22.23,-0.71528,1.3525
8785.2,-381.56,8785,-381.64,36.247,-21.073,-1.0198,1.4026
8821.3,-404.01,8821.1,-403.44,35.263,-20.416,-1.1816,1.2999
8856.5,-424.7,8856.2,-423.94,34.267,-19.224,-1.2892,1.4231
8890.3,-444.98,8890.2,-443.98,33.089,-18.389,-1.405,1.4007
8923.3,-465.75,8923.1,-464.64,31.92,-18.655,-1.4738,0.98334
8956.1,-484.28,8955.5,-484.16,31.061,-18.655,-1.4322,0.66531
8984.1,-502.09,8984.8,-502.66,29.087,-18.461,-1.6707,0.42556
9011.4,-516.79,9012,-518.23,26.9,-16.759,-1.9193,0.71184
9034.2,-529.41,9035.4,-530.97,23.548,-14.046,-2.4598,1.2837
9054.3,-539,9055.2,-540.31,19.542,-10.286,-3.1033,2.1138
9071.1,-546.91,9071.5,-547.43,15.308,-6.7469,-3.6877,2.72
9084.3,-552.26,9084.3,-552.12,10.948,-3.3069,-4.1817,3.1824
9087.9,-552.59,9089.4,-552.76,4.5847,0.71022,-5.1036,3.6851
9090.6,-553.38,9090.6,-552.22,-1.3016,3.5851,-5.7197,3.7426
9098.2,-554.91,9094.2,-552.3,-3.3864,4.5454,-5.1353,3.1948
9102.3,-556.1,9097.9,-553.11,-3.5081,4.0267,-3.9816,2.2612
9105,-556.9,9101.5,-554.6,-2.3505,2.3677,-2.546,1.0709
9106.8,-555.95,9104.8,-555.27,-0.57829,0.96482,-1.0987,0.12152
9106.8,-555.95,9106.7,-555.92,0.71477,-0.31102,-0.022549,-0.59114
9107.3,-556.82,9107.9,-557.16,1.6568,-1.7119,0.70534,-1.1799
9107.3,-556.82,9108.7,-557.84,2.3651,-2.3243,1.202,-1.3647
9107.3,-556.82,9108.7,-558.14,2.2223,-2.426,1.2222,-1.3086
9107.3,-556.82,9108.4,-558.01,1.7663,-1.9848,1.0472,-1.0217
9107.3,-556.82,9107.8,-557.64,0.92752,-1.3,0.67286,-0.65293
9107.3,-556.82,9107.1,-557.14,0.13833,-0.50521,0.31216,-0.26469
9106.8,-555.95,9106.6,-556.25,-0.19464,0.23053,0.17657,0.022135
9104.4,-551.56,9105.6,-553.12,-0.069189,1.6419,0.35107,0.37119
9101,-545.41,9102.8,-547.21,-0.95064,4.2108,0.16498,1.0265
9097.7,-539.26,9098.6,-539.95,-2.8779,6.8932,-0.4441,1.6553
9092.6,-534.07,9093.2,-533.07,-4.8094,8.5196,-0.93976,1.8879
9087,-528,9086.9,-526.36,-6.5424,9.2429,-1.2974,1.7793
9080.1,-521.54,9079.7,-519.94,-8.0881,9.0593,-1.5167,1.3473
9072.7,-516.42,9072.1,-514.62,-9.0497,7.9856,-1.4843,0.70558
9068,-509.88,9066.2,-509.05,-8.5645,6.975,-1.0338,0.15133
9061.1,-503.41,9060,-503.45,-7.9017,5.9309,-0.55107,-0.3567
9054.6,-497.82,9054,-498.21,-7.034,4.9015,-0.066346,-0.75869
9047.2,-490.47,9047.4,-491.75,-6.5489,4.8729,0.23213,-0.76624
9041.1,-483.53,9041.3,-484.64,-5.9698,5.4801,0.47344,-0.50892
9034.2,-477.06,9034.7,-477.42,-5.8598,6.2963,0.50179,-0.15234
9027.6,-469.24,9028,-469.44,-5.8962,7.3923,0.44665,0.24581
9020.7,-462.77,9021.2,-462.36,-6.0531,7.5373,0.35741,0.26197
9013.3,-455.42,9013.8,-455.24,-6.5457,7.4709,0.16186,0.1751
9007.6,-447.12,9007.3,-447.36,-6.5994,7.7624,0.086106,0.19869
9001.1,-439.29,9000.9,-439.33,-6.505,8.0812,0.088027,0.24452
8994.5,-431.47,8994.5,-431.4,-6.3731,8.1506,0.11433,0.19655
8986.2,-424.6,8987,-424.17,-6.739,7.7869,0.027194,0.035284
8978.8,-415.02,8979.3,-415.42,-7.1868,8.3369,-0.087358,0.17116
8968.6,-406.87,8969.5,-406.95,-8.7878,8.5013,-0.56079,0.16298
8956.7,-397.45,8957.8,-397.73,-10.838,9.0028,-1.054,0.25963
8947.8,-387.47,8947.1,-387.74,-11.761,9.7991,-1.1706,0.44059
8933.6,-378.13,8933.9,-378.01,-13.504,10.085,-1.4556,0.42346
8923.8,-366.39,8922.2,-366.79,-13.847,11.014,-1.3164,0.59278
8907.8,-358,8907.9,-357.08,-15.096,10.884,-1.3846,0.45367
8894.9,-346.82,8894.1,-346.61,-15.416,10.967,-1.1642,0.3596
8883.7,-332.45,8882.1,-333.4,-14.346,12.411,-0.55267,0.67326
8866.7,-322.31,8867.4,-321.76,-14.633,12.536,-0.38032,0.56274
8855.1,-309.29,8854.4,-309.3,-13.963,12.834,-0.026542,0.4886
8843.9,-294.92,8842.9,-295.38,-12.577,13.724,0.46704,0.60185
8829.6,-283.34,8830,-282.63,-12.22,13.74,0.5825,0.47556
8818.3,-268.97,8818.3,-268.77,-11.358,14.233,0.8012,0.50711
8807,-252.36,8807.1,-253.11,-10.694,15.245,0.88257,0.63073
8792.2,-239.91,8793.9,-239.06,-11.19,15.177,0.64872,0.47483
8781.4,-224.18,8781.9,-224.09,-11.08,15.351,0.58033,0.37596
8768.8,-209.41,8769.2,-209.23,-11.771,15.291,0.21579,0.22424
8755.4,-197.35,8756,-196.24,-12.358,14.236,-0.0044232,-0.16235
8745.9,-182.02,8744.8,-182.25,-12.169,13.791,-0.056048,-0.34856
8735.5,-167.17,8734.8,-167.51,-10.945,14.103,0.31383,-0.21465
8725.2,-152.32,8724.8,-152.81,-10.231,14.145,0.44049,-0.21766
8714.3,-136.6,8714.5,-137.52,-9.8965,14.371,0.44622,-0.19045
8704.8,-121.27,8705.3,-121.63,-8.7864,15.23,0.76092,0.11692
8694,-105.54,8694.9,-105.7,-9.0938,15.761,0.51827,0.2523
8684.5,-90.212,8684.8,-89.978,-9.2993,16.019,0.31746,0.29124
8675.5,-75.762,8675.6,-74.814,-9.0399,16.067,0.30833,0.31136
8667.4,-63.068,8666.9,-61.699,-8.8665,14.718,0.21042,-0.14061
8660.3,-49.896,8659.4,-49.341,-8.1377,13.079,0.30601,-0.66122
8653.6,-39.837,8653.1,-38.886,-6.767,11.115,0.64306,-1.1276
8648.4,-30.178,8647.8,-30.018,-5.515,8.6998,0.84769,-1.7032
8643.6,-21.396,8643.6,-21.888,-3.9524,6.8636,1.1612,-1.9695
8638.9,-14.85,8639.6,-15.132,-2.7948,5.343,1.3132,-2.0129
8636,-9.5808,8636.4,-10.06,-2.1211,3.5647,1.206,-2.134
8634.6,-6.9464,8634.6,-7.0684,-1.119,1.6805,1.1982,-2.2092
8630.8,-2.156,8631.8,-3.4443,-1.1378,1.0772,0.90071,-1.8865
8630.8,-2.156,8630.8,-2.3626,-0.49832,-0.2213,0.81919,-1.781
8630.4,-1.2779,8630.3,-1.8103,-0.032804,-1.0237,0.68911,-1.5389
8629.9,-0.39972,8630.1,-1.3263,0.42157,-1.3082,0.61589,-1.198
8628.5,-2.8209e-12,8629.2,-0.91459,0.16558,-1.1944,0.34882,-0.79524
8628.5,-2.8209e-12,8628.8,-0.61874,0.041425,-0.83103,0.1605,-0.37883
8628.5,-2.8209e-12,8628.6,-0.28266,-0.090352,-0.26187,0.00015764,0.031575
8628.5,-2.8209e-12,8628.4,-0.058683,-0.22138,0.16265,-0.12568,0.29479
