0,0,NaN,NaN,NaN,NaN,NaN,NaN
44.906,-5.3365,NaN,NaN,NaN,NaN,NaN,NaN
96.042,-9.5873,NaN,NaN,NaN,NaN,NaN,NaN
150.77,-14.176,NaN,NaN,NaN,NaN,NaN,NaN
212.61,-17.204,NaN,NaN,NaN,NaN,NaN,NaN
279.32,-18.741,NaN,NaN,NaN,NaN,NaN,NaN
351.38,-19.667,NaN,NaN,NaN,NaN,NaN,NaN
429.61,-17.272,NaN,NaN,NaN,NaN,NaN,NaN
511.42,-15.214,NaN,NaN,NaN,NaN,NaN,NaN
597.64,-10.785,NaN,NaN,NaN,NaN,NaN,NaN
687.85,-5.3381,NaN,NaN,NaN,NaN,NaN,NaN
780.84,-2.9384,NaN,NaN,NaN,NaN,NaN,NaN
878.3,-0.40188,NaN,NaN,NaN,NaN,NaN,NaN
982.13,-1.2498,NaN,NaN,NaN,NaN,NaN,NaN
1090,-3.3155,1088.7,-1.3494,107.78,-0.70905,3.4329,-1.5027
1202,-6.5991,1200.7,-6.0373,112.43,-4.5465,3.6108,-2.556
1316.2,-9.8143,1315.9,-11.105,116.58,-7.3894,3.6697,-3.1239
1434,-13.367,1434.4,-15.799,120.56,-8.7026,3.7387,-3.0604
1557.6,-17.189,1557.5,-19.986,124.75,-8.7328,3.8329,-2.5393
1686.9,-19.045,1686.2,-22.152,129.73,-6.966,4.1382,-1.4883
1820.8,-20.764,1819.9,-22.905,134.94,-4.2319,4.4442,-0.23427
1953.5,-16.252,1954.6,-19.047,138.1,0.43916,4.1097,1.3583
2089,-12.552,2090.8,-13.362,140.07,5.036,3.4915,2.6966
2224.4,-8.8522,2226.9,-7.6718,140.4,8.012,2.4951,3.2652
2358.6,-6.9815,2361.5,-3.9134,138.96,8.5507,1.1656,2.9387
2496.5,-9.9183,2497.6,-4.811,137.91,5.9231,0.17888,1.6924
2634.4,-12.855,2634.3,-8.7728,136.84,1.5441,-0.64295,0.00026295
2773.6,-13.963,2772,-12.696,136.1,-2.0674,-1.2271,-1.2607
2916.2,-10.938,2913,-13.361,137.17,-3.186,-1.1194,-1.637
3057.5,-9.7424,3055.1,-12.819,138.81,-3.0872,-0.71285,-1.5252
3200.2,-6.7176,3198.7,-10.083,141.27,-1.4243,0.029059,-0.8822
3342.4,-5.0475,3342.6,-6.7907,143.34,0.71335,0.63848,-0.059337
3482.1,-7.0356,3484.1,-5.7784,143.35,1.6174,0.54025,0.40404
3620.4,-10.853,3622.8,-7.768,141.37,0.79256,-0.20839,0.30625
3757,-15.619,3758.8,-12.347,137.99,-1.3731,-1.3165,-0.22846
3892.3,-19.979,3893,-18.63,134.54,-4.6101,-2.2474,-1.1959
4028.4,-23.864,4027.1,-24.785,131.94,-7.1168,-2.8016,-1.8688
4163.2,-27.344,4161.1,-30.037,130.5,-8.3853,-2.8335,-2.0844
4295.8,-33.127,4294.2,-35.482,129.77,-8.7553,-2.5177,-1.8775
4423.6,-40.401,4423.6,-41.342,127.83,-8.219,-2.5344,-1.2401
4548.7,-49.099,4549.6,-48.585,125.33,-7.9414,-2.6236,-0.69671
4667.1,-60.237,4669.6,-58.521,120.81,-8.9571,-3.2573,-0.63192
4779.8,-71.106,4782.5,-70.024,114.09,-10.716,-4.4654,-0.90697
4883.5,-82.249,4886.6,-82.077,105.18,-12.22,-6.0936,-1.1066
4981.8,-94.003,4983.2,-94.83,95.329,-13.787,-7.7717,-1.3756
5074.7,-104.13,5073.8,-106.23,86.074,-13.959,-8.9718,-1.1927
5162.2,-112.64,5159.5,-115.18,78.477,-12.188,-9.3677,-0.39051
5247.1,-122.57,5242.6,-123.65,73.587,-10.09,-8.7697,0.46425
5326.6,-130.87,5322.4,-131.04,70.58,-7.7124,-7.5345,1.2864
5400.7,-142.03,5398,-140.22,68.36,-6.9663,-6.1265,1.4776
5473.1,-151.89,5470.9,-150.02,66.946,-7.1396,-4.6922,1.2718
5540.9,-161.89,5540.1,-160.46,65.455,-8.0814,-3.51,0.77217
5606.6,-174.2,5606.4,-172.66,63.976,-9.9377,-2.5732,0.05388
5669.2,-187.05,5669.7,-186.13,62.211,-12.162,-1.9409,-0.68742
5726.9,-201.39,5728.2,-200.98,58.998,-14.5,-1.9561,-1.3324
5785.1,-216.61,5785.2,-216.72,56.465,-16.411,-1.869,-1.6988
5839.2,-230.61,5839.4,-231.89,53.792,-17.256,-1.8873,-1.6758
5890.4,-237.1,5891,-241.22,51.328,-14.435,-1.8259,-0.57253
5935.1,-235.73,5937.1,-241.8,47.337,-7.3167,-2.2317,1.6423
5989.5,-256.44,5987.3,-252.89,47.031,-7.1912,-1.6042,1.6397
6030,-251.62,6031.2,-253.67,44.322,-2.2167,-1.725,2.8684
6082.7,-277.74,6079.9,-269.53,45.166,-6.4326,-0.91748,1.3716
6123.6,-284.1,6124.1,-281.54,44.272,-8.4849,-0.66226,0.49903
6168.3,-297.49,6168.5,-295.51,44.179,-11.355,-0.2312,-0.51735
6213.4,-309.54,6213.3,-309.77,44.501,-14.124,0.18301,-1.4518
6259.8,-319.75,6259.4,-322.37,45.702,-15.378,0.75293,-1.8208
6308,-329.01,6307.2,-332.65,47.539,-14.622,1.3484,-1.4501
6359.3,-337.73,6358.1,-340.89,50.484,-12.344,2.1218,-0.55715
6415.8,-343.61,6414.1,-345.85,55.222,-8.1701,3.252,0.90297
6477.7,-348.87,6475.6,-348.93,61.105,-3.6026,4.4238,2.3534
6544.5,-352.64,6543.1,-351.08,68.227,-0.025065,5.7563,3.2249
6617.1,-356.68,6616.8,-354.45,76.133,0.71952,7.0768,2.8799
6694.1,-358.35,6695.7,-357.33,83.793,0.34063,8.0804,2.0549
6775.2,-361.24,6777.6,-359.16,88.906,1.1075,7.9029,1.9187
6862,-362.16,6865.1,-362.2,94.499,-0.95671,7.9174,0.56951
6954.3,-364.7,6956.2,-363.23,97.962,0.13398,6.9763,0.83406
7052.4,-367.52,7053.8,-366.8,102.86,-1.8737,6.6826,-0.15341
7156.2,-370.6,7156.8,-370.16,107.45,-2.9514,6.2203,-0.57876
7260.6,-374.56,7262.3,-374.36,110.68,-4.2432,5.4481,-0.97913
7367.6,-377.11,7369.8,-377.94,112.8,-4.8627,4.4977,-1.1096
7475.5,-376.94,7478.2,-379.04,113.61,-3.8458,3.3598,-0.70922
7586.8,-374.87,7588.6,-377.35,114.11,-1.3797,2.3235,0.099707
7702.1,-369.55,7702.2,-372.2,115,2.3131,1.5538,1.1446
7822.6,-361.38,7820.6,-363.39,117.35,7.0226,1.3439,2.3526
7944.5,-351.39,7942.3,-351.97,120.24,11.688,1.3999,3.3591
8065.4,-341.87,8064.7,-340.13,122.29,14.962,1.3037,3.7966
8189,-330.93,8188.9,-328.21,124.38,16.557,1.3387,3.5726
8309.9,-319.17,8311.8,-316.23,124.95,16.904,1.0324,2.938
8429.5,-307.01,8432.3,-304.68,123.62,15.869,0.24268,1.8746
8548,-293.09,8550.5,-292.16,120.8,14.908,-0.88532,0.95365
8663.4,-277.48,8665.2,-278.01,116.28,14.549,-2.3786,0.33998
8779.7,-259.15,8778.8,-260.98,112.08,15.614,-3.5768,0.28301
8894.5,-238.19,8892.1,-240.43,109.28,18.33,-4.0525,0.81378
9008.3,-215.46,9005.3,-217.09,107.93,21.811,-3.884,1.5608
9115.9,-193.83,9115,-193.48,106.23,24.379,-3.6227,1.9801
9219.9,-171.85,9220.5,-170.1,103.62,25.806,-3.5575,2.0131
9317.3,-150.08,9319.4,-147.73,98.855,25.691,-4.0844,1.5327
9407.1,-131.22,9410,-128.28,91.376,23.376,-5.3454,0.42547
9492.9,-113.38,9494.4,-111.2,83.309,19.869,-6.5861,-0.90348
9569.4,-99.405,9570.5,-97.616,74.08,15.285,-7.9186,-2.3105
9640.2,-87.395,9639.5,-86.902,64.63,10.407,-9.1008,-3.5592
9706.9,-76.402,9704.1,-77.611,57.17,6.4836,-9.397,-4.2596
9767.1,-67.849,9763.7,-69.797,51.158,3.6297,-9.0711,-4.409
9823.6,-58.959,9819.8,-61.851,47.179,2.5189,-8.0562,-3.9161
9874,-51.154,9871.4,-53.919,44.235,2.6893,-6.7371,-3.0163
9917.6,-43.555,9916.8,-45.87,40.597,3.6813,-5.7942,-1.9617
9955.4,-37.922,9955.9,-38.959,36.113,4.4221,-5.2647,-1.1214
9986.6,-32.494,9987.8,-32.769,30.306,5.0011,-5.276,-0.47224
10013,-30.792,10014,-29.35,24.339,4.3388,-5.3711,-0.28132
10034,-28.347,10034,-27.182,18.214,3.1806,-5.5834,-0.35386
10048,-23.467,10048,-23.923,11.491,2.822,-5.9359,-0.28403
10052,-24.685,10053,-23.763,3.5339,1.1238,-6.5666,-0.60985
10055,-27.257,10054,-26.195,-2.9406,-1.4191,-6.7237,-1.1612
10063,-27.932,10058,-28.223,-4.5984,-2.772,-5.4193,-1.2727
10067,-27.795,10062,-29.142,-3.66,-2.8596,-3.5189,-0.99486
10069,-29.082,10066,-30.129,-1.8435,-2.5805,-1.6378,-0.62689
10069,-29.962,10068,-30.673,0.28956,-1.7429,0.050895,-0.11939
10069,-29.962,10070,-30.567,1.9282,-0.66236,1.2323,0.35251
10070,-30.842,10071,-30.692,3.3737,0.11786,2.065,0.65396
10070,-30.842,10072,-30.552,4.147,0.76357,2.441,0.82749
10065,-33.214,10069,-31.861,2.5376,0.46748,1.9215,0.69547
10055,-38.907,10060,-36.416,-2.3622,-1.6007,0.39342,0.042622
10042,-46.022,10046,-43.528,-9.2351,-4.483,-1.6349,-0.74961
10027,-54.087,10028,-52.846,-16.026,-8.061,-3.3992,-1.7124
10010,-63.1,10009,-63.58,-20.898,-11.54,-4.2278,-2.5536
9991.3,-70.827,9989.6,-72.882,-23.49,-12.593,-4.0837,-2.4329
9970.9,-75.032,9968.7,-78.718,-25.269,-10.925,-3.6881,-1.4808
9951.4,-83.233,9948.1,-85.244,-25.768,-9.5338,-3.0087,-0.69757
9931.5,-88.319,9928.5,-90.023,-24.528,-7.1713,-1.825,0.27708
9912,-94.286,9910,-94.386,-21.956,-4.7961,-0.35107,1.1579
9892,-99.372,9891.7,-98.453,-19.319,-2.9076,0.92941,1.7239
9872.4,-103.1,9873.3,-101.95,-17.342,-1.5634,1.7361,1.9492
9854.7,-110.36,9855.6,-107.85,-15.968,-2.2558,2.0728,1.4738
9837.5,-116.25,9838.2,-114.59,-15.28,-3.8807,2.01,0.6709
9820.7,-123.03,9821.4,-122.09,-14.666,-5.7555,1.8871,-0.11049
9804.8,-129.33,9805.6,-129.34,-13.798,-7.0167,1.8573,-0.5696
9791.1,-135.57,9791.5,-136.21,-12.632,-7.6421,1.865,-0.73862
9777.4,-141.81,9778,-142.62,-11.781,-7.6287,1.7417,-0.64068
9766,-147.97,9766.1,-148.62,-10.617,-7.1348,1.6993,-0.36519
9755.4,-153.66,9755.6,-154.26,-9.3023,-6.54,1.7074,-0.10831
9744.8,-159.36,9745.6,-159.85,-8.3306,-6.1384,1.6237,0.026542
9736.9,-163.63,9737.1,-164,-7.2795,-4.7618,1.5259,0.49457
9730.7,-166.95,9730.6,-167.31,-5.8433,-3.4963,1.5435,0.8046
9727.2,-168.84,9726.6,-169.17,-3.808,-1.865,1.7183,1.1646
9720.2,-172.64,9721.4,-171.9,-3.1477,-1.3687,1.5114,1.1077
9717.5,-174.06,9718,-173.78,-2.1334,-0.89588,1.4122,0.99974
9711.9,-178.26,9713.3,-176.84,-2.5354,-1.1555,0.9058,0.74682
9708.8,-181.04,9709.4,-180.08,-2.7192,-1.7866,0.53035,0.37376
9708.8,-181.04,9708,-181.44,-1.8077,-1.443,0.52546,0.31966
9707.9,-181.52,9707.4,-182.11,-0.93756,-0.98224,0.53258,0.30096
9706.2,-182.46,9706.2,-182.74,-0.74259,-0.68646,0.35803,0.25493
9704.4,-183.41,9704.9,-183.4,-0.80946,-0.50908,0.17539,0.20561
9704.4,-183.41,9704.3,-183.47,-0.62282,-0.090578,0.088719,0.25267
9703.5,-183.89,9703.7,-183.61,-0.51939,0.17415,0.029102,0.26754
9702.6,-184.36,9703,-183.87,-0.46306,0.27564,-0.0009267,0.24439
9702.6,-184.36,9702.6,-184.09,-0.50676,0.18346,-0.087781,0.13943
9702.6,-184.36,9702.3,-184.34,-0.64631,-0.075008,-0.20873,-0.022282
9702.6,-184.36,9702,-184.62,-0.80788,-0.40782,-0.3219,-0.19541
9702.6,-184.36,9702.3,-184.63,-0.34747,-0.38875,-0.14467,-0.19487
9702.6,-184.36,9702.4,-184.67,-0.23246,-0.43285,-0.11857,-0.21583
9702.6,-184.36,9702.9,-184.36,0.31324,0.011334,0.10544,-0.017427
9702.6,-184.36,9702.9,-184.22,0.33331,0.17961,0.095553,0.05149
9702.6,-184.36,9702.7,-184.36,-0.080544,-0.043403,-0.094036,-0.050673
9702.6,-184.36,9702.5,-184.43,-0.26496,-0.14278,-0.16559,-0.089233
9702.6,-184.36,9702.5,-184.42,-0.22273,-0.12002,-0.13208,-0.071175
9702.6,-184.36,9702.6,-184.41,-0.15616,-0.084149,-0.090606,-0.048824
9701.8,-184.84,9701.9,-184.76,-0.54164,-0.29187,-0.20118,-0.10841
9701.8,-184.84,9701.6,-184.9,-0.52318,-0.28192,-0.15843,-0.085374
9701.8,-184.84,9701.6,-184.93,-0.36247,-0.19532,-0.07649,-0.041218
9701.8,-184.84,9701.6,-184.94,-0.24557,-0.13233,-0.030428,-0.016397
9701.8,-184.84,9701.6,-184.91,-0.098333,-0.052988,0.020944,0.011286
9701.8,-184.84,9701.7,-184.86,0.041849,0.022551,0.065156,0.035111
9701.8,-184.84,9701.8,-184.81,0.14805,0.079778,0.093609,0.050443
9701.8,-184.84,9701.9,-184.78,0.20382,0.10983,0.10158,0.054736
9700.9,-185.31,9701.3,-185.08,-0.1001,-0.053938,0.0047737,0.0025724
9700.9,-185.31,9701,-185.27,-0.25052,-0.135,-0.044386,-0.023918
9700.9,-185.31,9700.8,-185.38,-0.30132,-0.16237,-0.063101,-0.034003
9700,-185.79,9700.1,-185.74,-0.58866,-0.31721,-0.14425,-0.077734
9700,-185.79,9699.8,-185.92,-0.61583,-0.33185,-0.14016,-0.075528
9700,-185.79,9699.7,-185.95,-0.44265,-0.23853,-0.068871,-0.037112
9700,-185.79,9699.9,-185.86,-0.097524,-0.052552,0.063181,0.034046
9700,-185.79,9700,-185.8,0.10548,0.056841,0.12252,0.066022
9700,-185.79,9700.1,-185.74,0.24502,0.13204,0.15336,0.08264
9700,-185.79,9700.2,-185.7,0.29868,0.16095,0.15012,0.080894
9700,-185.79,9700.2,-185.69,0.26496,0.14278,0.11496,0.06195
9700,-185.79,9700.1,-185.72,0.16336,0.088028,0.057806,0.03115
9700,-185.79,9700,-185.76,0.034285,0.018475,-0.0036988,-0.0019932
9700,-185.79,9700,-185.8,-0.060881,-0.032806,-0.044149,-0.02379
9700,-185.79,9700,-185.79,-0.039818,-0.021456,-0.030397,-0.01638
9700,-185.79,9699.9,-185.82,-0.11634,-0.062693,-0.060209,-0.032444
9700,-185.79,9699.9,-185.83,-0.12203,-0.065756,-0.057537,-0.031005
9700,-185.79,9700,-185.79,-9.0949e-13,1.4211e-14,-4.5475e-13,1.0658e-14
9700,-185.79,9700,-185.79,-9.0949e-13,1.4211e-14,-4.5475e-13,1.0658e-14
9700,-185.79,9700,-185.79,-9.0949e-13,1.4211e-14,-4.5475e-13,1.0658e-14
9700,-185.79,9700,-185.79,-9.0949e-13,1.4211e-14,-4.5475e-13,1.0658e-14
9700,-185.79,9700,-185.79,-9.0949e-13,1.4211e-14,-4.5475e-13,1.0658e-14
9700,-185.79,9700,-185.79,-9.0949e-13,1.4211e-14,-4.5475e-13,1.0658e-14
9700,-185.79,9700,-185.79,-9.0949e-13,1.4211e-14,-4.5475e-13,1.0658e-14
9700,-185.79,9700,-185.79,-9.0949e-13,1.4211e-14,-4.5475e-13,1.0658e-14
9700,-185.79,9700,-185.79,-9.0949e-13,1.4211e-14,-4.5475e-13,1.0658e-14
9700,-185.79,9700,-185.79,-9.0949e-13,1.4211e-14,-4.5475e-13,1.0658e-14
9700,-185.79,9700,-185.79,-9.0949e-13,1.4211e-14,-4.5475e-13,1.0658e-14
9700,-185.79,9700,-185.79,-9.0949e-13,1.4211e-14,-4.5475e-13,1.0658e-14
9700,-185.79,9700,-185.79,-9.0949e-13,1.4211e-14,-4.5475e-13,1.0658e-14
9698.2,-186.73,9698.8,-186.42,-0.60654,-0.32684,-0.16686,-0.089914
9694.7,-188.63,9695.8,-188.06,-2.0154,-1.086,-0.53551,-0.28857
9693.4,-188.23,9693.3,-188.64,-2.7962,-1.1155,-0.68495,-0.26144
9691.1,-188.29,9690.7,-188.85,-3.3283,-0.88454,-0.7339,-0.15762
9687.5,-187.96,9687.3,-188.55,-3.9919,-0.38306,-0.7939,0.016401
9684,-187.62,9683.6,-187.97,-4.4802,0.18829,-0.77856,0.19412
9681.7,-187.69,9680.8,-187.57,-4.1951,0.54522,-0.53233,0.29083
9679.9,-186.4,9678.9,-186.46,-3.3134,1.1569,-0.13446,0.43788
9678.1,-187.35,9677.5,-186.52,-2.207,0.95624,0.28282,0.3311
9675.9,-187.42,9676,-186.76,-1.3757,0.59407,0.56111,0.17262
9674.1,-186.13,9674.5,-186.22,-0.80414,0.61238,0.70131,0.1203
9673.2,-186.61,9673.5,-186.4,-0.29884,0.17712,0.76039,-0.059749
9671.8,-186.2,9672.3,-186.39,-0.23411,-0.10515,0.6454,-0.1768
9671,-186.68,9671.2,-186.75,-0.30693,-0.47278,0.47887,-0.28443
9669.6,-186.27,9670.1,-186.57,-0.43854,-0.31069,0.33877,-0.18865
9668.2,-185.86,9668.7,-186.05,-0.64388,0.11368,0.20614,-0.0054663
9668.2,-185.86,9668,-185.88,-0.77712,0.14124,0.058631,0.0057719
9667.4,-186.34,9667.2,-186.09,-0.83034,0.0037393,-0.014633,-0.021408
9667.4,-186.34,9667.1,-186.27,-0.40573,-0.11681,0.098162,-0.051577
9666.9,-185.46,9667,-185.79,-0.11091,0.13153,0.16861,0.022853
9666.9,-185.46,9666.9,-185.51,0.037319,0.23903,0.16402,0.053056
9666.4,-184.58,9666.6,-184.86,-0.041652,0.44109,0.092592,0.087608
9666.4,-184.58,9666.5,-184.35,-0.026978,0.67362,0.061973,0.17032
9666.4,-184.58,9666.5,-184.23,0.074182,0.54435,0.073227,0.11211
9665.9,-183.7,9666.1,-183.79,-0.084374,0.4856,0.0023091,0.051584
9665.9,-183.7,9665.9,-183.52,-0.25751,0.44466,-0.079362,0.035803
9665.9,-183.7,9665.8,-183.53,-0.27465,0.20423,-0.091829,-0.049014
9665.9,-183.7,9665.8,-183.58,-0.24874,0.037219,-0.086232,-0.089872
9665.9,-183.7,9665.8,-183.75,-0.089592,-0.2213,-0.022466,-0.16888
9665.9,-183.7,9665.9,-183.89,0.048643,-0.36886,0.029646,-0.19919
9665.9,-183.7,9665.9,-183.89,0.017462,-0.32461,0.0069768,-0.15073
9665.9,-183.7,9666,-183.8,0.080086,-0.14862,0.029506,-0.054755
9665.9,-183.7,9666,-183.74,0.022271,-0.04133,0.0001448,-0.00026872
9665.9,-183.7,9666,-183.74,0.018475,-0.034285,-0.0019932,0.0036988
9665.9,-183.7,9665.9,-183.68,-0.032806,0.060881,-0.02379,0.044149
9665.9,-183.7,9665.9,-183.69,-0.021456,0.039818,-0.01638,0.030397
9665.9,-183.7,9665.9,-183.63,-0.062693,0.11634,-0.032444,0.060209
9665.9,-183.7,9665.9,-183.61,-0.065756,0.12203,-0.031005,0.057537
9665.9,-183.7,9665.9,-183.7,-9.0949e-13,-7.1054e-15,-4.5475e-13,1.0658e-14
9665.9,-183.7,9665.9,-183.7,-9.0949e-13,-7.1054e-15,-4.5475e-13,1.0658e-14
9665.1,-184.17,9665.3,-184.02,-0.30327,-0.16342,-0.083429,-0.044957
9665.1,-184.17,9665,-184.19,-0.40115,-0.21617,-0.1009,-0.054369
9665.1,-184.17,9664.9,-184.27,-0.36247,-0.19532,-0.07649,-0.041218
9665.1,-184.17,9664.9,-184.28,-0.24557,-0.13233,-0.030428,-0.016397
9664.2,-184.65,9664.3,-184.56,-0.4016,-0.21641,-0.062485,-0.033671
9662.4,-185.59,9662.9,-185.33,-0.96584,-0.52046,-0.2026,-0.10917
9658.4,-184.38,9659.5,-184.89,-2.4168,-0.12833,-0.56983,0.015902
9650.3,-184.18,9652.3,-184.42,-5.3952,0.21093,-1.3115,0.1145
9644.3,-179.44,9644.7,-180.94,-7.7862,2.0173,-1.7936,0.60397
9632.6,-176.66,9633.4,-177.14,-11.21,3.535,-2.471,0.95365
9621.8,-173.42,9621.2,-173.14,-13.937,4.6837,-2.8327,1.1432
9610.1,-170.64,9608.5,-169.6,-15.71,5.1116,-2.8259,1.0841
9597.9,-166.99,9595.7,-165.97,-16.376,5.2146,-2.4435,0.90958
9583.8,-162.05,9582.3,-161.58,-16.528,5.4176,-1.8976,0.75601
9568.9,-157.58,9568.1,-157.14,-16.296,5.3689,-1.261,0.53915
9551.3,-152.31,9551.8,-152.3,-16.837,5.2875,-0.93704,0.31914
9531.5,-147.1,9532.8,-147.26,-18.337,5.1856,-0.96138,0.1283
9509.8,-140.6,9511.2,-141.2,-20.68,5.5887,-1.2805,0.12893
9485.9,-134.18,9486.9,-134.54,-23.658,6.2834,-1.7851,0.26089
9460.2,-128.7,9460.5,-128.27,-26.803,6.6651,-2.2976,0.3257
9433.2,-122.81,9432.6,-122.26,-29.39,6.6539,-2.5526,0.24858
9404.8,-116.52,9403.8,-116.09,-31.127,6.6654,-2.467,0.19203
9376.4,-110.23,9374.7,-110.26,-32.125,6.1046,-2.1955,-0.099798
9347.2,-104.42,9345.8,-104.46,-31.742,5.7657,-1.4471,-0.23819
9318.3,-97.249,9317.1,-97.824,-30.876,5.9522,-0.68696,-0.19515
9289.9,-90.959,9289.1,-91.202,-29.518,6.2014,0.08708,-0.10316
9262.4,-84.195,9261.9,-84.405,-27.886,6.474,0.77922,-0.016537
9235.8,-76.956,9235.6,-77.245,-26.095,6.8335,1.3678,0.076455
9209.7,-70.598,9210,-70.39,-24.619,7.0111,1.708,0.12829
9184.4,-63.765,9185.1,-63.549,-23.296,7.0783,1.9061,0.12992
9159.6,-57.813,9160.6,-57.322,-22.382,6.7666,1.9003,0.019723
9136.6,-50.912,9137.3,-50.929,-21.488,6.4716,1.8266,-0.10356
9114,-44.891,9114.7,-44.873,-20.756,6.0827,1.6815,-0.22688
9091.6,-41.105,9092.4,-40.39,-20.419,5.0761,1.4191,-0.47614
9071.7,-35.896,9071.8,-35.864,-19.605,4.3493,1.3071,-0.61789
9051.9,-30.687,9052,-31.149,-18.809,3.9729,1.2086,-0.63595
9032,-25.478,9032.5,-26.147,-18.385,3.9927,1.016,-0.51817
9014.4,-20.201,9014.4,-20.827,-17.486,4.3508,0.99778,-0.29699
8995.9,-15.398,8996.4,-15.736,-17.038,4.5575,0.85938,-0.15598
8977,-11.95,8977.9,-11.547,-17.194,4.4022,0.57061,-0.11159
8958.6,-9.3821,8959.2,-8.5861,-17.634,3.6563,0.2337,-0.25472
8942.9,-7.626,8942.3,-6.8236,-17.274,2.4649,0.16474,-0.52197
8933.8,-3.4297,8930.9,-3.8883,-14.266,2.2465,0.8615,-0.48302
8913.8,-6.2806,8915,-4.9552,-14.289,0.085863,0.66872,-0.99252
8902.5,-4.3877,8902.2,-4.904,-12.937,-0.86771,0.88023,-1.0999
8890.9,-3.8495,8890.6,-4.897,-11.5,-1.4737,1.0751,-1.0975
8887.3,-3.512,8884.9,-4.6219,-7.5383,-1.4238,1.9459,-0.8568
8877.5,-6.4951,8878.2,-6.1656,-5.351,-1.8702,2.2174,-0.71512
8871.2,-5.3457,8872.2,-6.1684,-3.8806,-1.3068,2.1779,-0.34066
8869,-5.4142,8869.1,-5.9494,-1.7743,-0.60336,2.2875,0.017775
8866.2,-2.3672,8866.9,-3.5807,-0.28094,1.0883,2.1826,0.57774
8864.4,-1.081,8865.2,-1.3021,0.44759,2.3016,1.8232,0.90324
8860.8,-0.74346,8862.6,0.10263,0.11399,2.683,1.2428,0.92841
8858.6,-0.81189,8860,0.61364,-0.44888,2.3988,0.69398,0.74486
8857.2,-0.40595,8857.8,0.78636,-1.0421,1.815,0.20532,0.46516
8856.7,0.47438,8856.2,1.0177,-1.6824,1.1823,-0.27278,0.1679
8856.7,0.47438,8855.3,0.62054,-2.1467,0.13022,-0.64503,-0.25262
8856.7,0.47438,8856.1,0.5956,-0.69097,-0.094624,-0.13314,-0.27055
8856.7,0.47438,8856.4,0.065819,-0.21947,-0.84746,-0.052037,-0.52159
8856.7,0.47438,8856.8,-0.18577,0.19976,-1.0965,0.039878,-0.54836
8856.7,0.47438,8856.6,-0.11265,-0.18312,-0.8686,-0.189,-0.38188
8856.7,0.47438,8857,0.3905,0.35634,-0.085237,0.028455,0.00083102
8856.7,0.47438,8857.1,0.53874,0.2946,0.14213,-0.010689,0.10534
8856.7,0.47438,8856.7,0.68479,-0.29262,0.33973,-0.26212,0.18555
8856.7,0.47438,8856.4,0.47892,-0.65378,0.040985,-0.39118,0.042107
8856.7,0.47438,8856.2,0.44419,-0.8213,-0.0050434,-0.42705,0.018008
8856.7,0.47438,8856.4,0.50958,-0.5103,0.083982,-0.25511,0.053689
8856.7,0.47438,8856.6,0.58194,-0.25048,0.17261,-0.12099,0.086741
8856.7,0.47438,8856.7,0.55665,-0.065756,0.12203,-0.031005,0.057537
8856.7,0.47438,8856.7,0.47438,0,-2.7756e-17,-2.2737e-13,-2.0817e-17
8856.7,0.47438,8856.7,0.47438,0,-2.7756e-17,-2.2737e-13,-2.0817e-17
8856.7,0.47438,8856.7,0.47438,0,-2.7756e-17,-2.2737e-13,-2.0817e-17
8856.7,0.47438,8856.7,0.47438,0,-2.7756e-17,-2.2737e-13,-2.0817e-17
8856.7,0.47438,8856.7,0.47438,0,-2.7756e-17,-2.2737e-13,-2.0817e-17
8856.7,0.47438,8856.7,0.47438,0,-2.7756e-17,-2.2737e-13,-2.0817e-17
8856.7,0.47438,8856.7,0.47438,0,-2.7756e-17,-2.2737e-13,-2.0817e-17
8856.7,0.47438,8856.7,0.47438,0,-2.7756e-17,-2.2737e-13,-2.0817e-17
8856.7,0.47438,8856.7,0.47438,0,-2.7756e-17,-2.2737e-13,-2.0817e-17
8856.7,0.47438,8856.7,0.47438,0,-2.7756e-17,-2.2737e-13,-2.0817e-17
8856.7,0.47438,8856.7,0.47438,0,-2.7756e-17,-2.2737e-13,-2.0817e-17
8856.7,0.47438,8856.7,0.47438,0,-2.7756e-17,-2.2737e-13,-2.0817e-17
8856.7,0.47438,8856.7,0.47438,0,-2.7756e-17,-2.2737e-13,-2.0817e-17
8856.7,0.47438,8856.7,0.47438,0,-2.7756e-17,-2.2737e-13,-2.0817e-17
8856.7,0.47438,8856.7,0.47438,0,-2.7756e-17,-2.2737e-13,-2.0817e-17
8856.7,0.47438,8856.7,0.47438,0,-2.7756e-17,-2.2737e-13,-2.0817e-17
8856.7,0.47438,8856.7,0.47438,0,-2.7756e-17,-2.2737e-13,-2.0817e-17
8855.8,-3.1468e-12,8856.1,0.15518,-0.30327,-0.16342,-0.083429,-0.044957
8855.8,-3.1468e-12,8855.8,-0.022169,-0.40115,-0.21617,-0.1009,-0.054369
