0,0,NaN,NaN,NaN,NaN,NaN,NaN
64.884,-0.29209,NaN,NaN,NaN,NaN,NaN,NaN
137.42,-2.1444,NaN,NaN,NaN,NaN,NaN,NaN
214.9,-4.7434,NaN,NaN,NaN,NaN,NaN,NaN
297.8,-8.9696,NaN,NaN,NaN,NaN,NaN,NaN
386.52,-13.469,NaN,NaN,NaN,NaN,NaN,NaN
482.83,-17.293,NaN,NaN,NaN,NaN,NaN,NaN
588.55,-21.73,NaN,NaN,NaN,NaN,NaN,NaN
704.91,-22.716,NaN,NaN,NaN,NaN,NaN,NaN
830.14,-21.199,NaN,NaN,NaN,NaN,NaN,NaN
959.5,-23.138,NaN,NaN,NaN,NaN,NaN,NaN
1096,-23.521,NaN,NaN,NaN,NaN,NaN,NaN
1240.6,-26.345,NaN,NaN,NaN,NaN,NaN,NaN
1392.9,-32.964,NaN,NaN,NaN,NaN,NaN,NaN
1562.1,-37.286,1560.6,-35.22,168.69,-3.3275,9.1326,-0.37552
1743.1,-44.389,1739.7,-43.305,180.62,-6.7077,9.9964,-1.4225
1937,-50.209,1933,-51.143,194.43,-9.0602,11.23,-2.0158
2141.2,-56.168,2138.9,-58.349,209.09,-10.154,12.573,-2.1046
2354,-63.214,2354.9,-65.31,222.85,-10.198,13.511,-1.7616
2571.7,-73.241,2576.8,-73.875,233.45,-10.409,13.41,-1.4058
2789,-82.388,2798.5,-82.647,237.94,-10.161,11.485,-0.91469
3010.2,-90.52,3019.9,-90.755,237.36,-9.2435,8.1795,-0.28453
3235.1,-98.991,3241.5,-99.145,233.5,-8.8047,4.2096,0.025148
3452.8,-109.02,3458,-108.77,225.37,-9.2585,-0.40164,-0.039378
3671.1,-119.93,3672.6,-119.33,217.02,-9.931,-4.1953,-0.14556
3887.6,-134.02,3885.8,-132.78,209.88,-12.07,-6.7691,-0.70784
4101.5,-149.53,4097.8,-148.29,204.75,-14.513,-7.9727,-1.2429
4322.4,-161.25,4315.1,-161.97,205.03,-15.051,-7.0571,-1.1261
4547.6,-168.37,4538.5,-171.55,209.49,-13.252,-4.8525,-0.4128
4774.1,-171.42,4766.6,-175.61,216.56,-8.6311,-1.9736,1.0497
4995.7,-173.73,4993.3,-176.6,221.81,-3.5224,0.096999,2.4289
5212.7,-176.17,5215.2,-176.46,223.39,0.80097,0.82154,3.3867
5425.8,-179.63,5431.1,-177.05,220.94,3.3832,0.18247,3.7025
5636.7,-185.38,5641.8,-180.3,215.94,3.4416,-1.2208,3.22
5842.7,-190.4,5846.9,-185.57,208.96,1.3922,-3.0589,2.0381
6046.4,-195.47,6047.5,-192.39,200.98,-2.0244,-5.0676,0.46772
6243.5,-202.99,6242.4,-201.49,192.32,-6.4906,-6.984,-1.2545
6434.8,-210.23,6432.7,-211.08,185.05,-10.281,-7.9527,-2.5145
6623.7,-215.3,6620.2,-218.61,179.87,-11.682,-7.9707,-2.7958
6805.9,-218.34,6803.5,-222.56,176.06,-9.8484,-7.2956,-1.8778
6985.6,-212.51,6983.9,-218.28,173.88,-3.2344,-6.0494,0.44503
7156.7,-203.35,7156.9,-207.82,169.56,5.3035,-5.6434,3.0257
7316.5,-192.3,7319,-193.8,161.61,13.295,-6.414,5.0231
7463.8,-181.17,7467.9,-179.16,149.85,18.758,-8.1995,5.8846
7598.3,-173.56,7602.8,-167.8,135.47,20.02,-10.408,5.2951
7722.9,-166.69,7725.5,-159.87,120.33,17.773,-12.452,3.6234
7841.2,-158.67,7839.8,-153.59,106.97,13.894,-13.626,1.5759
7952.8,-150.85,7947.9,-148.31,96.394,9.4935,-13.738,-0.40343
8056.4,-142.83,8050,-143.27,88.715,5.3905,-12.817,-2.0535
8148.4,-136.49,8143.6,-138.64,81.849,2.1439,-11.609,-3.1155
8231.3,-128.19,8228.9,-131.85,75.93,1.6126,-10.086,-3.0207
8304,-119.74,8304.3,-123.19,69.528,3.1788,-8.8166,-2.1101
8368.2,-110.22,8369.8,-112.61,61.946,6.2378,-8.1433,-0.73231
8424.7,-99.127,8426.3,-100.22,53.692,9.9675,-7.8799,0.70515
8472.2,-88.306,8473,-88.133,43.975,12.204,-8.3058,1.3724
8510.8,-77.753,8510.6,-76.691,33.892,13.108,-8.8752,1.4614
8540.8,-63.878,8539.9,-63.718,24.335,14.048,-9.2016,1.439
8566.8,-51.018,8564.3,-50.584,17.383,14.506,-8.6547,1.25
8588.9,-41.408,8585.7,-39.449,13.48,13.76,-7.2027,0.79614
8606.5,-31.932,8603.9,-29.894,11.392,12.102,-5.4112,0.12684
8619.7,-24.825,8618.2,-22.936,9.6834,9.1827,-3.8569,-0.84627
8630.3,-19.139,8629.4,-18.062,8.2521,5.8262,-2.5811,-1.8011
8638.2,-14.875,8638,-14.83,7.0496,2.6162,-1.5477,-2.54
8642.6,-10.271,8643.6,-11.57,5.7734,0.72,-0.75937,-2.7118
8643.4,-7.5617,8645.4,-9.2225,3.6409,-0.70541,-0.46008,-2.6705
8644.7,-5.7335,8646,-7.3895,1.976,-1.3711,-0.20603,-2.3314
8647.7,-2.9576,8647.4,-4.9061,1.4942,-0.93165,0.18812,-1.6745
8649.9,-0.65554,8649.1,-2.1495,1.566,0.073838,0.56398,-0.91485
8653.4,1.2397,8652.3,0.66306,2.8192,1.3539,1.1734,-0.1507
8655.2,2.1873,8655.5,2.6718,4.1697,2.0971,1.7262,0.32558
8656.9,3.135,8658.5,3.7541,5.3689,1.913,2.1404,0.34669
8658.7,4.0826,8660.8,4.5631,5.7047,1.5865,2.1356,0.2792
8660.5,5.0302,8662.6,5.4013,5.2903,1.4258,1.8048,0.26187
8662.2,5.9778,8664,6.0995,4.4332,1.1229,1.3104,0.15915
8664,6.9255,8665.1,6.9432,3.3725,1.0402,0.7677,0.13924
8665.7,7.8731,8666.1,7.8743,2.2241,1.0643,0.22687,0.15187
8669.3,7.5333,8668.5,8.0019,2.0358,0.7061,0.038225,0.058145
8673.9,5.4322,8672.7,6.4076,3.0853,-0.50232,0.30348,-0.27944
8679.6,7.3945,8678.8,6.8324,5.1562,-0.26306,0.90009,-0.15017
8687.7,7.1886,8686.9,6.9946,7.717,-0.12652,1.5321,-0.057572
8694.9,4.2739,8695.3,5.0309,9.434,-1.1721,1.7884,-0.33149
8697.6,3.4603,8700.4,3.4118,8.7625,-1.759,1.3176,-0.44498
8699.9,1.2923,8702.9,1.2621,6.4017,-2.3656,0.35919,-0.53419
8704.9,0.54563,8706,-0.058767,4.6478,-2.2247,-0.31623,-0.37912
8708.9,-0.67481,8708.9,-1.1883,3.0682,-1.8898,-0.86239,-0.18111
8711.7,-1.4884,8711.1,-1.9313,1.5052,-1.344,-1.3059,0.051144
8713.4,-0.54081,8712.6,-1.3131,0.13922,-0.19108,-1.5807,0.41309
8714.3,-0.066999,8713.4,-0.34088,-0.85673,0.84982,-1.6376,0.68332
8714.8,-0.94762,8714,-0.25746,-1.2777,1.0909,-1.4411,0.67533
8714.8,-0.94762,8714.3,-0.22058,-1.2524,1.1176,-1.0802,0.58583
8714.8,-0.94762,8714.4,-0.17535,-1.063,1.093,-0.71944,0.49702
8715.6,-0.47381,8715.1,0.071394,-0.47824,1.0576,-0.31495,0.40028
8715.6,-0.47381,8715.3,-0.34099,-0.2573,0.23351,-0.11897,-0.0044098
8715.6,-0.47381,8715.2,-0.58939,-0.41311,-0.22328,-0.1245,-0.20317
8715.6,-0.47381,8715.3,-0.59034,-0.28679,-0.25723,-0.028499,-0.19605
8716.5,-2.6852e-12,8716.4,-0.38712,0.75556,-0.24935,0.39425,-0.1956
8716.5,-2.6852e-12,8717.1,-0.12505,1.3219,-0.051849,0.59954,-0.097722
8716.5,-2.6852e-12,8717.2,-0.015188,1.0732,-0.00066297,0.45073,-0.062584
8716.5,-2.6852e-12,8717,0.1101,0.65695,0.11753,0.24954,0.0030939
8716.5,-2.6852e-12,8716.8,0.1167,0.27707,0.097714,0.08252,0.005189
8716.5,-2.6852e-12,8716.6,-0.064225,-0.0078551,-0.1543,-0.031745,-0.094745
8716.5,-2.6852e-12,8716.5,-0.14006,-0.14359,-0.23466,-0.076066,-0.11515
8716.5,-2.6852e-12,8716.4,-0.05342,-0.16405,-0.088268,-0.071203,-0.03831
8716.5,-2.6852e-12,8716.5,-0.0336,-0.086863,-0.046736,-0.028004,-0.015067
8716.5,-2.6852e-12,8716.5,-0.016878,-0.02861,-0.015393,0.0010278,0.000553
8716.5,-2.6852e-12,8716.5,-0.032671,-0.061168,-0.032911,-0.013393,-0.007206
