0,0,NaN,NaN,NaN,NaN,NaN,NaN
48.935,-8.4503,NaN,NaN,NaN,NaN,NaN,NaN
104.45,-18.22,NaN,NaN,NaN,NaN,NaN,NaN
165.57,-29.573,NaN,NaN,NaN,NaN,NaN,NaN
231.08,-41.805,NaN,NaN,NaN,NaN,NaN,NaN
302.64,-53.426,NaN,NaN,NaN,NaN,NaN,NaN
383.93,-66.545,NaN,NaN,NaN,NaN,NaN,NaN
469.09,-78.614,NaN,NaN,NaN,NaN,NaN,NaN
562.75,-91.478,NaN,NaN,NaN,NaN,NaN,NaN
662.46,-103.73,NaN,NaN,NaN,NaN,NaN,NaN
766.04,-114.93,NaN,NaN,NaN,NaN,NaN,NaN
876.1,-123.34,NaN,NaN,NaN,NaN,NaN,NaN
989.06,-130.95,NaN,NaN,NaN,NaN,NaN,NaN
1108.1,-137.95,NaN,NaN,NaN,NaN,NaN,NaN
1232.9,-143.38,1233.4,-142.8,127.13,-3.3608,4.8282,2.2989
1364.7,-147.94,1363.7,-146.99,131.91,-1.9874,4.5789,2.2816
1504.2,-150.39,1501.8,-149.64,138.14,-0.61085,4.7964,2.2228
1648.9,-152.5,1646.8,-151.5,145.19,0.39408,5.3046,2.0412
1798.8,-155.22,1798,-153.74,152.64,0.4563,5.9554,1.5869
1949.8,-157.69,1951.7,-156.37,158.15,-0.24147,5.9995,0.93978
2104.4,-162.25,2107.3,-160.61,161.52,-1.8841,5.3603,0.13667
2260.8,-169.46,2264.3,-167.62,163.18,-4.84,4.3229,-0.91934
2422.6,-181.4,2424.2,-179,164.14,-9.2799,3.1289,-2.1798
2590.5,-196.85,2589.5,-194.84,166.18,-14.769,2.3919,-3.5075
2763.4,-215.11,2760.6,-214.42,169.86,-20.471,2.2979,-4.6552
2938.5,-237.94,2936,-238.32,174.02,-26.425,2.4546,-5.652
3113.9,-261.73,3113.5,-264.02,177.85,-30.814,2.6712,-5.9451
3289.3,-285.52,3291,-289.5,180.14,-32.703,2.5168,-5.3487
3463,-306.68,3466.6,-312.15,180.05,-31.308,1.751,-3.7899
3641.9,-324.33,3643.7,-330.22,179.75,-26.6,0.97147,-1.4178
3823.7,-341.2,3823.2,-345.23,179.75,-20.583,0.31056,1.0173
4006.2,-356.83,4004.5,-358.14,180.02,-14.503,-0.17,3.1012
4189.5,-375.37,4187.2,-372.69,180.65,-10.908,-0.4235,4.0846
4369.1,-391.79,4368.7,-387.92,180.64,-9.3635,-0.63547,4.129
4550.4,-406.73,4550.3,-403.15,180.87,-9.2125,-0.62797,3.5594
4735.2,-415.53,4734.5,-414.69,182.59,-8.2245,-0.092313,3.1152
4921.6,-422.83,4920.7,-423.22,184.76,-6.6439,0.48699,2.8237
5106.3,-427.51,5106.3,-428.58,185.67,-4.4266,0.56616,2.7223
5288.8,-431.75,5289.7,-432.12,184.75,-2.2054,0.057369,2.6739
5465.8,-438.52,5468.3,-436.52,181.28,-1.1262,-1.0982,2.4185
5641.6,-444.6,5643.7,-441.64,177.04,-1.0802,-2.2572,1.9322
5819.5,-451.11,5819.3,-447.94,174.35,-2.2013,-2.7405,1.1631
5996.8,-458.85,5995.4,-456.25,173.14,-4.8493,-2.6305,-0.017491
6169.2,-467.91,6168.4,-466.67,170.8,-8.6156,-2.8709,-1.4276
6335.4,-480.73,6335.9,-480.24,166.61,-13.239,-3.5711,-2.8471
6492.9,-495.91,6495.2,-496.42,159.91,-17.753,-4.7999,-3.9278
6646.3,-511.18,6648.2,-512.89,152.49,-20.312,-5.9698,-4.0834
6796.8,-527.24,6797.3,-529.53,146.25,-21.409,-6.4833,-3.6607
6945.8,-541.63,6944,-544.64,141.45,-20.53,-6.4934,-2.634
7090.5,-559.26,7087.5,-561.12,137.24,-20.083,-6.3473,-1.8751
7229.1,-577.5,7226.4,-578.46,132.98,-19.645,-6.1903,-1.203
7360.5,-595.65,7359.3,-596.27,128.29,-19.275,-6.0513,-0.681
7482.4,-613.27,7483.7,-613.75,122.18,-18.52,-6.1926,-0.13756
7598.4,-628.34,7600.8,-629.15,115.68,-16.557,-6.2918,0.67102
7708.9,-641.82,7710.8,-642.72,108.45,-14.216,-6.623,1.3899
7814.9,-654.43,7814.8,-654.92,100.82,-11.949,-7.1736,1.9099
7917.2,-664.93,7914.7,-665.25,94.149,-9.583,-7.4555,2.3152
8015.9,-673.33,8011.8,-673.45,89.502,-7.0288,-7.0613,2.6672
8109.9,-679.88,8106.1,-679.4,86.77,-4.1697,-6.0242,3.0602
8199.1,-687.74,8197.2,-685.61,85.398,-2.5865,-4.5596,3.0102
8284.3,-692.53,8284.3,-690.69,84.06,-1.5728,-3.262,2.7073
8363.8,-698.89,8365.8,-696.65,81.22,-2.0307,-2.6617,1.953
8436.9,-704.9,8440,-703.31,75.959,-3.5435,-3.0155,0.92163
8503.8,-710.55,8506.8,-709.75,68.727,-4.8267,-4.0334,0.14908
8566.7,-717.26,8568,-716.78,61.191,-6.2611,-5.0924,-0.50994
8623.7,-724.58,8623.8,-724.43,53.855,-7.6592,-5.939,-1.0044
8680.3,-730.93,8678,-731.6,49.211,-8.3672,-5.8174,-1.176
8732.3,-735.43,8729.7,-737.19,46.044,-7.9879,-5.2149,-0.98419
8780.9,-738.79,8778.7,-740.89,44.021,-6.4727,-4.2949,-0.43623
8828,-740.49,8826.2,-742.38,43.133,-3.926,-3.1575,0.38603
8870.5,-740.34,8870.2,-741.73,41.897,-0.86373,-2.2941,1.2453
8911.7,-739.49,8912,-739.83,40.673,1.918,-1.6156,1.8809
8949.7,-738.46,8950.8,-737.61,38.939,3.8526,-1.2562,2.1472
8983.6,-733.4,8985.4,-732.85,35.986,6.2559,-1.3928,2.4717
9017.4,-735.61,9018.1,-732.35,33.039,5.1636,-1.6346,1.6746
9045.9,-729.93,9046.9,-729.07,29.352,5.2245,-2.0953,1.2569
9074.1,-723.28,9074.1,-723.75,26.43,5.8109,-2.2848,0.99849
9101.4,-716.89,9100.6,-717.52,24.655,6.3874,-2.1016,0.77653
9125.3,-713.49,9125,-712.75,22.978,5.9798,-1.9025,0.37588
9150,-708.85,9149.2,-708.11,22.463,5.5496,-1.3766,0.076901
9172.2,-702.82,9171.8,-702.7,21.603,5.5075,-1.0844,-0.051109
9193.4,-697.04,9193.4,-697.1,21.036,5.4647,-0.7424,-0.15043
9212.7,-691.79,9213.4,-691.76,20.136,5.2578,-0.56988,-0.26232
9230.1,-687.07,9231.1,-686.98,18.542,4.7201,-0.6797,-0.44916
9246.5,-682.6,9247.4,-682.71,16.932,3.9967,-0.79727,-0.66146
9259.9,-674.8,9260.9,-676.28,14.43,4.6265,-1.2137,-0.44309
9273.6,-667.97,9273.7,-669.16,12.428,5.6128,-1.4464,-0.11298
9284.8,-659.74,9284.8,-660.89,10.568,6.9652,-1.5829,0.27733
9293.3,-649.13,9293.5,-649.81,8.193,9.9823,-1.863,1.2244
9300.4,-636.85,9300.6,-637.51,6.2675,12.24,-1.9044,1.6589
9304.5,-625.37,9304.9,-625.03,3.806,13.689,-2.1051,1.764
9305.6,-617.82,9306.2,-615.35,0.85701,13.064,-2.407,1.2683
9306.3,-609.32,9306.2,-606.71,-1.3657,11.858,-2.4302,0.68956
9305.9,-600.11,9305,-598.59,-3.2341,10.205,-2.3795,-0.0099106
9308.4,-590.11,9305.8,-590.16,-2.9482,8.7428,-1.7055,-0.61062
9310.6,-579.15,9308,-580.54,-1.4615,8.2155,-0.77198,-0.84193
9309.4,-567.05,9308.7,-569.16,-0.46208,8.9337,-0.072866,-0.62006
9308.8,-553.71,9309.2,-555.78,0.44686,10.845,0.49157,-0.0024804
9307.4,-540.64,9308.6,-541.54,0.7127,12.989,0.74422,0.66407
9305.3,-525.65,9307,-526.03,0.42452,15.176,0.75122,1.231
9302.9,-512.84,9304.3,-511.36,-0.71929,16.411,0.39418,1.4807
9299,-498.37,9300.1,-496.72,-2.4663,16.906,-0.13902,1.4082
9295.5,-485.82,9295.7,-483.88,-3.9652,15.713,-0.5602,0.75543
9291.9,-472.31,9291.2,-471.51,-5.0603,14.005,-0.81499,-0.0399
9288.5,-459.77,9287.4,-459.65,-5.1964,12.336,-0.70086,-0.69115
9285.6,-449.15,9284.6,-448.84,-4.3178,10.833,-0.23852,-1.0925
9282.7,-438.54,9282.2,-438.69,-3.1781,9.4689,0.25284,-1.368
9280.1,-428.89,9280.2,-429.28,-2.0507,8.3021,0.66601,-1.5032
9278,-421.17,9278.1,-421.31,-1.5035,6.9783,0.75893,-1.6157
9276.1,-414.42,9276.3,-414.57,-1.0662,5.6489,0.77892,-1.6809
9275.6,-412.49,9275.7,-411.53,-0.10288,3.0491,0.96313,-2.0671
9273.5,-404.77,9274.3,-406.38,-0.061366,2.4608,0.81398,-1.8414
9272.3,-404.06,9272.9,-404.24,-0.19064,0.94792,0.61349,-1.8576
9272,-403.1,9272.2,-403.49,-0.16472,-0.60236,0.46246,-1.8875
9272,-403.1,9271.9,-403.55,0.013333,-1.6175,0.37431,-1.7068
9270.5,-401.43,9271,-402.86,-0.19072,-1.6739,0.22016,-1.3019
9270.3,-400.47,9270.4,-401.73,-0.32277,-0.97495,0.097306,-0.70363
9269.3,-400.73,9269.5,-401.28,-0.58126,-0.56315,-0.031411,-0.2946
9269.3,-400.73,9269.1,-400.88,-0.57747,-0.035238,-0.067006,0.083094
9268.3,-400.99,9268.3,-400.67,-0.78108,0.4467,-0.1481,0.38253
9268.1,-400.03,9267.9,-399.96,-0.74249,0.99094,-0.1349,0.59119
9267.1,-400.29,9267.1,-399.79,-0.83531,1.0565,-0.14859,0.5944
9265.9,-399.59,9266,-399.26,-1.0938,1.2372,-0.20484,0.60307
9264.6,-398.89,9264.7,-398.59,-1.3812,1.3822,-0.26113,0.57706
9262.5,-398.45,9262.6,-397.88,-1.9989,1.5672,-0.40779,0.5831
9259,-397.3,9259.6,-397.4,-2.7917,1.0527,-0.54145,0.25764
9255.6,-396.16,9255.9,-396.09,-3.7257,1.4676,-0.71177,0.3549
9251,-394.32,9251.1,-394.3,-4.9538,1.9577,-0.95197,0.44573
9242.9,-391.33,9243.7,-391.52,-7.0748,2.786,-1.3881,0.61248
9235.6,-391.24,9235.7,-390.43,-8.6678,2.3099,-1.5756,0.34886
9231.4,-387.2,9229.6,-387.55,-8.6619,2.7815,-1.2929,0.3825
9219.7,-382.11,9220,-382.88,-10.065,4.0686,-1.3854,0.65998
9207.6,-376.05,9208.2,-376.76,-11.979,5.6949,-1.6053,0.99112
9195.8,-366.83,9195.8,-367.92,-13.388,8.1966,-1.6291,1.5148
9186,-361.21,9184.5,-360.34,-13.515,9.1673,-1.2978,1.5187
9174.7,-353.92,9173.4,-352.62,-13.151,9.7356,-0.84762,1.404
9161.9,-344.97,9161.4,-344.11,-13.018,10.147,-0.51841,1.2098
9147.6,-334.35,9147.9,-334.16,-13.479,10.86,-0.41522,1.1022
9132.1,-323.02,9132.9,-323.08,-14.435,11.689,-0.47516,1.0331
9116,-309.77,9116.8,-310.32,-15.592,12.855,-0.60437,1.0508
9099,-296.78,9099.5,-296.94,-17.009,13.819,-0.82635,1.0205
9081.5,-281.86,9081.6,-282.18,-18.203,15.002,-0.95288,1.0585
9061.5,-265.53,9062,-265.85,-19.606,16.519,-1.086,1.207
9041.5,-249.21,9041.3,-248.63,-21.211,18.138,-1.3195,1.4384
9021.5,-232.88,9020.4,-231.79,-22.513,18.626,-1.4772,1.2482
9000.3,-215.85,8999.6,-214.88,-22.48,18.603,-1.0648,0.90594
8978.4,-200.05,8978.2,-198.97,-22.382,17.637,-0.67239,0.31424
8957.5,-183.99,8957.1,-183.59,-21.997,16.243,-0.28683,-0.34674
8934.8,-169.42,8934.9,-168.88,-22.301,15.065,-0.21777,-0.73996
8913.4,-155.55,8913.1,-155.23,-22.142,13.612,-0.039661,-1.1343
8893.3,-142.38,8892.6,-142.47,-21.266,12.114,0.30827,-1.4616
8873.4,-130.17,8872.9,-130.61,-20.055,10.692,0.69851,-1.6868
8854.7,-118.67,8854.4,-119.37,-18.548,9.6127,1.0975,-1.7304
8837,-106.91,8836.9,-108.08,-17.02,9.1423,1.4067,-1.5604
8819.5,-96.11,8820,-97.016,-15.801,9.1321,1.5508,-1.2192
8804.3,-85.751,8804.5,-86.413,-14.393,9.1371,1.6863,-0.9178
8789.3,-76.357,8789.9,-76.61,-13.08,8.9443,1.7713,-0.71521
8776.5,-67.403,8776.8,-67.392,-11.767,8.7265,1.7865,-0.54198
8765.9,-58.889,8765.7,-58.755,-10.173,8.4086,1.8343,-0.43443
8759.7,-51.255,8758.5,-51.02,-7.3029,7.7588,2.2236,-0.46605
8747.7,-45.196,8749.2,-44.643,-6.572,6.7097,1.9689,-0.60775
8742.9,-39.229,8743.1,-39.05,-4.9469,5.5648,1.9549,-0.78488
8735.7,-39.136,8736.8,-37.51,-4.0457,2.8336,1.7673,-1.3598
8734.4,-38.434,8734.1,-37.633,-2.1406,0.10121,1.8407,-1.8603
8732.9,-36.767,8732.8,-37.552,-0.43445,-1.541,1.8303,-1.9749
8730.9,-33.169,8731.6,-35.526,0.49615,-1.3187,1.6098,-1.5169
8728.5,-31.765,8729.8,-33.545,0.38172,-0.67752,1.1182,-0.96004
8727.2,-31.062,8728.2,-32.01,0.026617,-0.053798,0.63066,-0.46839
8727,-30.097,8727.3,-30.436,-0.11183,0.77653,0.29784,0.030452
8727,-30.097,8726.9,-29.555,-0.24199,1.2303,0.025435,0.34331
8727,-30.097,8726.8,-29.149,-0.22748,1.3847,-0.11868,0.49683
8727,-30.097,8726.7,-29.174,-0.38821,1.1607,-0.28335,0.45856
8727,-30.097,8726.6,-29.528,-0.69612,0.62279,-0.46222,0.26648
8727,-30.097,8726.3,-30.027,-1.0272,-0.020886,-0.61071,0.02098
8727,-30.097,8726.8,-30.453,-0.33038,-0.50936,-0.28205,-0.16012
8727,-30.097,8726.9,-30.669,-0.3346,-0.69472,-0.26968,-0.21496
8727,-30.097,8727.1,-30.193,-0.01707,0.039957,-0.10927,0.12102
8727,-30.097,8726.8,-29.815,-0.45369,0.55617,-0.28444,0.33089
8727,-30.097,8726.6,-29.709,-0.64103,0.64904,-0.33799,0.34077
8727,-30.097,8726.6,-29.9,-0.51438,0.33121,-0.25346,0.17318
8727,-30.097,8726.8,-29.955,-0.20484,0.22489,-0.098179,0.1119
8727,-30.097,8726.9,-30.007,-0.036389,0.13375,-0.017158,0.063067
8727,-30.097,8727,-30.097,-4.5475e-13,0,-4.5475e-13,1.7764e-15
8727,-30.097,8727,-30.097,-4.5475e-13,0,-4.5475e-13,1.7764e-15
8727,-30.097,8727,-30.097,-4.5475e-13,0,-4.5475e-13,1.7764e-15
8727,-30.097,8727,-30.097,-4.5475e-13,0,-4.5475e-13,1.7764e-15
8727,-30.097,8727,-30.097,-4.5475e-13,0,-4.5475e-13,1.7764e-15
8727,-30.097,8727,-30.097,-4.5475e-13,0,-4.5475e-13,1.7764e-15
8727,-30.097,8727,-30.097,-4.5475e-13,0,-4.5475e-13,1.7764e-15
8726.7,-29.132,8726.8,-29.448,-0.090436,0.33242,-0.024879,0.091447
8726.4,-28.167,8726.5,-28.438,-0.21006,0.77212,-0.054966,0.20204
8725,-26.5,8725.4,-26.803,-0.741,1.4114,-0.1941,0.35245
8723.2,-23.868,8723.6,-24.242,-1.464,2.3331,-0.36874,0.55776
8720.9,-19.306,8721.2,-19.977,-2.2992,3.8346,-0.54899,0.88932
8718.5,-17.901,8718.4,-17.052,-3.0376,4.1737,-0.67178,0.84798
8716.7,-15.269,8716.1,-14.307,-3.2588,4.1378,-0.62312,0.68416
8713.7,-11.934,8713.3,-11.31,-3.4913,4.0284,-0.56511,0.4975
8710.8,-8.5992,8710.4,-8.2294,-3.59,3.802,-0.46215,0.28682
8707.8,-5.2645,8707.5,-5.1278,-3.5211,3.4992,-0.31505,0.076965
8706.3,-3.5972,8705.6,-3.1183,-2.8127,2.6309,-0.0067572,-0.25389
8705.5,-0.70241,8704.8,-0.8359,-1.6521,2.099,0.38327,-0.43162
8704.3,-2.1139e-12,8704.1,0.27134,-0.67217,1.1759,0.65834,-0.66178
