0,0,NaN,NaN,NaN,NaN,NaN,NaN
71.686,-10.491,NaN,NaN,NaN,NaN,NaN,NaN
155.58,-17.369,NaN,NaN,NaN,NaN,NaN,NaN
256.47,-24.378,NaN,NaN,NaN,NaN,NaN,NaN
372.2,-29.206,NaN,NaN,NaN,NaN,NaN,NaN
505.48,-31.051,NaN,NaN,NaN,NaN,NaN,NaN
654.89,-32.549,NaN,NaN,NaN,NaN,NaN,NaN
814.34,-28.124,NaN,NaN,NaN,NaN,NaN,NaN
985.92,-22.321,NaN,NaN,NaN,NaN,NaN,NaN
1167.8,-16.421,NaN,NaN,NaN,NaN,NaN,NaN
1358.6,-10.824,NaN,NaN,NaN,NaN,NaN,NaN
1564.6,-6.6378,NaN,NaN,NaN,NaN,NaN,NaN
1784.9,-3.3846,NaN,NaN,NaN,NaN,NaN,NaN
2015.9,0.8449,NaN,NaN,NaN,NaN,NaN,NaN
2255.3,1.6571,2253.4,2.6345,243.07,1.3752,9.4063,-1.7646
2502.4,3.9989,2502.2,3.1218,253,-1.0434,9.171,-2.4307
2756.7,6.9915,2758.4,4.4816,261.88,-2.2161,8.8565,-2.5891
3019.4,8.8016,3021.6,6.3306,269.42,-2.1469,8.2433,-2.2107
3289.8,12.141,3291.7,9.6474,275.87,-0.72375,7.4174,-1.3944
3561.6,18.117,3564.2,15.625,279.05,2.2252,5.727,-0.19443
3837.1,26.653,3839,24.738,279.96,6.4423,3.6247,1.2378
4114.9,37.348,4115.9,36.12,279.99,10.458,1.7166,2.2991
4393.6,49.8,4393.9,49.573,279.27,14.196,0.043065,3.0629
4670.6,63.207,4671.2,64.198,277.73,17.092,-1.3706,3.4083
4943.5,73.176,4945.2,76.489,274.56,17.396,-2.7843,2.9032
5210.9,81.538,5213.2,85.854,268.48,15.382,-4.7206,1.7442
5472,88.772,5473.7,92.508,259.93,11.722,-6.987,0.20507
5730.4,92.969,5729.6,95.656,251.49,6.5781,-8.7298,-1.5888
5980.2,98.349,5978.7,98.443,242.9,2.5603,-10.018,-2.7486
6222.5,104.43,6220.6,101.96,234.39,0.077121,-10.83,-3.267
6459.4,108.91,6456.4,105.71,226.84,-1.0028,-11.023,-3.1746
6685.9,113.29,6683.6,110.31,218.7,-0.36206,-11.179,-2.4151
6905.7,113.43,6903.2,112.7,210.78,-0.18451,-11.101,-1.763
7113.2,112.2,7112.5,112.85,202.14,-0.67312,-11.021,-1.352
7308.6,107.34,7309.5,109.3,191.58,-2.6789,-11.409,-1.4508
7494,98.806,7494.7,101.22,179.83,-6.4534,-12.049,-2.1084
7664.2,89.443,7665.5,90.364,165.85,-10.722,-13.202,-2.9078
7824,77.747,7823.9,77.132,151.6,-14.886,-14.217,-3.6002
7971.3,66.03,7970,63.76,137.67,-17.268,-14.88,-3.6079
8108.2,54.215,8105.6,51.03,125.19,-17.784,-14.899,-2.9983
8233.6,44.136,8230.5,40.504,113.97,-16.006,-14.417,-1.7294
8346.5,34.036,8343.8,31.629,102.98,-12.798,-13.863,-0.13426
8448.2,24.315,8446.3,23.453,92.879,-9.6434,-12.999,1.1809
8539.1,13.618,8537.9,14.59,83.216,-7.6204,-12.084,1.9014
8619.8,5.0578,8618.9,6.3937,73.585,-6.0006,-11.333,2.2919
8692.9,-5.0317,8691.4,-2.9598,65.108,-5.9111,-10.387,2.0516
8757.8,-15.295,8755.9,-13.131,57.287,-6.6601,-9.4956,1.531
8814.4,-24.375,8812.7,-23.253,50.351,-7.728,-8.501,0.89107
8861.5,-34.031,8861,-33.459,43.384,-8.7672,-7.695,0.34238
8900.2,-40.269,8900.5,-41.238,36.038,-8.3183,-7.1925,0.31338
8930.8,-46.68,8932,-47.777,28.847,-7.3429,-6.7303,0.4619
8952.5,-55.023,8954.2,-54.828,20.728,-6.7132,-6.7067,0.56244
8968.5,-59.145,8969.4,-59.633,12.941,-5.1323,-6.6886,0.91957
8982.3,-58.722,8980.8,-60.302,6.9759,-1.9264,-6.284,1.6718
8987,-54.405,8985.9,-56.492,1.205,2.483,-5.9157,2.6116
8988.3,-54.003,8986.9,-53.247,-3.1861,5.1917,-5.2131,2.9371
8992.7,-56.39,8989.2,-52.973,-3.9407,5.1397,-3.6077,2.4001
8994.9,-56.466,8991.9,-53.321,-2.4688,4.125,-1.6067,1.6044
8995.8,-56.943,8994.4,-54.694,-0.034837,2.0694,0.33156,0.53427
8995.8,-56.943,8996.2,-56.026,2.1233,0.2047,1.7673,-0.32513
8995.8,-56.943,8997.4,-57.221,3.7123,-1.3201,2.6522,-0.94812
8995.8,-56.943,8998.1,-58.147,4.5804,-2.3609,3.0144,-1.3089
8995.8,-56.943,8998.4,-58.54,4.7848,-2.6132,2.9674,-1.3069
8995.8,-56.943,8998.2,-58.617,4.3291,-2.4505,2.582,-1.137
8995.8,-56.943,8997.8,-58.001,3.5063,-1.402,2.0374,-0.60539
8995.8,-56.943,8997.4,-56.898,2.6926,0.18828,1.5251,0.11836
8995.8,-56.943,8996.8,-56.312,1.7066,0.93635,0.97217,0.42581
8995.8,-56.943,8996.1,-56.467,0.71297,0.63054,0.45611,0.25904
8995.8,-56.943,8996.3,-57.062,0.80867,-0.23006,0.45293,-0.13236
8995.8,-56.943,8996.4,-57.178,0.94412,-0.36246,0.47035,-0.17767
8995.8,-56.943,8996.1,-56.988,0.42591,-0.073612,0.20616,-0.037611
8995.8,-56.943,8995.9,-56.988,0.12181,-0.066167,0.057433,-0.031198
8995.8,-56.943,8995.8,-56.943,0,3.5527e-15,-2.2737e-13,1.7764e-15
8995.8,-56.943,8995.8,-56.943,0,3.5527e-15,-2.2737e-13,1.7764e-15
8995.8,-56.943,8995.8,-56.943,0,3.5527e-15,-2.2737e-13,1.7764e-15
8998.6,-53.906,8997.7,-54.899,0.96049,1.0464,0.26423,0.28787
8998.6,-53.906,8998.7,-53.764,1.2705,1.3842,0.31955,0.34814
8999.6,-52.148,8999.8,-52.101,1.4769,1.8561,0.33273,0.43048
9000.4,-52.626,9000.8,-51.721,1.5155,1.4837,0.28906,0.26118
9000.4,-52.626,9001.1,-51.831,1.1049,0.8454,0.11733,0.025725
9002.3,-51.346,9002.2,-51.334,1.1272,0.5903,0.076746,-0.084233
9002.8,-50.467,9002.9,-50.696,0.88278,0.43836,-0.033441,-0.15131
9003.2,-49.588,9003.3,-49.936,0.54412,0.39009,-0.15402,-0.17399
9003.7,-48.709,9003.7,-49.066,0.24414,0.44813,-0.24111,-0.1513
9005.1,-46.073,9004.7,-46.913,0.39947,1.2121,-0.17779,0.079802
9005.6,-45.195,9005.5,-45.208,0.49542,1.6421,-0.11916,0.20928
9005.6,-45.195,9005.8,-44.437,0.42255,1.5189,-0.099062,0.17797
9006.1,-44.316,9006.2,-43.696,0.43813,1.3732,-0.053018,0.13532
9007.1,-42.558,9007,-42.473,0.57151,1.3907,0.0045809,0.11327
9008,-40.801,9007.7,-41.176,0.49696,1.1785,-0.051693,-0.033018
9009,-39.043,9008.8,-39.397,0.8454,1.4249,0.072808,0.02261
9011.4,-34.65,9010.8,-35.836,1.5379,2.4459,0.25922,0.26793
9011,-33.294,9011.5,-33.048,1.4007,3.0233,0.19883,0.42128
9011.1,-28.824,9011.8,-28.971,1.0499,4.0404,0.086585,0.65966
9012.2,-22.597,9012.3,-23.173,0.71084,5.5239,-0.052155,0.96332
9012.3,-20.362,9012.5,-19.169,0.37133,5.6242,-0.14756,0.84359
9012.8,-17.249,9012.8,-15.884,0.15835,5.0959,-0.1969,0.53522
9014.3,-14.613,9013.7,-13.455,0.3438,3.9874,-0.13182,0.069546
9014.8,-11.499,9014.5,-11.255,0.36124,2.7502,-0.12679,-0.41298
9016.3,-8.8632,9015.8,-9.0509,0.83845,1.9277,0.039806,-0.66142
9016.3,-6.6284,9016.6,-6.9805,0.99639,1.3948,0.11686,-0.74809
9017.3,-4.8709,9017.5,-5.2895,1.1417,0.89328,0.16685,-0.79588
9017.8,-3.9922,9018.1,-4.2642,1.0263,0.31902,0.11958,-0.83279
9018.7,-2.2348,9018.8,-2.8207,0.93757,0.32905,0.070443,-0.66494
9018.3,-0.87872,9018.7,-1.324,0.34253,0.56734,-0.12937,-0.43236
9018.8,-7.9381e-14,9018.6,-0.23016,-0.17408,0.57923,-0.30355,-0.31365
9018.8,-7.9381e-14,9018.7,0.38744,-0.25824,0.63515,-0.27003,-0.14685
