0,0,NaN,NaN,NaN,NaN,NaN,NaN
56.79,-2.8096,NaN,NaN,NaN,NaN,NaN,NaN
124.39,-6.0482,NaN,NaN,NaN,NaN,NaN,NaN
201.94,-10.237,NaN,NaN,NaN,NaN,NaN,NaN
288.93,-14.523,NaN,NaN,NaN,NaN,NaN,NaN
385.35,-18.906,NaN,NaN,NaN,NaN,NaN,NaN
489.3,-22.2,NaN,NaN,NaN,NaN,NaN,NaN
601.84,-26.112,NaN,NaN,NaN,NaN,NaN,NaN
724.67,-29.6,NaN,NaN,NaN,NaN,NaN,NaN
857.63,-36.266,NaN,NaN,NaN,NaN,NaN,NaN
1001.4,-43.362,NaN,NaN,NaN,NaN,NaN,NaN
1155.7,-52.261,NaN,NaN,NaN,NaN,NaN,NaN
1320.2,-60.736,NaN,NaN,NaN,NaN,NaN,NaN
1495.7,-66.037,NaN,NaN,NaN,NaN,NaN,NaN
1681.6,-67.311,1681.5,-70.751,191.6,-7.0088,11.138,-0.16095
1882.4,-64.18,1881.6,-68.462,204.75,-2.2021,11.963,1.2693
2088.2,-61.524,2089.9,-63.686,215.77,2.9095,12.011,2.6331
2298.1,-59.864,2302.5,-58.831,223.16,6.7509,10.958,3.4658
2512.7,-60.054,2518.2,-56.124,227.08,8.0539,8.9947,3.4069
2727.1,-63.847,2733.5,-57.899,226.85,5.8945,6.1033,2.2613
2951.3,-66.362,2954,-61.927,226.86,2.046,3.7128,0.62381
3181.6,-67.457,3180.7,-66.096,228.22,-1.7041,2.1338,-0.86855
3417.4,-69.879,3414,-70.783,231.25,-5.1734,1.4017,-2.0982
3659.8,-69.507,3654.8,-72.911,236.54,-6.1161,1.6178,-2.3194
3906.5,-68.756,3902.2,-72.746,243.27,-4.9811,2.4373,-1.7573
4161,-63.314,4157.4,-67.606,251.84,-0.61438,3.8625,-0.15701
4416.7,-55.976,4416.4,-58.632,259.55,5.3172,4.9952,1.7876
4668.9,-50.723,4673.4,-49.872,263.08,9.6768,4.8104,3.0043
4916.7,-45.849,4924.4,-42.706,260.81,11.442,2.8986,3.1702
5158.8,-43.248,5166.7,-38.925,252.4,9.9229,-0.71445,2.1795
5399.5,-43.918,5403.9,-39.376,242.21,5.7297,-4.3428,0.45527
5638.5,-42.028,5638.3,-40.334,232.85,1.6886,-7.113,-1.0604
5874,-39.995,5870.4,-40.778,225.42,-1.1643,-8.6898,-1.992
6107.4,-40.379,6101.9,-41.769,221.32,-3.1512,-8.6988,-2.4122
6338.2,-36.496,6332.2,-39.983,219.19,-2.8393,-7.9016,-2.0554
6566.3,-31.948,6561.2,-35.674,218.96,-0.67653,-6.3924,-1.1086
6791.1,-25.883,6788.2,-28.597,219.54,3.1645,-4.6585,0.32937
7006.1,-21.096,7007.6,-21.377,217.37,6.4222,-3.8706,1.4344
7211.4,-17.587,7216.3,-15.472,210.91,8.1615,-4.4709,1.9322
7405,-20,7411.2,-15.323,199.04,5.7776,-6.7317,1.031
7587,-22.506,7592.2,-18.661,183.55,1.4585,-9.7987,-0.44146
7754.2,-25.814,7758.1,-23.971,165.54,-3.1151,-13.082,-1.8309
7909.3,-28.361,7910.3,-29.318,147.29,-6.6126,-15.801,-2.735
8049.6,-31.711,8048.6,-34.21,129.55,-8.4598,-17.72,-2.938
8174.7,-35.01,8172.2,-38.033,112.22,-8.4324,-18.997,-2.4288
8285.6,-36.362,8282,-39.853,96.18,-6.7676,-19.442,-1.4669
8379.3,-40.08,8376.4,-41.688,80.797,-4.7217,-19.321,-0.41309
8456.2,-41.188,8454.3,-41.772,65.329,-1.632,-19.017,0.86441
8517.4,-43.619,8516,-42.642,49.796,0.13044,-18.641,1.4817
8566.5,-45.289,8563.8,-43.796,35.208,0.97428,-18.021,1.6387
8602,-45.866,8598.4,-44.85,21.562,1.0556,-17.224,1.4055
8626.7,-46.014,8622.2,-45.561,10.233,0.85747,-15.813,1.0439
8639.7,-40.423,8635.5,-42.154,0.59502,2.5709,-14.084,1.2372
8642.4,-41.087,8639,-40.277,-7.5142,3.2827,-12.15,1.2318
8646.2,-43.458,8640.5,-41.087,-10.931,2.1935,-9.228,0.70693
8650.7,-43.08,8643.7,-41.685,-9.118,1.2314,-5.3052,0.2647
8652.4,-42.038,8647.2,-41.747,-4.9002,0.53258,-1.4148,-0.074864
8652.4,-42.038,8650.4,-42.004,0.082597,-0.13799,1.9456,-0.34158
8652.4,-42.038,8653.4,-42.369,4.7301,-0.74572,4.4522,-0.54718
8652.4,-42.038,8655.7,-42.769,8.0504,-1.2599,5.8738,-0.69744
8652.4,-42.038,8657.3,-42.749,9.9794,-1.1244,6.3876,-0.56227
8652.4,-42.038,8657.9,-42.693,10.299,-0.94109,6.062,-0.42693
8652.4,-42.038,8657.6,-42.287,9.0439,-0.30475,5.0383,-0.11303
8652.4,-42.038,8656.2,-41.877,6.5099,0.27658,3.5297,0.14936
8652.4,-42.038,8654.6,-41.658,3.8449,0.54772,2.0829,0.25711
8652.4,-42.038,8653.3,-41.754,1.7339,0.37529,0.99066,0.16544
8652.4,-42.038,8652.9,-42.355,0.96522,-0.46074,0.56694,-0.20838
8652.4,-42.038,8653.1,-42.218,1.1917,-0.23153,0.61154,-0.093105
8652.4,-42.038,8652.9,-41.92,0.84326,0.19021,0.40798,0.096024
8652.4,-42.038,8652.5,-41.94,0.23659,0.14451,0.11156,0.068138
8652.4,-42.038,8652.4,-42.038,-1.3642e-12,3.5527e-15,-4.5475e-13,1.7764e-15
8652.4,-42.038,8652.4,-42.038,-1.3642e-12,3.5527e-15,-4.5475e-13,1.7764e-15
8654.1,-40.995,8653.5,-41.336,0.58799,0.35915,0.16176,0.098801
8654.9,-40.474,8654.7,-40.596,1.0718,0.65464,0.2765,0.16889
8655.8,-39.953,8655.9,-39.885,1.3856,0.84636,0.32699,0.19973
8656.3,-40.806,8656.7,-40.167,1.396,0.44898,0.28036,0.060191
8657.2,-40.285,8657.5,-40.117,1.3116,0.26718,0.20366,-0.009904
8658.5,-40.617,8658.6,-40.417,1.3293,-0.0742,0.15625,-0.11743
8659.9,-40.949,8659.9,-40.888,1.3645,-0.43109,0.11504,-0.21559
8660.8,-40.428,8660.9,-40.828,1.2035,-0.41226,0.024121,-0.1935
8662.1,-40.76,8662,-40.978,1.1475,-0.45646,-0.024065,-0.18134
8663.8,-39.717,8663.6,-40.297,1.288,-0.0079587,-0.0038606,-0.024682
8666.1,-39.528,8665.7,-39.7,1.7119,0.35557,0.10413,0.10055
8668.6,-37.964,8668.3,-38.274,2.3363,1.0894,0.26607,0.31645
8670.3,-36.922,8670.6,-36.805,2.6304,1.6622,0.32137,0.45739
8672.9,-35.358,8673.1,-35.119,2.8874,2.1156,0.34495,0.52736
8674.6,-34.316,8675,-33.859,2.5535,2.0438,0.16119,0.4031
8674.6,-34.316,8675.5,-33.514,1.5809,1.4197,-0.16262,0.13551
8676.3,-33.273,8676.4,-33.003,0.99246,0.93967,-0.33892,-0.064236
8677.5,-31.377,8677.3,-31.673,0.59447,1.0307,-0.42456,-0.058449
8677.8,-30.003,8677.7,-30.36,0.055654,1.0062,-0.53172,-0.10093
8678.8,-25.879,8678.3,-27.033,-0.17314,2.1068,-0.53082,0.20322
8679.5,-23.129,8679,-23.568,-0.14834,3.0545,-0.43102,0.44173
8681.5,-20.712,8680.7,-20.446,0.6203,3.5403,-0.10555,0.51621
8682.7,-18.816,8682.4,-17.916,1.279,3.5848,0.15209,0.46864
8684.7,-16.399,8684.6,-15.637,2.023,3.287,0.3891,0.29428
8685.4,-13.65,8686,-13.2,2.0952,3.0567,0.38396,0.1575
8688,-12.086,8688.1,-11.64,2.3931,2.2256,0.4122,-0.16506
8689.7,-11.043,8690,-10.768,2.4724,1.1982,0.36739,-0.49352
8690.9,-9.1474,8691.3,-9.6287,2.045,0.54883,0.15498,-0.66816
8692.6,-8.1049,8692.8,-8.6094,1.7833,0.19017,0.028487,-0.68842
8694.3,-7.0624,8694.4,-7.475,1.7219,0.24669,-0.0022761,-0.53355
8696,-6.0199,8695.9,-6.3523,1.4691,0.40134,-0.1145,-0.364
8697.7,-4.9774,8697.5,-5.2055,1.4043,0.62673,-0.13735,-0.19469
8697.7,-4.9774,8698.1,-4.7151,0.94477,0.5486,-0.23685,-0.12874
8698,-3.6027,8698.3,-3.9211,0.37728,0.48739,-0.35753,-0.12641
8698.9,-3.0815,8698.8,-3.1886,0.12287,0.54523,-0.36799,-0.064124
8698.4,-2.2281,8698.4,-2.3082,-0.50627,0.72978,-0.49551,0.030456
8699.2,-1.7068,8698.7,-1.5769,-0.49195,0.83202,-0.40396,0.089715
8699.2,-1.7068,8698.8,-1.4004,-0.49346,0.55542,-0.32547,0.010493
8698.7,-0.8534,8698.6,-0.93814,-0.45967,0.44709,-0.21662,-0.027026
8698.2,-1.7659e-12,8698.1,-0.14916,-0.66774,0.61847,-0.22068,0.038221
