0,0,NaN,NaN,NaN,NaN,NaN,NaN
38.089,-15.786,NaN,NaN,NaN,NaN,NaN,NaN
81.115,-33.724,NaN,NaN,NaN,NaN,NaN,NaN
131.2,-54.532,NaN,NaN,NaN,NaN,NaN,NaN
188.33,-78.212,NaN,NaN,NaN,NaN,NaN,NaN
253.23,-104.06,NaN,NaN,NaN,NaN,NaN,NaN
325.9,-130.66,NaN,NaN,NaN,NaN,NaN,NaN
408.46,-158.74,NaN,NaN,NaN,NaN,NaN,NaN
500.23,-186.16,NaN,NaN,NaN,NaN,NaN,NaN
599.06,-212.21,NaN,NaN,NaN,NaN,NaN,NaN
707.82,-235.5,NaN,NaN,NaN,NaN,NaN,NaN
827.19,-258.14,NaN,NaN,NaN,NaN,NaN,NaN
959.29,-279.44,NaN,NaN,NaN,NaN,NaN,NaN
1103.4,-300.11,NaN,NaN,NaN,NaN,NaN,NaN
1260.3,-323.68,1259.2,-320.23,161.69,-16.17,12.645,3.1088
1429.8,-347.33,1429,-343.49,175.55,-17.515,13.433,2.2217
1602.9,-377.37,1605.9,-372.35,186.66,-22.154,13.321,0.42708
1784.4,-407.46,1789.3,-404.23,195.08,-27.71,12.38,-1.4374
1971.6,-436.16,1977.5,-436.19,200.55,-32.022,10.655,-2.6837
2163.8,-467.02,2169.3,-468.76,203.31,-35.211,8.3336,-3.3502
2365.9,-493.7,2368.1,-498.07,206,-35.231,6.2731,-2.9106
2575.7,-523.95,2574.7,-527.15,209.48,-34.1,4.7337,-2.02
2795.4,-557.1,2791.4,-557.97,215.47,-33.303,4.2572,-1.2252
3020.1,-589.57,3016.3,-589.41,223.09,-32.513,4.5734,-0.51184
3248.3,-618.52,3246.8,-619.06,230.6,-30.85,5.0411,0.28719
3480.1,-648.2,3481.1,-648.25,236.97,-29.335,5.2832,0.87175
3710.4,-676.46,3714.6,-676.63,239.79,-28.065,4.53,1.1914
3941.4,-709.68,3946.6,-708.1,239.21,-29.033,2.8782,0.75119
4171.7,-749.25,4176,-745.49,235.45,-32.974,0.45457,-0.47963
4396.4,-788.79,4399.8,-786.1,228.19,-37.765,-2.6559,-1.8181
4621,-828.33,4621.4,-827.43,221.27,-41.237,-5.0498,-2.4973
4839.3,-864.29,4838.3,-866.51,213.79,-42.395,-7.0642,-2.4314
5051.9,-904.47,5050.3,-906.63,206.66,-43.386,-8.3709,-2.2986
5265.2,-948.18,5261.4,-949.17,202.39,-44.747,-8.3653,-2.2076
5472.8,-993.27,5469.1,-994.02,198.96,-46.652,-7.9028,-2.2984
5671.9,-1036.9,5670.2,-1038.1,194.59,-46.743,-7.5777,-1.7306
5866.2,-1074.1,5865.1,-1077,189.34,-43.334,-7.4843,-0.17428
6047,-1109.2,6048.8,-1112,181.11,-38.36,-8.1431,1.5717
6217.9,-1142.7,6220.7,-1144.5,170.31,-33.614,-9.3859,2.8731
6382.4,-1178.4,6383.4,-1177.5,158.95,-30.743,-10.606,3.3622
6539.9,-1212.6,6538.7,-1210.7,148.58,-29.439,-11.287,3.195
6686.8,-1243.1,6684.7,-1241.6,138.2,-27.554,-11.801,3.208
6823.1,-1271.5,6820.8,-1269.9,127.88,-25.114,-12.102,3.3904
6944.6,-1292.1,6944.2,-1292.5,116.56,-21.247,-12.433,3.8128
7054.1,-1307.6,7054.5,-1309.4,104.03,-16.376,-12.969,4.3233
7148.8,-1319.5,7150.4,-1321.5,90.499,-11.465,-13.538,4.6414
7232.9,-1329.2,7233.8,-1329.7,76.894,-6.2553,-13.98,5.0778
7304.9,-1340.9,7304.2,-1337.9,62.705,-2.8724,-14.603,5.0343
7366.4,-1351.9,7363.7,-1346.8,49.645,-1.5777,-14.777,4.4127
7419.4,-1362.8,7414.8,-1357.4,39.029,-2.797,-14.141,3.0537
7461.7,-1371.6,7457,-1368.4,30.046,-5.6848,-13.048,1.2013
7494.9,-1378.1,7491.4,-1378.2,23.465,-8.2529,-11.207,-0.36788
7521.8,-1383.9,7519.2,-1386.2,18.705,-9.7038,-9.0483,-1.3271
7539.4,-1387.6,7538.7,-1391,13.587,-8.7667,-7.3932,-1.2517
7552.1,-1389.1,7551.7,-1392.5,8.5916,-5.8631,-6.119,-0.43136
7553.6,-1389.1,7555.1,-1391.2,1.9064,-1.8988,-5.6532,0.72684
7554.3,-1389.8,7554.1,-1389.5,-3.6769,1.567,-5.13,1.6791
7557.1,-1389.8,7554,-1388.2,-5.5201,3.3047,-3.7253,1.9051
7557.8,-1389.1,7554.2,-1387.3,-5.014,3.6327,-1.9445,1.582
7557.8,-1389.1,7555.2,-1387.5,-2.5767,2.5203,0.097135,0.79216
7557.8,-1389.1,7556.8,-1388.3,0.55511,0.79933,1.9259,-0.1018
7557.8,-1389.1,7558.8,-1389,3.7613,-0.49426,3.3932,-0.67803
7558.6,-1381.3,7561,-1384.4,6.3824,1.2838,4.2977,-0.26905
7555.1,-1373.5,7559.8,-1376.6,6.2151,4.5311,4.0611,0.59277
7558,-1360.8,7560.9,-1364,6.606,9.445,3.799,1.8429
7557.3,-1351.6,7560.5,-1351.6,5.4658,12.948,2.9628,2.5603
7553.8,-1343.8,7557,-1341,2.3039,14.343,1.5178,2.5834
7556,-1330.4,7556.2,-1328.5,0.94917,15.653,0.7435,2.476
7556.8,-1321.2,7556.2,-1318.2,0.37904,14.655,0.33529,1.6379
7561.8,-1313.5,7560.3,-1310.6,2.707,11.801,0.98008,0.31389
7565.4,-1305.7,7565,-1304.2,4.7118,8.5172,1.4374,-0.96426
7569,-1296.5,7569.5,-1297.4,5.7631,6.0536,1.4989,-1.8267
7574.7,-1285.3,7575.3,-1288.2,7.0695,5.5594,1.6245,-1.9331
7582.5,-1274.7,7582.8,-1277.6,8.6772,6.5957,1.7861,-1.4206
7595.3,-1262.1,7594.4,-1264.5,11.525,9.3417,2.2219,-0.34159
7612.4,-1245.2,7610.6,-1247.5,15.665,13.908,2.9191,1.1747
7634.4,-1226.2,7632.3,-1227.8,21.1,18.316,3.8527,2.3242
7667.8,-1208.7,7664.2,-1207.9,30.021,21.477,5.6475,2.9347
7708.2,-1187.1,7704.8,-1186.3,40.035,23.993,7.3535,3.1314
7756.4,-1164.7,7754.8,-1163.1,51.619,26.242,9.2977,3.2236
7812.5,-1138.9,7813.2,-1137.7,63.349,28.334,10.957,3.1684
7873.4,-1112.4,7876.8,-1111.6,72.396,29.072,11.377,2.5661
7936.5,-1083.8,7942.6,-1083.3,77.948,30.299,10.582,2.2302
8001.8,-1054.5,8008.7,-1053.9,79.27,31.392,8.4468,1.9311
8067.7,-1024.5,8074.4,-1023.7,77.593,32.096,5.6668,1.5762
8132.2,-994.46,8137.9,-993.47,73.177,32.103,2.4707,1.0726
8195.4,-963.02,8199,-962.56,67.049,32.05,-0.72106,0.63017
8259.2,-932.3,8259.6,-931.62,61.445,31.882,-3.1687,0.28785
8318.8,-900.13,8317.7,-900.08,55.94,31.76,-5.0134,0.0079145
8380.5,-865.85,8377,-866.99,53.084,32.094,-5.548,-0.13072
8438.7,-832.26,8435.4,-833.29,51.563,32.627,-5.3227,-0.1375
8493.4,-797.94,8491,-798.56,49.815,33.784,-5.0283,0.14042
8545.2,-765.02,8543.8,-764.72,48.081,34.049,-4.6014,0.129
8594.9,-731.38,8593.9,-730.87,46.154,34.224,-4.2203,0.12204
8642.5,-695.6,8641.5,-695.9,43.944,34.687,-3.972,0.15848
8687.2,-656.98,8686.3,-658.3,41.533,36.308,-3.8037,0.51947
8736.2,-622.63,8733.1,-622.32,41.477,36.53,-2.9844,0.43388
8781,-582.59,8778.7,-583.58,41.546,37.972,-2.2243,0.69495
8824.4,-542.55,8823.1,-543.35,41.649,39.726,-1.5377,1.0197
8867.8,-505.33,8867.1,-504.39,42.22,40.294,-0.78734,0.99091
8909.7,-468.11,8910,-466.53,42.558,39.892,-0.22065,0.67409
8948.8,-432.28,8950.3,-430.27,41.579,38.587,-0.17679,0.15022
8987.2,-394.33,8988.9,-393.71,40.158,37.403,-0.30434,-0.32346
9024.2,-357.78,9025.3,-357.86,37.657,35.897,-0.86972,-0.85553
9058.4,-324.04,9059.2,-323.89,34.7,33.89,-1.4979,-1.4047
9090.4,-292.42,9090.9,-292.13,31.646,31.433,-2.046,-1.95
9116.7,-263.58,9118,-262.94,27.504,28.75,-2.7778,-2.3805
9138.8,-237.55,9140.3,-236.8,22.522,25.569,-3.5935,-2.8399
9156.6,-211.5,9157.9,-212,17.116,22.85,-4.3527,-3.0974
9173,-189.68,9172.8,-190.16,12.51,19.789,-4.7346,-3.381
9184.5,-165.7,9183.5,-167.53,7.4661,18.824,-5.2229,-2.9225
9198,-149.52,9194.8,-149.84,5.3483,15.895,-4.6995,-3.1262
9208,-131.2,9204.9,-132.61,4.4533,14.17,-3.8174,-2.9212
9213.8,-112.85,9212.2,-114.75,3.4102,14.169,-3.05,-2.165
9223.1,-100.88,9220.8,-100.59,4.3495,13.001,-1.8059,-1.8038
9228.8,-88.186,9228.2,-87.82,5.377,11.937,-0.68892,-1.4789
9231.7,-74.061,9232.9,-74.894,5.1567,11.374,-0.15878,-1.1654
9236.7,-66.313,9237.3,-65.627,5.0196,9.4345,0.19374,-1.3012
9239.6,-56.431,9240.4,-56.623,4.2428,8.2233,0.20859,-1.229
9241.1,-46.54,9241.9,-47.385,2.7589,7.8245,-0.078505,-0.94941
9246.1,-40.206,9245.3,-40.033,2.8697,7.0086,0.10394,-0.80737
9248.9,-33.152,9248.6,-33.105,3.1583,6.52,0.31488,-0.60247
9249,-28.91,9250,-28.284,2.6284,5.2151,0.27773,-0.70328
9253.2,-20.45,9253.1,-21.384,3.0974,5.6196,0.47863,-0.31324
9254.7,-17.63,9255.4,-17.227,3.2683,4.5543,0.58523,-0.44579
9259.7,-11.296,9259.2,-11.527,3.8316,5.0889,0.67704,-0.033654
9260.4,-9.1794,9261.4,-8.3888,3.5537,4.0314,0.55329,-0.22011
9260.4,-7.7652,9262,-6.9163,2.6171,2.4002,0.27053,-0.57699
9261.8,-4.9454,9262.3,-4.7743,1.2734,1.9567,-0.20602,-0.48265
9263.2,-3.5397,9263.1,-3.5191,0.68414,1.1407,-0.35801,-0.56545
9263.2,-3.5397,9263.3,-3.5354,0.14583,-0.099998,-0.43395,-0.79051
9263.3,-2.1255,9263,-2.5821,-0.58955,-0.012999,-0.58885,-0.52174
9264,-1.4227,9263.4,-1.9885,-0.54403,-0.16187,-0.452,-0.4173
9264,-1.4227,9263.7,-1.7943,-0.3719,-0.33227,-0.27517,-0.33475
9264,-1.4227,9263.6,-1.47,-0.5385,-0.031716,-0.2728,-0.0754
9264,-1.4227,9263.8,-1.305,-0.20712,0.16982,-0.070212,0.09513
9264,-1.4227,9264.2,-1.0937,0.37782,0.4778,0.21414,0.27539
9263.3,-0.71136,9263.7,-0.87091,0.038949,0.3924,0.10484,0.21227
9263.3,-0.71136,9263.4,-0.49123,0.0022243,0.6639,0.10527,0.31811
9263.3,-0.71136,9263,-0.62136,-0.38922,0.31405,-0.068585,0.1501
9263.3,-0.71136,9263.1,-0.473,-0.10701,0.42653,0.051457,0.19722
9263.3,-0.71136,9263.3,-0.41794,0.1856,0.43762,0.16178,0.19689
9263.3,-0.71136,9263.3,-0.57972,0.1816,0.17618,0.13448,0.077364
9263.3,-0.71136,9263.3,-0.6296,0.1515,0.099054,0.099881,0.045348
9263.3,-0.71136,9263.4,-0.61147,0.25792,0.12422,0.13031,0.05842
9263.3,-0.71136,9263.4,-0.75237,0.26082,-0.066755,0.11691,-0.025337
9263.3,-0.71136,9263.4,-0.80318,0.12026,-0.12172,0.045116,-0.045664
9263.3,-0.71136,9263.3,-0.76041,0.048818,-0.049411,0.010689,-0.010819
9263.3,-0.71136,9263.3,-0.70369,-0.03179,0.032175,-0.024268,0.024563
9263.3,-0.71136,9263.2,-0.6551,-0.092885,0.094012,-0.048069,0.048653
9263.3,-0.71136,9263.2,-0.64487,-0.097424,0.098606,-0.045937,0.046494
9263.3,-0.71136,9263.3,-0.71136,0,0,-2.2737e-13,2.7756e-17
9263.3,-0.71136,9263.3,-0.71136,0,0,-2.2737e-13,2.7756e-17
9263.3,-0.71136,9263.3,-0.71136,0,0,-2.2737e-13,2.7756e-17
9263.3,-0.71136,9263.3,-0.71136,0,0,-2.2737e-13,2.7756e-17
9263.3,-0.71136,9263.3,-0.71136,0,0,-2.2737e-13,2.7756e-17
9263.3,-0.71136,9263.3,-0.71136,0,0,-2.2737e-13,2.7756e-17
9262.6,1.5601e-12,9262.8,-0.2327,-0.24212,0.24506,-0.066608,0.067416
