0,0,NaN,NaN,NaN,NaN,NaN,NaN
65.765,0.04829,NaN,NaN,NaN,NaN,NaN,NaN
136.42,5.1029,NaN,NaN,NaN,NaN,NaN,NaN
216.28,9.5559,NaN,NaN,NaN,NaN,NaN,NaN
303.91,14.805,NaN,NaN,NaN,NaN,NaN,NaN
401.42,21.583,NaN,NaN,NaN,NaN,NaN,NaN
510.25,27.076,NaN,NaN,NaN,NaN,NaN,NaN
626.15,34.064,NaN,NaN,NaN,NaN,NaN,NaN
749.78,44.678,NaN,NaN,NaN,NaN,NaN,NaN
876.93,56.038,NaN,NaN,NaN,NaN,NaN,NaN
1011.1,70.309,NaN,NaN,NaN,NaN,NaN,NaN
1152.4,86.074,NaN,NaN,NaN,NaN,NaN,NaN
1300.7,99.093,NaN,NaN,NaN,NaN,NaN,NaN
1456.1,113.61,NaN,NaN,NaN,NaN,NaN,NaN
1620,126.8,1618,128.94,163.27,16.654,5.3865,0.91237
1792.4,141.51,1789.3,142.93,171.01,15.907,5.6982,0.41399
1972.5,159.85,1969.9,158.99,180.43,15.767,6.6117,0.055353
2156.9,179.64,2156.6,177.66,189.17,16.907,7.2904,0.15015
2345.4,202.32,2347.6,199.64,196.3,19.435,7.4601,0.6669
2536.1,225.72,2540.3,223.85,200.33,22.516,6.655,1.3333
2726.8,247.71,2731.9,248.2,200.43,25.06,4.7223,1.8595
2921.7,268.34,2924.9,270.91,199.19,25.844,2.6222,1.8114
3119.5,287.58,3120.1,291.05,197.79,24.455,0.78435,1.067
3322.2,306.17,3320,309.12,198.41,21.753,-0.066928,-0.016692
3526.4,326.2,3523.3,326.84,200.14,18.893,-0.32161,-1.0968
3731.2,348.35,3728.7,346.32,202.4,17.445,-0.18922,-1.6329
3933.9,369.77,3933.5,367.13,203.82,17.486,-0.12269,-1.5338
4132.3,392.56,4134.8,389.72,202.91,18.867,-0.58829,-0.96545
4331.5,416.06,4333.9,414.16,200.71,21.524,-1.3369,0.035611
4528.5,437.42,4530.2,437.79,197.17,23.4,-2.3934,0.73238
4727,457.38,4726.1,459.39,194.01,23.61,-3.2271,0.81128
4922.7,477.3,4920.7,479.55,191.14,22.689,-3.7892,0.48031
5118.4,494.4,5115.2,496.67,189.47,19.9,-3.8293,-0.44967
5311.2,510.05,5308.7,511.36,188.64,16.246,-3.4365,-1.5535
5499.2,523.53,5498.9,523.87,187.48,12.476,-2.9916,-2.5055
5687.2,534.17,5687.3,533.95,186.31,8.8322,-2.5673,-3.2044
5870.9,541.94,5872,541.52,184.06,5.5167,-2.5106,-3.5938
6052.6,546.15,6053.3,545.95,180.75,2.2339,-2.8624,-3.8113
6235.8,544.72,6234.4,545.34,178.42,-2.0959,-2.9434,-4.235
6416.2,536.18,6414.2,537.79,176.55,-8.1885,-2.8833,-5.0588
6593.1,525.49,6591.9,525.94,174.91,-14.029,-2.6748,-5.6438
6766.5,511.21,6766.7,510.26,173.21,-19.452,-2.3957,-6.0142
6934.3,492.63,6936.1,490.81,169.83,-24.297,-2.6284,-6.1185
7095.8,473.27,7099,470.15,164.47,-27.064,-3.3787,-5.5207
7254.5,448.22,7256.5,446.04,158.1,-29.426,-4.3925,-4.8021
7406.8,422.39,7408.1,420.23,150.97,-30.778,-5.4752,-3.8682
7556.4,393.71,7555.5,392.44,144.24,-31.488,-6.3161,-2.8372
7699.6,362.82,7698,362.45,138.01,-32.19,-6.7951,-1.9776
7834.2,337.5,7833.7,335.32,131.53,-30.544,-7.1109,-0.66027
7960.4,310.66,7960.9,309.05,123.92,-28.357,-7.6113,0.54248
8079.5,286.57,8080.4,284.98,116.17,-25.371,-7.9431,1.6878
8190,263.8,8191.2,262.9,107.62,-22.051,-8.4043,2.6715
8295.7,237.43,8295.1,239.36,99.163,-20.279,-8.8208,3.0428
8393.6,214.51,8392.1,216.9,91.104,-18.581,-9.0288,3.2756
8481.5,194.31,8480.4,196.07,82.654,-17.147,-9.2514,3.2377
8563.1,173.32,8561.5,175.34,74.783,-16.686,-9.2113,2.8189
8639.7,152.99,8637.4,154.74,68.638,-16.918,-8.5821,2.1767
8708.5,133.27,8707,134.27,63.252,-17.746,-7.7288,1.3668
8771.6,113.49,8770.5,114.17,58.143,-18.345,-6.93,0.7862
8825.6,94.309,8826.1,94.504,52.174,-18.8,-6.4891,0.34724
8871.8,75.746,8872.9,75.778,44.717,-18.537,-6.6414,0.26464
8911.6,60.646,8912.3,59.798,36.94,-16.869,-6.9172,0.6406
8942.1,47.561,8943.2,46.041,28.592,-14.894,-7.309,0.97559
8969.8,35.857,8969.1,34.651,21.681,-12.217,-7.245,1.5066
8987.7,21.212,8987.4,21.945,14.467,-11.239,-7.2677,1.4603
9002.6,10.777,9001.2,11.089,8.6727,-9.8461,-6.8808,1.5302
9021.1,5.3316,9016.2,4.6808,6.7168,-6.5519,-5.5216,2.1793
9031.1,-1.6253,9027.9,-1.2134,5.6387,-4.4208,-4.039,2.3317
9038.2,-5.7864,9037,-5.5064,5.3654,-2.6876,-2.4803,2.2717
9041.7,-5.0388,9042.5,-5.8087,4.5448,0.18047,-1.3701,2.5234
9043.8,-4.3073,9045.2,-4.4006,3.2444,2.6771,-0.7101,2.6213
9045.9,-3.5759,9046.8,-2.5609,2.3059,4.2321,-0.18856,2.4388
9048.1,-4.2586,9048.2,-1.8766,1.7014,4.302,0.17925,1.8786
9048.8,-4.9575,9048.9,-2.3005,1.388,3.2319,0.4943,1.0684
9048.8,-4.9575,9049.1,-3.1436,1.0989,1.6688,0.68579,0.21051
9048.8,-4.9575,9049.1,-4.4721,0.98839,-0.35435,0.8296,-0.71129
9048.8,-4.9575,9049.4,-5.777,1.41,-2.1029,1.1003,-1.4067
9048.8,-4.9575,9049.5,-6.5719,1.6954,-2.9708,1.222,-1.6559
9048.8,-4.9575,9050.2,-6.4449,2.4976,-2.5098,1.5152,-1.3128
9048.8,-4.9575,9050.2,-6.1959,2.4907,-1.9327,1.4114,-0.95391
9048.8,-4.9575,9049.5,-5.8849,1.3185,-1.337,0.79736,-0.62251
9049.5,-4.2424,9049.7,-4.6557,1.1132,0.028791,0.60528,-0.02507
9048.8,-3.5434,9049.3,-3.4657,0.66561,0.96708,0.38205,0.32761
9048.8,-3.5434,9049.2,-3.1972,0.58068,0.82869,0.32404,0.22714
9048.8,-2.1293,9049.1,-2.285,0.50156,0.954,0.26891,0.19645
9048.8,-2.1293,9049,-1.9215,0.26084,0.73225,0.14487,0.076796
9048.8,-2.1293,9048.7,-1.7661,-0.020665,0.52945,0.010616,0.0076262
9048.7,-0.71518,9048.7,-0.87266,-0.093673,0.72814,-0.023489,0.055117
9048.7,-0.71518,9048.7,-0.56187,-0.050761,0.51923,-0.0060732,-0.028411
9048.7,-0.71518,9048.7,-0.5525,-0.0016471,0.18815,0.012283,-0.1341
9048.7,-0.71518,9048.8,-0.67712,0.04367,-0.12702,0.027956,-0.21743
9048.7,-0.71518,9048.8,-0.81682,0.07577,-0.33871,0.03754,-0.25256
9048.7,-0.71518,9048.8,-0.90124,0.085811,-0.4098,0.037841,-0.23229
9048.7,-0.71518,9048.8,-0.90849,0.065534,-0.35365,0.025879,-0.1681
9049.4,-8.4643e-13,9049.2,-0.38403,0.24804,0.01226,0.065129,-0.022349
9049.4,-8.4643e-13,9049.4,-0.09812,0.22238,0.16037,0.03443,0.034793
9049.4,-8.4643e-13,9049.6,0.075836,0.28842,0.2394,0.060662,0.068083
9049.4,-8.4643e-13,9049.6,0.19149,0.19385,0.2973,0.023344,0.09564
9049.4,-8.4643e-13,9049.5,0.12276,0.077337,0.14385,-0.01719,0.031813
9049.4,-8.4643e-13,9049.5,0.14549,-0.035373,0.15289,-0.052842,0.043784
9049.4,-8.4643e-13,9049.4,0.094307,-0.1198,0.075745,-0.075383,0.016377
9049.4,-8.4643e-13,9049.4,-0.088346,-0.16182,-0.16558,-0.080647,-0.082521
9049.4,-8.4643e-13,9049.3,-0.10728,-0.16131,-0.16506,-0.070029,-0.071657
9049.4,-8.4643e-13,9049.4,-0.092319,-0.11959,-0.12237,-0.044866,-0.045909
9049.4,-8.4643e-13,9049.4,-0.049315,-0.048548,-0.049676,-0.01063,-0.010877
9049.4,-8.4643e-13,9049.5,0.0077127,0.031614,0.032348,0.024134,0.024695
9049.4,-8.4643e-13,9049.5,0.05656,0.092371,0.094517,0.047803,0.048914
9049.4,-8.4643e-13,9049.5,0.066844,0.096884,0.099136,0.045682,0.046744
