0,0,NaN,NaN,NaN,NaN,NaN,NaN
47.987,5.2188,NaN,NaN,NaN,NaN,NaN,NaN
103.77,9.8886,NaN,NaN,NaN,NaN,NaN,NaN
165.89,15.395,NaN,NaN,NaN,NaN,NaN,NaN
233.62,23.844,NaN,NaN,NaN,NaN,NaN,NaN
309.07,34.571,NaN,NaN,NaN,NaN,NaN,NaN
392.21,50.406,NaN,NaN,NaN,NaN,NaN,NaN
481.63,69.905,NaN,NaN,NaN,NaN,NaN,NaN
577.38,91.654,NaN,NaN,NaN,NaN,NaN,NaN
679.44,115.65,NaN,NaN,NaN,NaN,NaN,NaN
787.91,137.66,NaN,NaN,NaN,NaN,NaN,NaN
904.17,159.12,NaN,NaN,NaN,NaN,NaN,NaN
1029.7,178.64,NaN,NaN,NaN,NaN,NaN,NaN
1163.7,194.1,NaN,NaN,NaN,NaN,NaN,NaN
1304.9,206.87,1303.9,209.57,144.32,14.125,7.9279,-2.9956
1452.5,219.06,1452.7,218.68,152.78,7.9119,8.2483,-4.7235
1602.8,234.14,1605.2,230.03,158.99,5.1333,7.8616,-5.0551
1758.1,250.03,1761.4,244.28,163.46,5.7117,7.0177,-4.1638
1919.8,263.92,1922.4,259.41,167.24,7.8413,6.0709,-2.7496
2085,275.77,2086.9,273.85,169.84,10.166,4.875,-1.3232
2259.6,281.44,2258.6,283.31,173.6,9.8385,4.1498,-0.82898
2439.9,282.98,2437.4,286.94,178.68,6.7024,3.9681,-1.264
2623.2,280.34,2621.3,284.52,184,1.1275,4.0033,-2.442
2812.2,272.16,2810.9,275.42,189.95,-6.6089,4.3452,-4.1838
3005.4,262.65,3005.3,262.88,195.97,-13.806,4.7673,-5.5536
3200.2,250.34,3202,247.83,200.4,-19.753,4.7188,-6.3488
3399.8,243.08,3401.6,236.46,203.67,-20.963,4.2863,-5.5656
3597.2,237.9,3600.3,230.16,204.01,-17.326,3.0264,-3.2805
3792.4,236.2,3796.1,229.63,201.32,-9.8518,1.0573,-0.038644
3986.9,236.62,3989.5,233.25,197,-1.0518,-1.0747,3.1692
4179.3,237.7,4180.6,238.25,192.22,6.2142,-2.8907,5.3402
4366.5,246.46,4367.4,247.82,186.41,13.228,-4.5843,6.8781
4555.2,255.24,4553.5,258.73,182,17.945,-5.4931,7.2938
4741.7,264.69,4738.7,269.46,179.18,19.751,-5.607,6.5574
4926.7,278.35,4923,282.14,177.29,20.594,-5.3297,5.4646
5117.5,285.06,5111.5,290.49,179.22,17.541,-3.8605,3.3004
5303.4,292.37,5299.8,296.56,181.84,12.957,-2.2075,0.95768
5488.6,296.14,5487.3,299.43,184.08,7.397,-0.85294,-1.2493
5670.4,294.88,5671.7,297.51,184.58,0.63386,-0.20089,-3.3784
5853.7,290.83,5855.2,291.95,184.51,-5.9049,0.10848,-4.9778
6035.6,281.09,6036.9,281.04,183.13,-13.181,-0.17028,-6.4789
6215.5,269.18,6216.7,267.11,181.11,-19.2,-0.63557,-7.2491
6391.2,257.19,6392.8,252.79,177.72,-22.582,-1.4559,-6.9929
6560.4,245.78,6562.8,240.07,172.11,-22.571,-2.8048,-5.6013
6721.2,234.19,6724.6,229.04,164.11,-19.987,-4.5826,-3.4997
6876.3,222.5,6879.2,218.68,155.3,-16.749,-6.2176,-1.5188
7026.5,209.99,7027.4,208.54,146.27,-13.234,-7.6495,0.29915
7169.7,195.92,7169.3,196.95,137.66,-11.041,-8.6206,1.399
7305,183.82,7303.9,185.14,129.11,-9.8753,-9.3227,1.8425
7429.8,170.8,7428.6,172.94,119.12,-9.1927,-10.292,2.0287
7544.6,158.99,7544,160.48,109.26,-9.5081,-10.843,1.696
7651.6,149.14,7650.7,149.37,99.865,-9.4791,-11.025,1.4024
7751.5,140.56,7750,140.01,91.698,-8.7396,-10.679,1.324
7842.1,135.33,7840.6,133.85,83.352,-6.6702,-10.409,1.6261
7924.2,131.34,7922.7,130.47,74.994,-3.5036,-10.16,2.2796
7997.8,128.59,7996.2,128.88,66.626,-0.35279,-9.9415,2.8471
8064.4,124.29,8062.4,126.47,59.024,1.1014,-9.5009,2.805
8124.6,117.73,8122.5,121.37,52.8,0.086256,-8.6596,1.9848
8178.6,110.34,8176.9,113.84,47.844,-2.6623,-7.5034,0.70761
8224.7,102.08,8224.2,104.37,42.637,-6.3053,-6.615,-0.69559
8265.2,92.296,8265,93.201,37.156,-10.127,-6.033,-1.9343
8297.9,83.06,8298.4,82.044,30.935,-12.819,-5.8269,-2.6078
8324.3,72.987,8324.9,70.79,24.371,-14.566,-5.8147,-2.8463
8345.7,63.52,8346,60.71,18.452,-14.503,-5.6336,-2.386
8359.4,51.775,8360.2,50.047,12.242,-14.019,-5.5787,-1.7489
8370.9,42.107,8370.3,40.544,6.9923,-12.477,-5.3379,-0.83943
8380.9,35.239,8378.7,33.559,3.5769,-9.6271,-4.6798,0.32711
8383.1,33.161,8382.1,30.772,0.19809,-5.3475,-4.085,1.6561
8391,25.543,8387.8,26.249,0.30204,-3.1875,-2.6158,2.1483
8391.8,24.85,8390.8,24.746,0.42497,-0.49704,-1.3409,2.6056
8392.5,24.158,8392.5,24.73,0.82779,1.9145,-0.24183,2.8733
8394.6,22.08,8394.6,24.149,1.9215,2.9893,0.76951,2.6911
8396.1,20.695,8396.6,23.105,2.9887,2.9134,1.4978,2.1372
8395.4,18.559,8397.1,20.977,3.1843,1.6747,1.7617,1.2757
8394.1,15.703,8396.1,17.647,2.391,-0.3737,1.5601,0.27788
8392,12.125,8394,13.101,1.1408,-2.971,1.1692,-0.76173
8390.6,10.682,8391.8,9.7163,0.012303,-4.3892,0.78428,-1.2832
8387.9,7.7968,8388.8,6.4174,-1.2844,-5.193,0.36291,-1.4702
8383.7,3.4689,8384.8,2.7192,-2.5199,-5.4357,0.050457,-1.3205
8379.5,-0.85909,8380.1,-1.3809,-3.8753,-5.5628,-0.30125,-1.1143
8378.9,-1.5804,8377.6,-3.3169,-3.6637,-4.4268,-0.1787,-0.589
8377.5,-3.0231,8376.5,-4.512,-2.2641,-3.1104,0.36131,-0.094328
8375.4,-5.1871,8374.9,-5.2537,-1.7969,-1.3432,0.45593,0.58003
8373.3,-4.5232,8373.7,-5.0099,-0.72363,0.018522,0.82349,0.90031
8371.1,-3.8593,8372.1,-3.9833,-0.26496,1.3347,0.91822,1.1451
8370.4,-3.1667,8370.9,-2.6512,-0.071511,2.3717,0.83486,1.2728
8369,-1.7816,8369.5,-1.084,-0.22282,2.959,0.63471,1.2079
8368.2,-1.089,8368.6,0.041449,-0.2039,2.9326,0.51023,0.96264
8367.5,-0.39638,8367.7,0.75463,-0.27217,2.4488,0.36332,0.60472
8367.5,-0.39638,8367.4,0.64742,-0.18631,1.4023,0.26973,0.11652
8366.8,0.29622,8366.8,0.38905,-0.37663,0.20213,0.10403,-0.39529
8366.8,0.29622,8366.7,0.055755,-0.13825,-0.63713,0.12806,-0.67538
8366.8,0.29622,8367,-0.097221,0.3386,-0.9407,0.26031,-0.69301
8366.8,0.29622,8367.2,-0.1673,0.59548,-0.98498,0.30168,-0.60344
8366.8,0.29622,8367,-0.36366,0.24925,-1.1397,0.094046,-0.58275
8366.8,0.29622,8366.8,-0.22979,-0.002062,-0.82045,-0.0431,-0.37313
8366.8,0.29622,8366.8,0.092761,-0.099381,-0.27996,-0.093284,-0.095858
8366.8,0.29622,8366.8,0.20526,-0.11603,-0.080758,-0.098203,0.0036809
8366.8,0.29622,8366.8,0.32632,-0.10669,0.10244,-0.087478,0.083994
8366.8,0.29622,8366.7,0.39852,-0.20451,0.19636,-0.12223,0.11736
8366.8,0.29622,8366.7,0.36797,-0.14521,0.13943,-0.08551,0.082103
8366.8,0.29622,8366.7,0.36842,-0.13261,0.12733,-0.072053,0.069182
8366.8,0.29622,8366.7,0.35099,-0.09533,0.091532,-0.049335,0.047369
8366.8,0.29622,8366.7,0.36095,-0.099988,0.096005,-0.047146,0.045268
8366.8,0.29622,8366.8,0.29622,-4.5475e-13,0,-5.6843e-13,-1.3878e-17
8367.5,-0.39638,8367.3,-0.16981,0.2485,-0.2386,0.068361,-0.065638
8367.5,-0.39638,8367.5,-0.42874,0.3287,-0.31561,0.082673,-0.07938
8367.5,-0.39638,8367.7,-0.53829,0.297,-0.28517,0.062675,-0.060178
8368.2,-1.089,8368.2,-1.0143,0.44972,-0.4318,0.093294,-0.089577
8369.7,-2.4742,8369.4,-2.1575,0.90627,-0.87016,0.20223,-0.19418
8372.5,-3.8306,8371.9,-3.6261,1.9042,-1.3508,0.44535,-0.29623
8379.6,-5.1009,8377.9,-5.1477,4.421,-1.7028,1.0737,-0.3465
8383.2,-5.736,8383.3,-6.1878,5.9495,-1.6596,1.3476,-0.27512
8391.7,-8.3914,8391.3,-8.2471,8.2396,-2.0676,1.7717,-0.3281
8399.4,-4.6986,8400,-6.5824,9.9936,-0.40441,1.9651,0.19944
8408,-8.7679,8409.1,-7.9957,11.167,-0.62563,1.9321,0.15327
8419.3,-8.538,8419.9,-8.4449,12.468,-0.32861,1.8915,0.24314
8422.8,-7.7592,8426.1,-7.9792,10.614,0.33557,0.94917,0.41187
8429.8,-3.3738,8431.8,-4.6312,8.416,2.267,-0.010192,0.89707
8434.1,-4.7015,8435.5,-3.6175,5.3966,2.4795,-1.0815,0.84305
8441.1,-3.1439,8440.3,-2.3875,3.7404,2.4713,-1.5786,0.68345
8447.4,-0.89374,8445.8,-0.60131,3.0707,2.5364,-1.65,0.53837
8449.6,-1.5576,8449,-0.43865,1.8444,1.6414,-1.7717,0.1505
8453.1,-0.7788,8452.3,-0.24208,1.2913,0.89296,-1.6155,-0.14167
8456.6,-9.9787e-13,8455.6,0.020907,1.2802,0.30343,-1.2903,-0.34794
