0,0,NaN,NaN,NaN,NaN,NaN,NaN
43.907,0.41856,NaN,NaN,NaN,NaN,NaN,NaN
93.293,-0.56827,NaN,NaN,NaN,NaN,NaN,NaN
149.37,-1.0814,NaN,NaN,NaN,NaN,NaN,NaN
212.14,-1.1207,NaN,NaN,NaN,NaN,NaN,NaN
282.97,-1.0376,NaN,NaN,NaN,NaN,NaN,NaN
361.35,0.028436,NaN,NaN,NaN,NaN,NaN,NaN
446.43,1.5683,NaN,NaN,NaN,NaN,NaN,NaN
537.69,4.4424,NaN,NaN,NaN,NaN,NaN,NaN
634.61,9.5116,NaN,NaN,NaN,NaN,NaN,NaN
740.31,17.443,NaN,NaN,NaN,NaN,NaN,NaN
850.15,30.151,NaN,NaN,NaN,NaN,NaN,NaN
966.52,45.563,NaN,NaN,NaN,NaN,NaN,NaN
1086.8,62.152,NaN,NaN,NaN,NaN,NaN,NaN
1208.4,80.62,1210.7,82.175,127.99,23.264,4.8368,4.2133
1336.1,100.42,1337.2,102.74,130.33,25.142,3.836,3.8825
1465.5,121.24,1466.4,123.89,132.17,25.965,2.9104,3.2489
1601,145.63,1600.4,147.07,134.82,26.626,2.4105,2.5786
1743.2,170.49,1740.8,171.34,139.19,26.838,2.5422,1.8398
1891,197.54,1887.8,197.45,144.97,27.312,3.1193,1.2861
2045.5,225.07,2042.2,224.73,152.25,27.828,4.112,0.86529
2202.2,246.93,2201,248.77,159.21,26.354,4.9595,0.042192
2361.5,264.48,2362.7,267.93,164.89,22.573,5.3673,-1.2369
2522.1,275.85,2525.4,280.25,168.33,16.105,5.0628,-3.0415
2686.1,283.42,2689.3,286.58,169.81,8.1493,4.1165,-4.9935
2852.5,294.76,2854.9,292.9,170.25,2.36,2.9489,-6.0669
3026.4,301.24,3025.5,297.48,171.75,-2.0012,2.1633,-6.4607
3203.8,303.94,3201.2,299.89,174.6,-5.0221,1.9223,-6.2216
3384.2,301.47,3381.6,298.68,178.74,-7.6073,2.2288,-5.6927
3568.8,289.88,3566.6,290.26,183.67,-11.669,2.8103,-5.469
3750.7,273.17,3751.9,275.06,187.24,-16.838,3.0905,-5.4963
3931,253.2,3934.9,254.49,187.95,-22.501,2.5353,-5.696
4112,230.15,4116,229.93,186.43,-27.809,1.3591,-5.814
4296.2,205.53,4297.9,202.98,184.55,-32.204,0.14889,-5.7588
4481.4,179.19,4480.7,174.89,182.72,-34.977,-0.94033,-5.2749
4667.3,149.76,4665,145.79,181.92,-35.864,-1.5004,-4.1868
4849.6,120.52,4848.1,117.19,180.88,-34.579,-1.8929,-2.5143
5025.7,89.953,5026.7,88.663,178.3,-31.995,-2.4625,-0.59937
5195.5,60.278,5198.6,60.456,173.4,-29.112,-3.4669,1.0634
5362.6,37.137,5365.4,35.876,167.53,-25.38,-4.5249,2.4386
5528.5,17.947,5528.9,16.133,161.57,-20.22,-5.5043,3.8616
5692.7,3.5696,5690.5,1.6851,156.81,-14.098,-5.9792,5.1805
5855.9,-9.0866,5851.5,-9.2428,153.8,-8.2246,-5.8383,6.139
6014.3,-23.428,6010.1,-20.005,151.41,-4.2339,-5.4388,6.4089
6167.3,-38.595,6165.2,-32.63,149.66,-3.2719,-4.6677,5.662
6316.3,-52.708,6316.3,-46.685,147.9,-4.6786,-3.8328,4.1751
6457.3,-63.343,6460.2,-59.769,143.96,-6.5998,-3.7001,2.5907
6597.1,-73.627,6599.2,-72.292,139,-8.8913,-4.008,1.0216
6732.1,-81.996,6733.1,-83.002,133.11,-10.317,-4.6711,-0.075812
6863.1,-89.311,6862.4,-91.502,126.84,-10.274,-5.4515,-0.47197
6991.5,-98.153,6989.1,-99.637,121.91,-9.8323,-5.7063,-0.53776
7113.1,-105.24,7111.4,-106.13,117.65,-8.1408,-5.5689,-0.044177
7228.8,-112.29,7228.5,-112,113.65,-6.2899,-5.2087,0.52938
7333,-121.5,7335.9,-119.85,107.06,-6.2815,-5.5592,0.44302
7431.9,-131.53,7434.9,-129.68,98.98,-7.7767,-6.3235,-0.13421
7521.9,-142.2,7524.5,-141.27,89.167,-10.372,-7.5307,-1.0425
7606.9,-152.32,7607,-152.98,79.339,-12.52,-8.64,-1.6972
7687.3,-160.53,7684.8,-162.72,71.264,-12.7,-9.0465,-1.5941
7760.8,-166.98,7757.4,-169.78,64.732,-10.915,-8.8381,-0.83445
7830.2,-172.38,7826.3,-174.72,60.275,-8.0898,-7.9365,0.17709
7891.1,-177.04,7889.3,-178.36,56.479,-5.2214,-6.7869,1.0546
7946.5,-180.29,7946.1,-180.54,52.364,-2.2856,-5.8829,1.833
7996.9,-183,7997.3,-182.18,48.217,-0.11862,-5.1272,2.2236
8040.1,-185.32,8041.5,-183.74,42.86,1.0926,-4.9103,2.2194
8078.7,-185.72,8079.6,-184.3,36.675,2.0286,-5.1173,2.079
8111.4,-186.1,8111.7,-184.91,30.249,1.9535,-5.4388,1.5603
8139.7,-186.78,8139,-185.86,24.258,1.1751,-5.6363,0.87049
8165.8,-187.63,8164,-186.96,20.405,0.28554,-5.1225,0.27863
8186.9,-187.93,8185.3,-187.76,17.198,-0.34211,-4.4906,-0.11459
8206.6,-187.88,8205,-188.05,15.636,-0.52006,-3.4339,-0.26705
8224.9,-187.47,8223.5,-187.85,15.043,-0.37942,-2.3021,-0.2693
8242.9,-188.44,8241.5,-188.41,15.373,-0.7104,-1.1479,-0.38977
8260.4,-188.55,8259.6,-188.83,16.435,-0.92092,-0.015652,-0.45137
8276.2,-183.84,8276.4,-185.83,17.086,0.72611,0.72438,0.031836
8297.7,-188.6,8296.8,-187.24,19.81,-0.18441,1.8703,-0.21771
8318.7,-188.9,8318.6,-188.38,22.659,-0.79362,2.769,-0.36196
8341.9,-192.64,8342.2,-191.52,25.526,-2.2499,3.4173,-0.7123
8366.4,-196.74,8367.5,-195.96,28.28,-4.0055,3.8555,-1.1039
8390.9,-200.83,8393,-201.03,29.925,-5.6754,3.8023,-1.4443
8418.5,-204.26,8420.4,-205.54,31.495,-6.4191,3.6439,-1.4503
8446.9,-207.18,8448.8,-209.01,32.518,-6.079,3.2622,-1.0992
8478.5,-209.43,8479.4,-211.26,33.628,-4.8013,2.8673,-0.48335
8512.2,-211.52,8512.6,-212.72,35.331,-3.1494,2.6923,0.17892
8547.7,-212.59,8547.9,-213.17,37.069,-1.2166,2.5217,0.83435
8584.1,-213.16,8584.5,-212.94,38.565,0.61086,2.3088,1.3532
8621.6,-211.84,8622.3,-211.34,39.807,2.5792,2.0647,1.8059
8659.1,-208.3,8660.4,-208.13,40.498,4.3605,1.736,2.0239
8696.3,-202.52,8698.2,-203.06,40.496,5.9292,1.2883,2.0122
8735.8,-196.59,8736.5,-196.2,39.949,8.1859,0.64938,2.3104
8773.9,-190.3,8774.5,-189.4,39.061,9.0863,0.037963,2.065
8812.9,-183.51,8812.7,-182.14,38.216,9.7429,-0.46392,1.8142
8850.5,-176.36,8850.3,-174.86,37.235,9.7967,-0.87129,1.406
8887.6,-168.36,8887.4,-167.27,36.444,9.5496,-1.0766,0.94409
8922.8,-159.14,8923,-158.87,35.127,9.3605,-1.358,0.53904
8955.8,-150.08,8956.5,-150.16,33.303,9.0957,-1.6754,0.17534
8987,-142.04,8987.6,-141.97,30.853,8.4839,-2.1171,-0.20354
9014.7,-133.8,9015.4,-133.85,27.497,7.9924,-2.732,-0.44158
9038.6,-123.14,9039.3,-124.08,23.294,8.5264,-3.4686,-0.31274
9059.4,-113.15,9059.6,-113.75,18.817,9.3628,-4.1295,-0.058149
9078.1,-105.55,9077.3,-104.95,14.813,9.1971,-4.5078,-0.10537
9095.3,-101.19,9093.5,-99.394,12.002,7.2588,-4.4042,-0.66129
9108.2,-99.384,9106.8,-97.363,9.4316,3.8409,-4.1582,-1.5811
9112.3,-100.44,9113.1,-98.775,4.8007,-0.39474,-4.4824,-2.5808
9114.2,-101.65,9114.9,-101.67,0.036431,-4.0618,-4.7438,-3.2504
9116.9,-102.35,9115.6,-104.33,-3.2403,-6.1876,-4.5593,-3.3395
9121.7,-100.67,9118.1,-104.53,-3.6563,-5.8195,-3.5708,-2.6416
9123.5,-99.649,9120.2,-103.33,-3.1028,-4.0677,-2.4252,-1.5731
9124.3,-99.14,9122.1,-101.53,-1.8925,-1.7736,-1.2362,-0.43947
9124.3,-99.14,9123.4,-99.674,-0.55771,0.54461,-0.19208,0.59555
9124.3,-99.14,9124.4,-98.034,0.69727,2.475,0.62699,1.3778
9124.3,-99.14,9125.2,-97.116,1.8751,3.3478,1.2579,1.6491
9124.3,-99.14,9125.8,-97.242,2.6781,2.809,1.6115,1.2994
9124.3,-99.14,9126,-97.969,2.7662,1.5682,1.5845,0.68094
9117,-96.522,9120.6,-97.071,-0.52003,1.1905,0.47093,0.34289
9105.8,-91.481,9109.5,-93.32,-6.3806,2.3933,-1.3319,0.52365
9089.6,-89.495,9092.7,-89.899,-13.59,3.312,-3.2346,0.67531
9075.9,-85.982,9075.9,-85.718,-18.195,4.5786,-3.9895,0.97181
9062.2,-82.468,9059.7,-81.504,-20.554,5.4638,-3.9375,1.117
9047.6,-79.464,9043.9,-78.003,-21.399,5.4666,-3.4318,0.94508
9032.5,-75.599,9028.6,-74.7,-20.988,4.8776,-2.5965,0.54004
9019.7,-71.577,9016,-71.247,-18.169,4.2789,-1.0639,0.17133
9006.4,-66.693,9004.5,-67.079,-14.583,4.065,0.54212,-0.035205
8995.7,-62.513,8995.2,-62.889,-10.303,3.9066,2.1103,-0.16835
8987.7,-56.804,8988.1,-57.62,-6.0206,4.3864,3.3503,-0.072176
8974.5,-54.151,8978,-53.734,-5.003,4.1633,3.3292,-0.13468
8967.9,-48.794,8969.7,-48.845,-4.3815,4.6037,2.9559,0.026041
8962.6,-43.788,8963,-43.694,-3.9962,5.0942,2.3999,0.18606
8957.3,-38.783,8957.7,-38.751,-3.2166,5.1077,2.0753,0.12972
8951.5,-38.747,8952.6,-37.29,-2.8025,3.1402,1.7291,-0.50187
8947.9,-38.554,8948.8,-37.26,-1.9032,1.0881,1.6161,-1.0154
8944.3,-38.36,8945.1,-38.078,-1.835,-0.9185,1.2072,-1.4647
8939.1,-35.585,8940.4,-37.163,-2.6782,-1.323,0.59619,-1.3771
8935.4,-33.161,8936,-35.119,-3.3234,-0.67399,0.15308,-0.94993
8932.5,-30.228,8932.4,-32.048,-3.5118,0.63609,-0.068777,-0.36607
8928.7,-27.804,8928.6,-28.713,-3.9598,2.0228,-0.32752,0.18859
8925.8,-24.871,8925.3,-25.068,-3.9394,3.329,-0.37039,0.64034
8921.6,-21.586,8921.3,-21.119,-4.4226,4.5177,-0.54855,0.99199
8917.8,-19.162,8917.4,-17.938,-4.6811,4.8203,-0.60352,0.99303
8914.4,-15.369,8914.3,-14.255,-3.9228,5.2136,-0.22791,1.0044
8910.1,-12.084,8910.2,-11.255,-4.1935,4.6025,-0.28878,0.6068
8907.2,-9.1509,8906.7,-8.7693,-4.1014,3.5457,-0.24778,0.088744
8903,-5.8664,8902.9,-6.1581,-4.1365,2.6937,-0.22015,-0.29784
8900.1,-2.9332,8899.7,-3.1158,-3.7224,2.6565,-0.054564,-0.28086
8897.2,-4.2089e-13,8896.7,-0.059443,-3.4125,2.7439,0.027882,-0.20268
