0,0,NaN,NaN,NaN,NaN,NaN,NaN
62.914,2.6143,NaN,NaN,NaN,NaN,NaN,NaN
134.32,3.8809,NaN,NaN,NaN,NaN,NaN,NaN
214.23,3.7999,NaN,NaN,NaN,NaN,NaN,NaN
302.61,5.1995,NaN,NaN,NaN,NaN,NaN,NaN
400.18,7.3782,NaN,NaN,NaN,NaN,NaN,NaN
506.24,8.2092,NaN,NaN,NaN,NaN,NaN,NaN
621.49,9.8193,NaN,NaN,NaN,NaN,NaN,NaN
746.68,5.8502,NaN,NaN,NaN,NaN,NaN,NaN
882.52,-2.9853,NaN,NaN,NaN,NaN,NaN,NaN
1028.3,-15.986,NaN,NaN,NaN,NaN,NaN,NaN
1184,-33.151,NaN,NaN,NaN,NaN,NaN,NaN
1348.9,-52.366,NaN,NaN,NaN,NaN,NaN,NaN
1521.6,-72.227,NaN,NaN,NaN,NaN,NaN,NaN
1701.4,-94.86,1703.8,-98.603,188.52,-30.421,9.9313,-5.4744
1892.5,-120.23,1893.8,-123.88,196.44,-31.924,9.3858,-4.7427
2092.2,-151.2,2092.7,-152.71,204.32,-33.332,8.8769,-3.9188
2298.9,-184.93,2299.3,-184.84,211.73,-34.776,8.3187,-3.1283
2514.9,-223.55,2514.6,-221.95,219.4,-37.609,7.9383,-2.8764
2731.6,-262.86,2733.4,-261.94,224.75,-40.69,7.0224,-2.8292
2946.8,-297.95,2951.5,-300.08,226.33,-41.586,5.2566,-2.2857
3162,-330.2,3167.7,-334.77,224.54,-40.09,2.8447,-1.2529
3377.2,-356.8,3381.8,-362.79,220.38,-34.665,0.14494,0.7863
3593.1,-381.28,3594.9,-385.61,215.4,-27.165,-2.3482,3.1803
3808.9,-400.09,3807.7,-402.37,210.83,-18.086,-4.2385,5.6827
4024,-415.38,4020.5,-414.56,207.38,-9.185,-5.3395,7.7073
4234.8,-427.87,4231.3,-424.16,204.41,-2.3344,-5.8581,8.6541
4440.7,-436.86,4438.6,-431.9,201.49,1.8784,-5.9662,8.4137
4643,-448.01,4642.1,-441.46,198.61,2.0298,-5.7808,6.7939
4841.1,-459.18,4840.9,-453.13,194.86,-0.9734,-5.768,4.2956
5039.9,-471.06,5038.2,-466.59,192.09,-5.5831,-5.4362,1.6331
5237.9,-482.24,5234.9,-480.44,190.38,-10.152,-4.8589,-0.61602
5433.9,-492.72,5430.1,-493.23,188.97,-13.059,-4.3289,-1.8926
5627,-503.23,5624,-505.07,188.37,-14.51,-3.5269,-2.3971
5811.7,-512.39,5812.1,-515.33,186.24,-14.507,-3.1257,-2.291
5991.4,-525.12,5994,-526.72,182.34,-14.535,-3.2374,-2.0395
6166.2,-542.85,6169.5,-542.17,176.8,-16.258,-3.8321,-2.1994
6337.5,-565.55,6339.6,-562.95,170.33,-19.823,-4.7032,-2.7553
6505.3,-591.81,6505.3,-589.16,163.76,-25.163,-5.5705,-3.7575
6669.5,-618.81,6667.5,-618.25,157.88,-30.387,-6.139,-4.6095
6830.3,-647.96,6827.1,-649.53,153.63,-34.958,-6.0562,-5.1597
6984.7,-676.45,6982.6,-680.57,150.09,-37.533,-5.6056,-5.0383
7135.5,-704.26,7134.4,-709.54,147.34,-37.005,-4.8545,-3.8847
7279.3,-732.12,7280.3,-736.73,143.88,-34.342,-4.3175,-2.1453
7416.7,-760.75,7419,-763.14,138.46,-30.762,-4.4894,-0.28188
7547,-789.42,7549.6,-789.51,131.03,-27.43,-5.3184,1.2409
7670.3,-818.16,7672.1,-816.47,122.1,-25.192,-6.5439,2.1298
7786.5,-846.95,7787,-844.46,112.63,-24.508,-7.7744,2.2657
7895.6,-872.96,7895.1,-871.76,103.95,-24.475,-8.4756,1.9595
7996.9,-895.5,7995.9,-896.13,95.683,-23.414,-8.8513,1.8785
8092.5,-913.85,8090.8,-915.89,88.569,-20.436,-8.7355,2.3339
8179.6,-928.01,8178.3,-930.36,81.625,-15.536,-8.5008,3.3019
8258.1,-938.01,8257.7,-939.63,74.339,-9.3817,-8.3352,4.5083
8328.9,-944.52,8328.9,-944.68,66.687,-3.1469,-8.2734,5.5315
8392.6,-949.68,8392.4,-947.51,58.985,1.8924,-8.2341,6.0283
8451.3,-954.17,8450.2,-950.16,52.354,4.4566,-7.8805,5.6185
8503.7,-958,8502,-953.44,46.224,4.5369,-7.4674,4.4091
8552.5,-961.16,8550.1,-957.32,41.739,2.8527,-6.6282,2.7532
8594.2,-964.36,8592.7,-961.84,37.577,0.14411,-5.8049,0.99542
8629.6,-965.5,8629.3,-965.3,33.236,-2.0586,-5.1461,-0.35306
8659.3,-965.27,8660,-966.86,28.548,-2.9214,-4.7092,-1.022
8685.4,-964.36,8686,-966.53,24.104,-2.3811,-4.329,-1.031
8704.5,-963.5,8705.8,-965.22,18.881,-1.2253,-4.2919,-0.72805
8719.4,-962.68,8720.3,-963.5,13.449,0.062103,-4.4001,-0.32725
8727.2,-966.15,8728.1,-964.73,7.0217,-0.43289,-4.8675,-0.42899
8730.7,-965.42,8730.9,-965.09,0.92505,-0.51138,-5.1904,-0.42182
8732.8,-964.69,8731.4,-965.04,-3.3447,-0.58213,-4.9364,-0.45362
8737,-961.83,8733.4,-963.33,-4.214,0.04167,-3.7337,-0.31762
8741.3,-961.8,8737.2,-962.43,-2.3957,0.12817,-1.916,-0.32118
8743.4,-961.07,8741,-961.5,0.12084,0.2906,-0.17836,-0.26664
8744.8,-961.06,8744.4,-961,2.6349,0.30264,1.2607,-0.22408
8744.8,-961.06,8746.3,-960.74,3.9645,0.2939,2.0221,-0.16439
8744.8,-961.06,8747.4,-960.61,4.6158,0.29817,2.371,-0.093031
8744.8,-961.06,8747.6,-960.81,4.4849,-0.0071928,2.3002,-0.16303
8745.5,-960.35,8747.7,-960.71,3.7935,-0.23031,1.9083,-0.24021
8745.5,-960.35,8746.9,-960.83,2.2935,-0.57009,1.181,-0.35194
8745.5,-960.35,8746,-960.91,0.96172,-0.73537,0.56418,-0.37924
8746.2,-959.64,8745.8,-960.29,0.2468,-0.28153,0.20371,-0.17912
8747.6,-958.21,8747.1,-958.48,0.85814,1.0936,0.3758,0.34805
8747.6,-956.8,8748.1,-956.77,1.5451,1.824,0.61926,0.53899
8747.6,-953.97,8748.6,-954.14,1.7859,2.7176,0.68574,0.71695
8746.8,-950.44,8748,-950.78,0.9712,3.5001,0.34854,0.78371
8746.8,-946.2,8747.2,-946.32,0.083131,4.6918,-0.010268,0.99127
8748.2,-937.7,8747.6,-938.79,0.030473,6.9525,-0.071486,1.436
8752.3,-930.6,8750.7,-930.6,1.3889,8.845,0.28353,1.7211
8757.9,-919.24,8756.2,-919.64,3.8376,11.391,0.93587,2.1205
8761.4,-908.61,8761.4,-908.01,5.5129,13.28,1.2969,2.2545
8763.4,-895.16,8765,-894.61,5.8202,15.116,1.2126,2.3107
8766.8,-878.86,8768.4,-878.79,5.5881,17.186,0.94123,2.3746
8768.8,-859.76,8770.6,-860.01,4.5596,19.793,0.46175,2.5666
8773.6,-842.04,8773.9,-841.04,4.0434,21.328,0.14501,2.4182
8777.7,-822.21,8777.3,-821.13,3.4559,22.339,-0.18234,2.109
8781.8,-802.38,8780.9,-801.06,2.9844,22.598,-0.43099,1.6138
8784.4,-779.73,8784,-779.27,2.524,23.206,-0.57072,1.2868
8787,-754.25,8786.8,-754.87,2.255,24.555,-0.57675,1.2106
8788.9,-728.07,8789.2,-728.69,2.1173,26.193,-0.47539,1.2604
8788.7,-699.79,8789.8,-700.45,1.2362,28.181,-0.57684,1.4251
8787.8,-670.8,8788.8,-671.13,-0.3057,29.745,-0.88521,1.4277
8786.9,-643.23,8786.9,-642.17,-2.1317,30.595,-1.3034,1.3025
8784.5,-614.26,8783.9,-613.17,-3.9836,30.735,-1.678,0.95947
8781.5,-587.41,8780.6,-585.5,-5.0874,29.957,-1.7038,0.45324
8777.8,-562.69,8776.9,-560.49,-5.5633,27.55,-1.4726,-0.4767
8773.3,-540.1,8772.6,-538.41,-5.8437,23.823,-1.1946,-1.6836
8769.6,-521.04,8768.9,-519.98,-5.3611,19.033,-0.7017,-3.0073
8764.6,-503.4,8764.3,-503.58,-5.3811,14.854,-0.46796,-3.8524
8757.4,-490.72,8758,-491.03,-6.0462,10.331,-0.44788,-4.5704
8755.1,-474.48,8754.1,-477.26,-5.2369,8.4806,-0.05406,-4.308
8748.7,-463.92,8748.9,-465.99,-5.1157,6.7131,0.098375,-3.9604
8741.5,-454.08,8742.3,-456.07,-5.7516,5.5758,-0.018413,-3.4158
8735.8,-447.05,8736,-448.17,-6.0752,4.6117,-0.055324,-2.826
8732.9,-438.59,8732,-440.18,-5.0318,4.6106,0.30065,-2.0504
8732.2,-433.64,8730.6,-434.09,-2.8614,4.2733,0.90728,-1.4727
8727.2,-424.49,8727.6,-426,-2.0929,5.5629,1.0268,-0.54406
8726.4,-420.96,8726.4,-420.65,-0.68197,5.3073,1.2947,-0.25341
8721.4,-413.22,8723.2,-413.84,-0.8621,6.0662,1.0642,0.22776
8721.4,-410.39,8721.9,-409.42,-0.28334,5.5496,1.0332,0.24742
8717.1,-403.36,8718.6,-403.52,-1.0734,5.962,0.5988,0.47012
8716.4,-399.83,8716.5,-398.95,-1.4316,5.7301,0.29375,0.47476
8715.6,-396.3,8715.3,-395.26,-1.3121,5.0658,0.18594,0.31439
8715.6,-393.47,8715,-392.35,-0.74486,4.2499,0.24291,0.12924
8713.5,-388.54,8713.4,-388.93,-1.3371,3.4949,-0.087485,-0.14397
8709.9,-380.78,8710.7,-382.47,-1.9474,4.811,-0.25017,0.26878
8709.8,-376.54,8709.7,-376.83,-1.4422,5.4916,-0.043863,0.46435
8706.2,-368.79,8707,-369.31,-1.9998,7.1139,-0.1814,0.92219
8703.3,-356.09,8703.6,-357.79,-3.0675,10.232,-0.51025,1.6862
8697.6,-344.82,8698.1,-345,-5.0421,13.255,-1.0628,2.3451
8696,-330.69,8694.8,-330.59,-4.9878,15.75,-0.88784,2.6475
8696.6,-314.42,8694.1,-313.74,-3.6828,18.709,-0.41742,3.0666
8698.6,-296.72,8696.3,-295.78,-0.65222,20.628,0.58585,2.996
8696.3,-280.48,8696.5,-278.2,0.52713,21.442,0.89425,2.6345
8696.2,-264.92,8697.3,-262.37,1.9124,20.133,1.2789,1.5926
8696.1,-247.95,8697.5,-246.26,2.1903,18.902,1.1875,0.74491
8696.7,-231.68,8697.8,-230.64,2.0844,17.334,0.93776,-0.07314
8696.6,-217.54,8697.5,-216.6,1.348,15.165,0.49124,-0.90306
8696.4,-203.4,8697.1,-203.46,0.61137,12.885,0.1188,-1.6381
8695.7,-192.8,8696,-192.8,-0.38269,10.016,-0.27671,-2.3701
8695.6,-188.56,8695,-186.92,-1.4321,6.1072,-0.68508,-3.1046
8696.3,-183.6,8695.2,-183.29,-1.2252,2.2834,-0.5728,-3.6962
8697.6,-169.45,8696.5,-174.12,-0.25092,2.6464,-0.19893,-3.0328
8699,-165.2,8698.6,-167.36,1.2996,2.7077,0.37285,-2.3762
8703.9,-157.38,8702.8,-159.72,3.2527,3.7478,0.88993,-1.5132
8703.8,-151.72,8704.7,-152.88,3.2872,4.5822,0.75201,-0.81467
8705.8,-139.69,8706.6,-142.13,3.049,7.5689,0.52326,0.37717
8712.1,-131.86,8711.6,-131.88,4.6289,9.9645,0.88915,1.2721
8715.6,-124.05,8716,-122.47,5.2016,11.301,0.87491,1.6903
8718.4,-116.96,8719.4,-114.66,4.8949,11.007,0.59439,1.4534
8719.1,-112,8720.6,-109.34,3.2907,9.0128,-0.038307,0.66121
8726.1,-102.05,8725.1,-102.03,3.5985,8.132,-0.053582,0.20262
8729.5,-95.658,8729.1,-95.825,3.6553,6.6621,-0.10296,-0.39273
8733.7,-89.968,8733.5,-90.082,3.9363,5.6163,-0.040979,-0.6881
8736.5,-87.118,8736.9,-86.04,3.6926,4.5354,-0.12026,-0.80372
8742.9,-79.29,8742.1,-80.134,4.4155,4.6161,0.080079,-0.63178
8745.7,-76.439,8746,-76.818,4.2822,2.9767,0.025252,-1.0822
8754.1,-67.888,8752.9,-69.609,5.6205,4.6328,0.37525,-0.34026
8759,-62.899,8758.8,-63.335,6.027,5.4704,0.39248,0.046677
8765.3,-56.486,8765.6,-56.547,7.0698,6.5191,0.68122,0.44967
8771.6,-51.486,8772.2,-51.142,7.4073,6.1488,0.66172,0.26672
8778.7,-47.188,8778.7,-46.321,7.2008,5.7797,0.39733,0.16892
8782.2,-46.454,8783.4,-44.468,6.1867,3.9312,0.0081223,-0.34145
8785.7,-45.719,8787,-44.169,4.8411,1.7354,-0.39661,-0.88835
8794.2,-39.996,8793.3,-41.145,5.2632,1.5294,-0.2449,-0.81899
8801.9,-34.985,8800.3,-37.232,5.5412,1.6123,-0.25166,-0.76333
8804.7,-33.549,8805.1,-34.402,4.9606,1.5986,-0.38772,-0.62913
8807.5,-32.112,8808.4,-32.213,3.8407,1.6066,-0.63381,-0.44459
8816,-26.389,8814.8,-27.349,4.8066,3.3518,-0.2335,0.25378
8818.8,-24.953,8819.1,-24.389,4.3937,3.5468,-0.29334,0.35513
8825.8,-19.241,8825.3,-19.244,5.3191,5.0516,0.077404,0.85051
8827.9,-17.103,8828.7,-16.149,4.2603,4.6232,-0.24718,0.59743
8833.5,-11.402,8833.4,-11.412,4.3471,5.1067,-0.15859,0.6357
8834.9,-9.9768,8835.7,-8.9801,3.1458,3.9844,-0.46876,0.16095
8836.3,-8.5515,8836.9,-7.6575,1.6409,2.4987,-0.82827,-0.34489
8838.4,-6.4136,8838.2,-6.2549,0.64856,1.4963,-0.9847,-0.6163
8840.6,-4.2758,8840,-4.3604,0.67517,1.3556,-0.74461,-0.52126
8842,-2.8505,8841.6,-2.9091,0.63967,1.0592,-0.56645,-0.49395
8842.7,-2.1379,8842.1,-2.5216,-0.12388,-0.002964,-0.71139,-0.77799
8843.4,-1.4253,8842.7,-2.103,-0.37986,-0.55787,-0.64565,-0.83176
8844.1,-0.71263,8843.8,-1.2061,0.30583,-0.22916,-0.20618,-0.52512
8844.1,-0.71263,8844.4,-0.73844,0.61197,-0.026394,0.044889,-0.28744
8844.8,-8.5032e-13,8844.7,-0.31574,0.35728,-0.023048,-0.014113,-0.20499
8844.8,-8.5032e-13,8845,0.15218,0.51988,0.3305,0.11871,0.027416
8844.8,-8.5032e-13,8844.8,0.044015,0.04465,0.045355,-0.041607,-0.042265
8844.8,-8.5032e-13,8844.8,0.087797,0.078676,0.079918,0.020319,0.02064
8844.8,-8.5032e-13,8844.6,-0.18794,-0.2751,-0.27945,-0.10426,-0.10591
