0,0,NaN,NaN,NaN,NaN,NaN,NaN
43.012,-5.9135,NaN,NaN,NaN,NaN,NaN,NaN
94.085,-11.703,NaN,NaN,NaN,NaN,NaN,NaN
152.36,-17.878,NaN,NaN,NaN,NaN,NaN,NaN
217.32,-23.578,NaN,NaN,NaN,NaN,NaN,NaN
291.72,-29.505,NaN,NaN,NaN,NaN,NaN,NaN
374.37,-31.708,NaN,NaN,NaN,NaN,NaN,NaN
468.18,-33.12,NaN,NaN,NaN,NaN,NaN,NaN
570.23,-30.806,NaN,NaN,NaN,NaN,NaN,NaN
680.7,-27,NaN,NaN,NaN,NaN,NaN,NaN
798.56,-19.978,NaN,NaN,NaN,NaN,NaN,NaN
920.38,-11.779,NaN,NaN,NaN,NaN,NaN,NaN
1050.8,-4.3163,NaN,NaN,NaN,NaN,NaN,NaN
1190.1,3.7794,NaN,NaN,NaN,NaN,NaN,NaN
1334.7,6.8704,1335.4,11.263,149.02,10.709,6.8248,1.3129
1489.6,10.244,1488.4,13.469,155.54,6.6298,6.4491,-0.37577
1651.8,11.001,1649.9,12.88,162.93,1.6938,6.4262,-2.0693
1822.5,13.252,1820.4,12.389,171.52,-1.9328,6.849,-3.0894
1998.3,24.39,1997.8,18.737,180.04,-0.68628,7.3072,-2.4862
2177.9,33.106,2179.7,28.013,186.87,2.6114,7.2594,-1.1974
2361.5,42.998,2364.7,39.484,191.65,6.793,6.6377,0.26816
2547.1,49.449,2551,49.693,193.58,9.7848,5.2066,1.3016
2736.6,51.245,2739.3,55.197,194.07,9.5012,3.5275,1.2383
2930.6,53.359,2931,57.786,194.43,7.3771,2.0382,0.56798
3126.3,56.491,3125.4,59.059,194.93,4.3999,0.90197,-0.42003
3325.1,60.291,3323.4,60.322,196.6,1.6743,0.45594,-1.31
3524.9,62.37,3523.3,60.97,198.37,-0.78553,0.24,-2.0149
3725.2,63.589,3724.4,61.255,199.91,-2.5841,0.12981,-2.382
3925,65.668,3925.4,63.005,200.96,-2.2372,0.062746,-1.8876
4126.4,70.996,4126.8,67.964,201.32,0.48832,-0.17447,-0.65911
4327.3,77.185,4327.7,75.568,200.93,4.7643,-0.56932,0.97765
4528.3,86.974,4528.1,86.145,199.91,9.5394,-1.1022,2.464
4727.9,99.345,4727.5,98.782,198.43,13.3,-1.6379,3.2092
4921.6,111.75,4922.6,112.54,195.22,16.223,-2.4928,3.5437
5112.2,129.32,5113.5,129.5,190.89,19.215,-3.4566,3.7143
5301,148.1,5301.5,148.91,186.63,22.225,-4.1617,3.8582
5488,165.86,5487.3,168.45,182.78,24.059,-4.5925,3.6646
5673.2,184.83,5671.2,187.78,179.62,24.342,-4.7192,2.9575
5856.8,200.56,5854.1,204.19,177.61,22.012,-4.4049,1.5148
6036.1,213.73,6034.1,217.08,175.55,17.638,-4.0738,-0.3485
6211.4,225.73,6210.6,227.68,173.25,12.894,-3.7634,-1.9989
6379.2,242.58,6380.7,240.85,169.25,10.744,-3.8966,-2.6019
6545.8,257.54,6547,254.78,165.19,9.9304,-4.0112,-2.6219
6708.5,271.33,6709.2,268.67,160.63,9.784,-4.2976,-2.3404
6866.4,283.43,6866.6,281.85,155.53,10.011,-4.7298,-1.8498
7026.6,287.63,7023.8,289.28,152.36,7.6956,-4.6111,-2.0668
7175.8,288.81,7174.9,291.62,147.95,3.733,-4.7877,-2.6807
7321.6,287.95,7321.4,290.21,143.82,-0.76588,-4.7245,-3.347
7460.6,286.61,7461.8,286.55,138.85,-5.2241,-4.8334,-4.0113
7594.4,284.45,7596,282.15,133.07,-8.445,-5.1462,-4.2378
7724.2,281.11,7725,277.58,127.13,-10.087,-5.4903,-3.9197
7851.8,277.62,7850.7,273.56,122.04,-10.099,-5.5926,-3.113
7974.2,271.06,7972.4,268.8,117.27,-9.1255,-5.6103,-1.9628
8089.9,264.03,8088.7,263.56,112.39,-7.5162,-5.5913,-0.68476
8199.5,255.67,8199.2,256.89,107.29,-6.4989,-5.5603,0.2213
8303.2,247.34,8303.9,248.7,102.26,-6.8127,-5.3987,0.41489
8399.3,238.03,8401,239.24,95.83,-7.8386,-5.6765,0.25719
8489.6,228.75,8491.2,229.07,88.802,-9.2437,-6.0985,-0.1162
8573.4,216.76,8574.4,217.05,81.176,-11.273,-6.6726,-0.65817
8652.8,204.46,8651.7,204.65,73.397,-12.435,-7.3352,-0.77738
8727.3,190.47,8725.1,190.95,67.658,-13.61,-7.1768,-0.84959
8796.8,177.03,8794.3,177.07,62.986,-14.306,-6.6837,-0.77189
8860.1,164.48,8858.6,163.78,59.048,-14.355,-5.9314,-0.54889
8918.8,151.61,8918.2,150.79,55.567,-14.056,-5.1042,-0.27348
8971.7,138.78,8972.2,138.08,51.527,-13.528,-4.5836,0.018263
9018.5,124.61,9019.6,124.62,46.235,-13.421,-4.5929,0.13764
9062.1,109.77,9062.5,110.49,41.1,-13.457,-4.6278,0.2303
9098.5,95.324,9099.3,96.048,35.375,-13.639,-4.8526,0.23948
9129.5,82.279,9130.1,82.413,29.244,-13.377,-5.194,0.34385
9157.2,70.796,9156.8,70.164,23.773,-12.6,-5.3212,0.52615
9182.6,61.386,9180.9,60.093,19.941,-10.982,-4.9336,0.89194
9202.9,52.519,9201.6,51.464,16.753,-9.1344,-4.3886,1.2529
9222.4,43.143,9220.7,43.294,15.053,-7.471,-3.4797,1.5501
9236.4,35.171,9236,35.88,13.008,-6.0169,-2.8187,1.7329
9246.6,23.792,9247.3,26.348,10.387,-6.2177,-2.4592,1.4246
9261.4,18.56,9259.9,19.224,9.9724,-5.6404,-1.6079,1.2892
9269,11.483,9269.3,12.038,8.8414,-5.7225,-1.1073,0.92281
9279.1,8.1646,9278.7,7.2672,8.5003,-4.9075,-0.55095,0.82658
9281.5,6.0924,9283.4,4.6639,6.3317,-3.3969,-0.63246,0.94727
9283.4,4.8808,9285.3,3.8734,3.6328,-1.3359,-0.92449,1.2698
9288,2.9671,9287.7,3.3553,2.0978,0.31578,-0.95494,1.4891
9290.4,0.89494,9289.9,2.4202,1.4051,1.126,-0.72282,1.452
9292.8,-1.1772,9292.2,0.76872,1.4238,0.94886,-0.32623,1.1032
9294.7,-2.3888,9294.3,-1.0418,1.5921,0.2189,0.014745,0.58375
9295.2,-3.2493,9295.4,-2.8632,1.4008,-0.8291,0.16402,-0.011759
9295.7,-4.1098,9296.2,-4.5101,1.3766,-1.7503,0.33575,-0.48286
9297.1,-4.4609,9297.2,-5.4606,1.5266,-2.044,0.47489,-0.65431
9297.9,-3.9515,9298.5,-5.3087,2.0632,-1.5484,0.73653,-0.51419
9297.9,-3.9515,9299.1,-4.5071,2.0689,-0.38042,0.77028,-0.07179
9297.9,-3.9515,9298.6,-4.0786,0.9345,0.11674,0.30726,0.072078
9298.8,-3.4421,9298.8,-3.1719,0.6642,0.92164,0.19538,0.33854
9298.8,-3.4421,9298.6,-2.9244,-0.00046958,0.89387,-0.069999,0.26459
9298.8,-3.4421,9299,-3.0474,0.33904,0.47906,0.11986,0.05706
9298.8,-3.4421,9299.1,-3.3553,0.50693,-0.065135,0.21562,-0.17452
9298.8,-3.4421,9298.9,-3.5759,0.18999,-0.38888,0.08693,-0.28639
9298.8,-3.4421,9298.9,-3.6886,0.093243,-0.50822,0.056661,-0.30113
9298.8,-3.4421,9298.8,-3.7012,-0.036233,-0.46905,0.0076898,-0.24929
9298.8,-3.4421,9298.7,-3.6924,-0.059097,-0.40221,0.0030628,-0.19375
9298.8,-3.4421,9298.8,-3.6212,0.091982,-0.26021,0.070486,-0.11371
9298.8,-3.4421,9298.9,-3.5003,0.15638,-0.068507,0.093154,-0.020807
9298.8,-3.4421,9298.8,-3.4296,0.059511,0.03523,0.043156,0.025548
9298.8,-3.4421,9298.8,-3.4366,0.038922,0.023042,0.029713,0.01759
9298.8,-3.4421,9298.9,-3.4018,0.11372,0.067325,0.058854,0.034842
9298.8,-3.4421,9298.9,-3.3944,0.11928,0.070615,0.056243,0.033296
9298.8,-3.4421,9298.8,-3.4421,0,0,-6.8212e-13,1.6653e-16
9298.3,-2.5815,9298.5,-2.863,-0.1755,0.29645,-0.048279,0.081552
9298.3,-2.5815,9298.3,-2.5413,-0.23214,0.39213,-0.058386,0.098626
9297.8,-1.721,9297.8,-1.8262,-0.38525,0.65076,-0.092542,0.15632
9297.8,-1.721,9297.6,-1.4921,-0.37425,0.63217,-0.075995,0.12837
9297.3,-0.86052,9297.3,-0.83633,-0.44215,0.74688,-0.080422,0.13585
9297.3,-0.86052,9297.1,-0.59111,-0.35003,0.59127,-0.03829,0.064679
9297.3,-0.86052,9297.1,-0.60039,-0.18098,0.30572,0.022026,-0.037207
9296.8,1.1653e-12,9296.9,-0.1586,-0.17544,0.29636,0.030597,-0.051685
9296.8,1.1653e-12,9296.8,-0.0050619,-0.085796,0.14493,0.058944,-0.099568
9296.8,1.1653e-12,9296.8,-0.00056243,0.019572,-0.033061,0.084922,-0.14345
9296.8,1.1653e-12,9296.8,-0.045275,0.096523,-0.16304,0.09535,-0.16106
