0,0,NaN,NaN,NaN,NaN,NaN,NaN
39.566,-10.793,NaN,NaN,NaN,NaN,NaN,NaN
85.955,-23.447,NaN,NaN,NaN,NaN,NaN,NaN
136.81,-35.854,NaN,NaN,NaN,NaN,NaN,NaN
193.99,-49.252,NaN,NaN,NaN,NaN,NaN,NaN
255.26,-63.768,NaN,NaN,NaN,NaN,NaN,NaN
322.36,-78.408,NaN,NaN,NaN,NaN,NaN,NaN
395.17,-90.939,NaN,NaN,NaN,NaN,NaN,NaN
472.94,-104.09,NaN,NaN,NaN,NaN,NaN,NaN
559.14,-115.88,NaN,NaN,NaN,NaN,NaN,NaN
653.78,-126.3,NaN,NaN,NaN,NaN,NaN,NaN
756.98,-137.6,NaN,NaN,NaN,NaN,NaN,NaN
866,-149.01,NaN,NaN,NaN,NaN,NaN,NaN
982.22,-160.93,NaN,NaN,NaN,NaN,NaN,NaN
1101.7,-174.45,1104.2,-172.43,128.3,-10.367,8.3666,0.53831
1225.6,-187.73,1229.3,-186.44,133.1,-12.161,7.6503,-0.14942
1354.4,-201.63,1357.9,-201.1,136.17,-13.939,6.4327,-0.73378
1482.6,-210.2,1486.6,-212.4,136.54,-13.597,4.5887,-0.65204
1613.4,-219.51,1616.2,-221.87,135.34,-12.125,2.5322,-0.19152
1748.4,-229.93,1748.7,-231,134.64,-10.503,0.97252,0.33332
1886.6,-241.97,1884.8,-241.28,135.1,-9.7265,0.078856,0.58733
2031.3,-259.47,2027.2,-256.29,138.4,-11.7,0.29218,0.012026
2180.4,-274.48,2176.1,-272.26,144.12,-13.802,1.3761,-0.54905
2330.5,-291.24,2328.2,-289.95,149.83,-16.488,2.4318,-1.2615
2482.8,-307.87,2482.6,-308.23,154.7,-18.921,3.1512,-1.8488
2637.3,-324.37,2638.6,-326.13,158.29,-20.315,3.3823,-2.0303
2791.6,-344.47,2794.3,-345.77,159.88,-21.834,2.9818,-2.1535
2947.3,-364.95,2949.9,-366.14,159.73,-22.74,2.0513,-1.9932
3104.8,-386.66,3106.2,-387.23,159.07,-23.032,1.0711,-1.5676
3263.5,-404.28,3263.4,-405.84,158.13,-21.42,0.11501,-0.62633
3424.7,-420.42,3422.8,-422.06,158.03,-18.619,-0.43923,0.51228
3585.8,-434.32,3584,-436.16,159.06,-15.721,-0.40864,1.3719
3746.3,-445.12,3745.5,-446.95,160.15,-11.944,-0.23149,2.3073
3905.8,-454.18,3906.3,-455.11,160.61,-7.9486,-0.16985,3.1348
4060.6,-459.03,4063.1,-459.41,158.9,-3.2452,-0.67982,4.0201
4213.4,-460.4,4216,-459.74,155.14,2.0433,-1.765,4.9492
4364.3,-458.3,4365.7,-457.05,150.46,6.4667,-2.9817,5.3355
4512.9,-456.32,4512.9,-453.58,145.92,9.104,-3.936,5.057
4661.4,-454.35,4659.4,-450.8,142.6,9.3638,-4.352,4.0046
4805.6,-452.62,4803.4,-449.2,139.64,7.7156,-4.4951,2.4683
4946.7,-453.74,4945,-450.12,137.32,4.4655,-4.271,0.73227
5083.8,-453.75,5083.1,-451.83,134.85,1.0586,-4.0043,-0.77719
5211.9,-446.19,5213.8,-448.5,130.13,0.9272,-4.3353,-1.0842
5336.9,-439.25,5338.9,-442.7,124.46,2.0125,-4.8818,-0.94708
5455.6,-431.32,5457.2,-434.54,117.43,4.3298,-5.782,-0.34461
5568.1,-424.63,5568.9,-426.01,109.64,6.5556,-6.7702,0.27395
5680.1,-425.13,5677.9,-422.47,103.57,5.8123,-7.1199,0.061131
5788.4,-423.15,5784.6,-420.37,99.385,4.4653,-6.8045,-0.27674
5890,-421.55,5887.3,-419.63,96.15,2.4047,-6.0789,-0.84473
5985.3,-418.95,5984.4,-418.95,92.639,0.47137,-5.424,-1.3839
6076.1,-416.6,6076.3,-418.21,88.901,-1.1583,-4.8788,-1.8144
6158.8,-414.24,6160.8,-416.78,83.534,-1.7592,-4.8832,-1.8346
6235.7,-411.77,6237.8,-414.41,76.61,-1.2132,-5.4313,-1.4242
6307.6,-408.67,6308.7,-410.68,69.403,0.61892,-6.0336,-0.56835
6371.5,-405.57,6372,-405.93,61.233,3.2967,-6.8768,0.55369
6431.8,-402.23,6430.5,-401.22,54.018,5.3598,-7.3217,1.3097
6486.4,-400.99,6484.4,-399,48.328,4.8958,-7.1385,1.0406
6536.5,-400,6534.2,-398.2,43.717,3.3833,-6.6192,0.41997
6583,-398.76,6580.8,-398.14,40.758,1.4093,-5.5953,-0.33936
6626.5,-400.38,6624.9,-399.85,39.029,-0.96865,-4.3199,-1.0745
6666,-400.88,6665.1,-401.02,36.922,-1.9137,-3.4344,-1.1602
6702.3,-401.99,6702,-402.63,34.739,-2.7892,-2.7697,-1.2299
6736.6,-405.47,6736.5,-405.67,32.97,-3.8931,-2.128,-1.3117
6767.6,-407.33,6768.1,-408.29,30.996,-4.285,-1.7072,-1.1714
6797.7,-409.69,6797.8,-410.68,29.197,-4.0997,-1.4058,-0.84774
6824.7,-412.67,6825.3,-413.23,27.427,-3.7328,-1.1743,-0.49092
6849.9,-414.41,6850.5,-415.04,25.48,-2.8747,-1.1006,-0.047155
6874.2,-416.64,6874.4,-416.86,23.785,-2.1655,-1.0337,0.26799
6895.8,-418.13,6896.4,-418.26,22.196,-1.4318,-0.94285,0.51354
6917.4,-419.62,6917.5,-419.52,20.881,-0.88565,-0.85489,0.63818
6937.6,-420.74,6937.7,-420.41,19.95,-0.26939,-0.68117,0.76525
6959.2,-422.23,6958.6,-421.6,19.994,-0.13362,-0.28869,0.70033
6980.3,-422.85,6979.7,-422.51,20.455,-0.082844,0.13142,0.58148
7003.1,-422.48,7002.2,-422.43,21.731,0.44826,0.68254,0.62872
7026.8,-421.61,7026.2,-421.8,23.671,0.88603,1.3311,0.59831
7052.2,-419.75,7051.9,-420.12,26.067,1.6824,1.9775,0.67949
7079.9,-417.77,7079.8,-417.75,28.784,2.6672,2.5597,0.83813
7109.3,-414.79,7109.7,-414.76,31.574,3.4708,3.0241,0.88624
7142.5,-408.47,7142.6,-409.2,34.665,5.2707,3.406,1.2063
7178.9,-401.52,7178.9,-401.96,38.221,7.335,3.8114,1.5596
7217.8,-393.09,7218.2,-393.26,41.713,9.3064,4.0729,1.8031
7258,-382.8,7259.2,-382.77,44.421,11.407,4.0116,2.0361
7301.3,-371.89,7302.6,-371.35,46.98,13.018,3.8863,2.0641
7346.7,-358.62,7348.1,-358.2,49.01,14.667,3.5696,2.0717
7395.7,-345.6,7396.5,-344.63,51.257,15.648,3.3305,1.8702
7447.3,-331.09,7447.6,-330.17,53.426,16.404,3.0569,1.6215
7500.2,-316.95,7500.8,-315.84,55.379,16.392,2.772,1.1664
7554.6,-303.18,7555.3,-302.09,56.779,15.635,2.3649,0.5501
7610.8,-290.66,7611.4,-289.54,58.039,14.142,1.9993,-0.17239
7667.4,-279,7668.3,-278.19,58.813,12.231,1.5738,-0.88098
7726.9,-268.09,7727.1,-267.75,59.841,10.392,1.3006,-1.4074
7788.1,-258.42,7787.9,-258.46,61.223,8.5391,1.1958,-1.8133
7851.5,-246.39,7850.8,-248.09,62.793,7.8119,1.153,-1.8312
7918.1,-235.98,7916.7,-237.63,65.116,7.7381,1.3425,-1.5756
7985.6,-225.07,7984.7,-226.66,67.591,8.3462,1.5923,-1.1038
8054.4,-214.53,8054.3,-215.57,70.079,9.1999,1.8678,-0.58913
8122.9,-205.35,8124,-205.3,71.53,9.7001,1.8196,-0.21638
8191.2,-193.95,8193.1,-194.22,71.814,10.505,1.4387,0.15038
8257.9,-183.53,8260.2,-183.3,70.305,11.085,0.55368,0.38908
8323.1,-172.74,8325.1,-172.49,67.492,11.277,-0.60362,0.42183
8387.3,-160.22,8388.4,-160.57,64.242,11.88,-1.7044,0.52904
8447.6,-148.81,8448.4,-148.79,60.163,12.16,-2.8246,0.51355
8506.4,-134.8,8506.1,-135.36,56.226,13.189,-3.6641,0.71011
8563.8,-120.41,8562.6,-120.8,53.236,14.511,-3.9891,0.96942
8617.2,-104.91,8616.1,-105.03,50.233,16.063,-4.1627,1.2621
8667.9,-90.899,8667,-89.848,47.484,16.779,-4.1314,1.2748
8714.7,-78.002,8714.3,-76.305,44.441,16.013,-4.112,0.79386
8756.6,-66.717,8756.8,-64.661,40.471,14.237,-4.3267,0.091394
8793.7,-57.044,8794.3,-55.265,35.734,11.474,-4.6871,-0.82024
8826.3,-47.619,8826.7,-46.966,30.404,8.7891,-5.1511,-1.5706
8854.1,-39.807,8854.1,-39.897,24.829,6.3437,-5.5839,-2.0974
8876.8,-29.141,8876.4,-31.358,19.098,5.4411,-5.9658,-2.1056
8896,-20.46,8894.8,-22.589,14.089,5.4817,-6.0305,-1.738
8914.1,-15.871,8911.5,-16.258,10.809,4.8086,-5.55,-1.5369
8928.3,-12.399,8925.6,-11.974,8.527,3.6549,-4.7947,-1.463
8939.8,-10.415,8937.8,-9.4903,7.33,2.3322,-3.7544,-1.4023
8947.7,-8.1831,8946.9,-7.9493,6.0313,0.96667,-2.8922,-1.4204
8951.3,-8.4313,8951.9,-8.2537,3.8356,-0.81563,-2.4481,-1.5826
8953.2,-9.6718,8954,-10.029,1.5346,-2.7579,-2.1435,-1.8068
8956.3,-9.0518,8955.8,-10.784,0.17246,-3.2926,-1.7207,-1.5864
8958.5,-8.9279,8957.3,-10.866,-0.34354,-2.8484,-1.1857,-1.0809
8959.4,-8.4318,8958.4,-10.01,-0.41411,-1.4802,-0.63872,-0.33133
8959.4,-8.4318,8958.9,-8.9066,-0.26594,0.12048,-0.14038,0.41483
8959.9,-9.3,8959.6,-8.5098,0.3475,1.1074,0.38311,0.85942
8959.9,-9.3,8960.2,-8.1851,1.1429,1.7307,0.86429,1.0748
8959.9,-9.3,8960.9,-8.4531,1.9511,1.3793,1.2508,0.83331
8959.9,-9.3,8961.2,-8.7612,2.3082,0.92817,1.3687,0.5607
8959.9,-9.3,8961,-8.8824,1.9522,0.72175,1.1407,0.4146
8959.9,-9.3,8960.7,-9.056,1.4111,0.43667,0.83313,0.24744
8959.9,-9.3,8960.3,-9.2116,0.77868,0.18776,0.49887,0.11132
8959.9,-9.3,8960.1,-9.38,0.46623,-0.062772,0.32248,-0.013203
8959.9,-9.3,8960.2,-9.2696,0.59388,0.081532,0.34786,0.045058
8959.9,-9.3,8960.3,-9.1149,0.67929,0.27332,0.35351,0.12186
8959.9,-9.3,8960.1,-9.1894,0.38977,0.14305,0.19776,0.055234
8959.9,-9.3,8960,-9.263,0.1428,0.029494,0.073879,0.0024436
8959.9,-9.3,8959.9,-9.3687,0.065563,-0.11475,0.03393,-0.059385
8959.9,-9.3,8959.9,-9.3812,0.068766,-0.12036,0.032424,-0.05675
8960.8,-8.804,8960.5,-8.9662,0.29912,0.1709,0.082287,0.047015
8960.8,-8.804,8960.8,-8.7808,0.39566,0.22606,0.099515,0.056858
8960.8,-8.804,8960.9,-8.7023,0.35751,0.20426,0.075443,0.043105
8962.5,-7.8118,8962.1,-8.0276,0.84045,0.48019,0.19459,0.11118
8963.9,-8.1839,8963.6,-7.9413,1.3583,0.37932,0.30767,0.066642
8966.1,-8.06,8965.8,-7.8913,2.0646,0.25803,0.45458,0.018578
8970.4,-5.5796,8969.7,-6.2702,3.4131,0.95108,0.75357,0.19848
8976.1,-3.4713,8975.4,-4.0134,5.2367,1.7998,1.138,0.40115
8978.4,-3.3474,8979.5,-2.8377,5.649,1.8561,1.0719,0.3589
8985.8,-0.24694,8985.8,-0.39492,6.8855,2.4644,1.2125,0.46421
8988.1,-0.12302,8989.8,0.71067,6.3584,2.1643,0.82859,0.3001
8993.8,1.9853,8994.5,2.2934,6.0482,2.0703,0.52453,0.20142
8996.5,1.2409,8997.7,2.2264,4.7693,1.0697,-0.019676,-0.14049
8997.9,0.86871,8999,1.4761,2.6971,-0.11825,-0.71591,-0.49763
9000.1,0.99263,9000.1,0.79032,0.90497,-1.0107,-1.2365,-0.72814
9003.2,1.6126,9002,0.74891,0.24775,-1.2167,-1.3058,-0.70576
9004.5,1.2404,9003.6,0.53557,-0.15312,-1.2882,-1.2296,-0.61737
9005.4,1.7365,9004.6,0.8685,-0.44877,-0.90452,-1.0975,-0.39289
9005.9,0.86827,9005.5,0.8184,-0.40449,-0.5121,-0.82588,-0.13863
9005.9,0.86827,9005.8,0.9123,-0.41579,-0.092003,-0.5966,0.076516
9005.9,0.86827,9005.8,0.88303,-0.57844,0.02647,-0.47471,0.12513
9005.9,0.86827,9005.6,0.95146,-0.65197,0.19729,-0.35846,0.18294
9006.4,-3.737e-12,9006.1,0.52307,-0.11585,0.12765,-0.048571,0.1764
9006.4,-3.737e-12,9006.1,0.02523,-0.26492,-0.22796,-0.073992,0.017118
9006.4,-3.737e-12,9006.4,-0.091809,0.1325,-0.1781,0.12712,0.029285
9006.4,-3.737e-12,9006.3,-0.24993,0.033844,-0.28183,0.086922,-0.034898
9006.4,-3.737e-12,9006.5,-0.056958,0.32203,0.037204,0.21095,0.087026
