0,0,NaN,NaN,NaN,NaN,NaN,NaN
61.516,2.9615,NaN,NaN,NaN,NaN,NaN,NaN
128.86,6.0573,NaN,NaN,NaN,NaN,NaN,NaN
206.01,8.1781,NaN,NaN,NaN,NaN,NaN,NaN
290.35,10.808,NaN,NaN,NaN,NaN,NaN,NaN
383.62,12.957,NaN,NaN,NaN,NaN,NaN,NaN
487.18,15.001,NaN,NaN,NaN,NaN,NaN,NaN
598.44,18.422,NaN,NaN,NaN,NaN,NaN,NaN
718.25,22.727,NaN,NaN,NaN,NaN,NaN,NaN
839.66,31.872,NaN,NaN,NaN,NaN,NaN,NaN
965.17,42.14,NaN,NaN,NaN,NaN,NaN,NaN
1095.3,54.402,NaN,NaN,NaN,NaN,NaN,NaN
1231.2,66.797,NaN,NaN,NaN,NaN,NaN,NaN
1375.7,80.076,NaN,NaN,NaN,NaN,NaN,NaN
1525.5,92.62,1522.6,95.468,147.24,17.986,3.158,2.5337
1680.7,106.66,1677.4,108.96,153.04,17.366,3.3943,1.7614
1843.1,118.98,1839.9,121.06,160.63,15.487,4.2844,0.6869
2011,126.97,2009.1,129.49,168.74,11.756,5.298,-0.75477
2184.5,138.68,2184.3,138.55,176.92,9.001,6.2711,-1.7155
2362.5,150.16,2364,148.47,183.81,7.5957,6.7039,-2.0648
2542.3,162.88,2545.5,160.23,187.84,7.9745,6.1452,-1.7346
2722.7,178.71,2726.8,175.33,188.72,10.516,4.6541,-0.73369
2905.6,188.58,2908.5,188.31,187.6,11.809,2.7074,-0.12309
3089.7,198.83,3091.3,199.72,186.25,11.918,1.0594,0.030096
3271.8,211.43,3273.1,211.87,183.91,12.367,-0.51613,0.2352
3457.7,220.69,3456.8,222.02,182.74,11.539,-1.4098,0.009917
3643.6,229.95,3641.8,231.06,182.29,10.217,-1.832,-0.35866
3827.8,240.2,3826.1,240.16,181.61,9.0893,-2.147,-0.67053
4016.6,244.37,4013.6,245.49,182.99,6.323,-1.6748,-1.3924
4205,249.92,4202.6,249.75,185.2,3.7089,-0.89924,-1.9879
4392.5,255.95,4391.5,254.63,186.93,2.5918,-0.30675,-1.9821
4582.6,260.51,4581.9,259.52,188.89,2.5599,0.27887,-1.5294
4770.8,261.58,4771.2,261.73,189.62,1.3965,0.40496,-1.4748
4954,262.03,4956.4,262.36,187.7,0.053106,-0.26782,-1.467
5131.5,264.58,5135.4,263.58,182.88,-0.50469,-1.6653,-1.2874
5304,266.49,5307.9,264.97,175.85,-0.67213,-3.4871,-1.0576
5472.6,269.52,5474.8,268.08,167.7,0.83861,-5.3815,-0.26674
5638.3,269.57,5637.8,269.71,160.21,1.4129,-6.7534,0.13182
5799.4,267.62,5797.3,268.88,154.04,0.49697,-7.3855,-0.015706
5956.4,264.55,5953.1,266.26,148.83,-0.9565,-7.547,-0.28941
6110.4,262.09,6106.6,262.9,145.53,-2.544,-6.9336,-0.63388
6260.8,261.61,6257.8,260.7,143.83,-3.1623,-5.7553,-0.70646
6407.6,258.64,6405.6,258.26,142.25,-3.2477,-4.6758,-0.52342
6554.3,255.68,6552.5,255.23,142.02,-3.6362,-3.3212,-0.50337
6698.6,248.37,6697.7,249.13,141.98,-5.4456,-2.1389,-0.89761
6841.8,239.32,6841.1,240.53,141.48,-7.8045,-1.4181,-1.3502
6987.6,226.55,6985.8,228.54,142.24,-10.827,-0.54634,-1.8473
7129.2,210.43,7128.9,212.52,142.6,-14.896,0.068928,-2.5716
7267.1,194.05,7268.9,194.35,141.74,-18.94,0.23155,-3.2511
7396.5,176.79,7401.4,175.26,137.47,-22.005,-0.6391,-3.555
7517.6,163.11,7524.1,158.79,129.27,-22.351,-2.5873,-3.0328
7633.3,150.17,7638.4,145.41,118.83,-19.909,-5.0025,-1.6532
7744.6,137.47,7746.6,134.2,108.35,-15.913,-7.1039,0.094904
7852.3,124.51,7850.6,123.78,99.499,-11.872,-8.388,1.6543
7957.6,109.44,7952.8,111.59,93.574,-9.7474,-8.5256,2.3749
8057.6,95.105,8052.5,98.097,89.997,-9.3856,-7.7513,2.318
8153.9,78.282,8149.7,81.989,88.454,-11.016,-6.2814,1.5752
8242.3,63.678,8241.2,65.535,86.327,-13.185,-5.0531,0.61266
8332.6,44.488,8331.6,46.269,85.904,-16.549,-3.4719,-0.58165
8420.7,25.418,8420.2,25.722,85.765,-19.899,-2.1261,-1.6222
8503.1,8.4471,8504,6.6994,83.527,-21.258,-1.7763,-1.8655
8585,-9.3933,8585.3,-11.4,81.083,-21.123,-1.6792,-1.513
8660.4,-22.408,8661.6,-25.579,77.061,-18.43,-2.1477,-0.40712
8732.7,-34.807,8734,-37.105,72.929,-14.543,-2.5656,0.94746
8803.8,-45.349,8804.4,-46.628,69.704,-10.675,-2.6393,2.046
8870.1,-54.286,8870.9,-54.374,66.16,-7.0648,-2.7951,2.8644
8932.4,-62.115,8933.3,-61.026,62.094,-4.2452,-3.1,3.2677
8990.3,-67.47,8991.2,-66.041,57.34,-1.9148,-3.5977,3.3862
9042,-71.596,9043,-69.833,51.418,-0.2051,-4.3851,3.2417
9090.8,-72.874,9090.9,-71.79,45.973,1.1081,-4.8787,2.8891
9132.8,-73.792,9133.2,-72.741,40.287,1.9148,-5.2959,2.4042
9167.8,-72.986,9169.1,-72.572,34.223,2.2796,-5.6387,1.7956
9203.6,-72.674,9202.3,-71.799,29.192,2.6848,-5.7336,1.3831
9233.8,-70.265,9231.9,-69.791,24.849,3.2431,-5.5888,1.0928
9260.3,-68.109,9258.4,-67.555,21.604,3.4001,-5.0655,0.74255
9281.9,-66.583,9280.6,-65.644,18.272,3.1678,-4.6301,0.38495
9294.2,-63.212,9295.6,-63.221,13.62,2.7594,-4.5252,-0.020789
9296.9,-62.463,9300.6,-62,6.1665,1.7317,-5.2416,-0.49191
9298.8,-61.219,9300.3,-61.169,-1.2424,0.67216,-5.9473,-0.8741
9304.2,-59.721,9301.2,-60.21,-4.9698,0.0024957,-5.5531,-1.0447
9307.4,-58.103,9302.6,-58.905,-6.0801,-0.14682,-4.4707,-0.98676
9308.8,-57.729,9304.2,-58.226,-5.3531,-0.45003,-2.9789,-0.94671
9309.8,-55.99,9306.4,-56.865,-3.0468,-0.15684,-1.1916,-0.71344
9309.8,-55.99,9308.4,-56.342,-0.41047,-0.29561,0.42385,-0.63065
9310.3,-55.121,9310.9,-55.537,2.695,-0.080399,1.9469,-0.433
9310.3,-55.121,9312.9,-55.21,5.0764,-0.090504,2.9565,-0.3268
9310.3,-55.121,9313.4,-55.038,5.3573,-0.046097,2.9285,-0.20478
9309.4,-54.627,9312.5,-54.814,4.1357,-0.064996,2.2717,-0.15792
9307.7,-53.637,9309.8,-54.05,1.5089,0.25898,1.1041,-0.019328
9305.9,-52.648,9306.5,-52.979,-1.1004,0.70655,0.036246,0.1355
9304.2,-51.659,9304,-51.907,-2.2473,0.94895,-0.33957,0.18068
9302.5,-50.67,9302.4,-50.559,-1.9429,1.449,-0.08991,0.33755
9299,-48.691,9299.6,-48.679,-2.2824,2.0197,-0.074741,0.46887
9292,-44.735,9293.5,-45.26,-4.5585,3.1319,-0.69981,0.70815
9285.5,-42.141,9286.2,-41.988,-6.6835,3.7908,-1.1781,0.77649
9277.4,-42.156,9277.7,-40.667,-8.6645,3.192,-1.5181,0.48603
9268.5,-41.675,9268.2,-40.408,-10.395,1.911,-1.7218,-0.0050595
9259.4,-43.428,9258.5,-41.982,-11.432,-0.026229,-1.6699,-0.59586
9252,-40.34,9250.1,-41.327,-11.254,-0.44515,-1.2744,-0.70663
9244,-38.121,9242.2,-39.585,-10.336,-0.020756,-0.68955,-0.52181
9236.5,-37.267,9235.2,-38.106,-8.9242,0.33958,-0.025816,-0.34229
9224,-34.808,9225.2,-35.737,-9.0072,1.187,0.15571,-0.033079
9210.3,-32.724,9212.6,-33.126,-10.363,2.0597,-0.066403,0.25968
9197.1,-27.537,9198.8,-28.346,-12.13,3.9139,-0.44847,0.7986
9183.5,-23.22,9184.1,-23.095,-14.067,5.5601,-0.90197,1.2089
9172.8,-21.751,9171.2,-19.871,-14.643,5.5741,-0.96289,1.0772
9162.6,-19.412,9160.1,-17.672,-13.805,4.6025,-0.58066,0.59727
9153.3,-17.568,9151.1,-16.536,-11.665,2.8398,0.19957,-0.12678
9145.4,-15.349,9143.8,-15.318,-8.9377,1.4843,1.0535,-0.6199
9137.8,-14.494,9137.7,-14.58,-6.0989,0.42815,1.8544,-0.88692
9135.1,-15.243,9134.9,-15.133,-2.3126,-0.87159,2.7801,-1.1448
9132.3,-15.992,9133.4,-16.088,0.71579,-1.7448,3.2808,-1.185
9127,-15.258,9129.9,-16.543,1.1181,-2.2283,2.8307,-1.1681
9123.4,-15.512,9125.9,-16.704,0.29964,-2.0321,1.9746,-0.88859
9121.6,-16.756,9122.6,-17.18,-0.7041,-1.6154,1.102,-0.5152
9119.3,-16.636,9119.9,-17.12,-1.284,-0.88887,0.54286,-0.11874
9119.3,-16.636,9118.9,-16.821,-1.0199,-0.11669,0.33616,0.22462
9119.3,-16.636,9118.7,-16.752,-0.50645,0.13198,0.26317,0.2925
9118.8,-17.505,9118.7,-17.148,-0.069819,0.12581,0.23359,0.2846
9118.8,-17.505,9118.7,-17.125,0.075832,0.45905,0.11968,0.39756
9118.8,-17.505,9118.9,-17.185,0.25322,0.50258,0.073228,0.36483
9118.8,-17.505,9119.1,-17.286,0.3757,0.39694,0.04819,0.26801
9118.8,-17.505,9119.2,-17.469,0.34372,0.14027,-0.0077316,0.11536
9118.8,-17.505,9119.1,-17.507,0.12681,0.07448,-0.1147,0.061182
9118.8,-17.505,9118.6,-17.403,-0.65148,0.19377,-0.44313,0.096136
9118.8,-17.505,9118.2,-17.371,-1.0293,0.20486,-0.5678,0.086139
9118.8,-17.505,9118.4,-17.495,-0.73098,0.0063972,-0.38971,-0.010459
9118.8,-17.505,9118.5,-17.499,-0.46805,-0.0078068,-0.24242,-0.017279
9118.8,-17.505,9118.7,-17.434,-0.27515,0.077015,-0.13842,0.021067
9118.8,-17.505,9118.8,-17.514,-0.022371,-0.039311,-0.017078,-0.03001
9118.8,-17.505,9118.8,-17.573,-0.065366,-0.11486,-0.033828,-0.059442
9118.8,-17.505,9118.8,-17.586,-0.06856,-0.12047,-0.032327,-0.056805
9118.8,-17.505,9118.8,-17.505,-4.5475e-13,0,-2.2737e-13,8.8818e-16
9118.8,-17.505,9118.8,-17.505,-4.5475e-13,0,-2.2737e-13,8.8818e-16
9118.8,-17.505,9118.8,-17.505,-4.5475e-13,0,-2.2737e-13,8.8818e-16
9115.7,-16.89,9116.7,-17.091,-1.0686,0.21176,-0.29398,0.058255
9112.6,-16.275,9113.5,-16.448,-2.4821,0.49187,-0.6495,0.12871
9105.6,-14.551,9107.1,-14.961,-5.1274,1.1271,-1.2954,0.28725
9093.6,-11.223,9095.9,-11.971,-9.4697,2.3566,-2.3164,0.58764
9079.7,-11.372,9081.1,-10.587,-14.338,2.4153,-3.3299,0.52376
9066.8,-9.7824,9065.8,-9.1281,-17.852,2.3705,-3.7912,0.42225
9054.9,-6.4545,9051.7,-6.514,-19.148,2.798,-3.4989,0.44783
9040.9,-8.8359,9037.7,-7.1353,-19.198,1.3533,-2.7999,-0.054349
9029.3,-9.1045,9025.7,-8.2226,-17.268,-0.11296,-1.5589,-0.51291
9016.7,-8.8786,9014.6,-9.052,-14.614,-1.118,-0.2248,-0.78193
9005.9,-9.6419,9004.9,-10.167,-11.379,-1.93,1.0894,-0.93866
8997.1,-6.9287,8997,-8.8892,-7.9406,-1.1301,2.2145,-0.59378
8987.6,-9.5503,8989,-9.6687,-5.7011,-1.3084,2.7298,-0.51233
8980,-8.6954,8981.6,-9.2968,-4.3031,-0.65607,2.7822,-0.18494
8970.5,-11.317,8972.9,-10.622,-4.512,-0.90178,2.2697,-0.13992
8963.8,-10.957,8964.9,-10.963,-5.1164,-0.54443,1.5773,0.052214
8960.2,-11.211,8959.7,-11.28,-4.4205,-0.35831,1.347,0.127
8949.4,-11.974,8951.4,-11.969,-5.4987,-0.52206,0.73672,0.057199
8944.5,-10.371,8945,-10.964,-5.5478,0.38833,0.50028,0.33501
8941,-10.625,8940.3,-10.674,-4.9827,0.50918,0.44112,0.30073
8930.8,-8.2862,8932.1,-9.0358,-6.4622,1.1731,-0.15999,0.39886
8924.9,-8.4206,8925.1,-7.7821,-6.9413,1.8562,-0.34817,0.60272
8918.2,-8.0603,8918,-7.1332,-7.4288,1.8237,-0.51585,0.52089
8915,-9.6785,8913.5,-8.1975,-6.3123,0.72664,-0.16362,0.11931
8910.9,-10.802,8909.8,-9.8888,-5.1014,-0.58579,0.17282,-0.31478
8903.4,-9.9471,8903.9,-10.71,-5.2928,-1.4123,0.077805,-0.61988
8901.1,-9.827,8900.5,-10.704,-4.1288,-1.2044,0.39544,-0.48097
8897.5,-10.081,8897.4,-10.907,-3.1825,-1.2011,0.59954,-0.43999
8893.9,-10.336,8894.4,-10.723,-2.3279,-0.61957,0.77968,-0.15219
8890.3,-10.59,8891,-10.759,-2.347,-0.3523,0.60741,-0.024161
8887.2,-9.9756,8887.5,-10.124,-2.6951,0.32851,0.31671,0.22623
8884.1,-9.3609,8884.7,-9.2198,-2.3538,1.014,0.36909,0.44293
8882.3,-10.605,8882,-9.7487,-2.5835,0.57825,0.12326,0.26033
8878.7,-10.859,8878.6,-10.284,-3.1507,0.19893,-0.16391,0.11328
8876,-11.608,8876.1,-11.422,-2.6917,-0.67226,0.019366,-0.21617
8871.5,-11.368,8872.1,-11.783,-3.3437,-0.80506,-0.1924,-0.25303
8868.8,-12.117,8868.7,-12.397,-3.5357,-0.98079,-0.23949,-0.28234
8865.2,-12.371,8864.9,-12.591,-4.1279,-0.67142,-0.44102,-0.1183
8859.3,-12.506,8859.7,-12.664,-5.0445,-0.36617,-0.64455,0.013211
8852.3,-10.782,8853.2,-11.566,-6.1198,0.35429,-0.79173,0.20475
8843,-8.9375,8843.9,-9.5556,-8.5949,1.4431,-1.3957,0.49392
8834,-8.4572,8834,-8.079,-10.496,2.0061,-1.7134,0.60758
8827,-6.7332,8825.4,-6.2785,-10.974,2.497,-1.5588,0.66915
8818,-6.2528,8816.7,-5.2969,-11.027,2.2791,-1.2598,0.49816
8811,-4.5288,8809.2,-4.1255,-10.056,1.9553,-0.69009,0.27436
8803,-2.3102,8801.9,-2.4208,-8.8751,1.8661,-0.11614,0.13881
8795.9,-0.58621,8795.3,-0.59252,-7.5332,1.9124,0.41173,0.094099
8789.7,0.64318,8789.6,0.77152,-5.8203,1.6043,0.986,-0.055057
8784.9,2.2471,8785,2.2213,-4.1097,1.4216,1.4256,-0.13363
8783,1.0035,8782.8,1.7709,-1.7568,0.28583,1.9382,-0.46173
8781.7,0.62894,8781.7,1.0409,0.022783,-0.58964,2.1071,-0.63805
8779.4,0.74903,8780.4,0.5406,0.83869,-1.0574,1.9337,-0.66914
8778.6,1.2436,8779.6,0.5443,1.4234,-1.0543,1.7043,-0.55775
8777.2,0.86912,8778.6,0.20819,1.4112,-1.223,1.3306,-0.52744
8777.2,0.86912,8778.3,0.15025,1.4901,-1.0517,1.0417,-0.38272
8777.2,0.86912,8778,0.42676,1.1576,-0.4996,0.64066,-0.10593
8776.7,-8.8329e-13,8777.2,0.14265,0.25572,-0.30893,0.1004,0.027427
8776.7,-8.8329e-13,8776.7,0.21618,-0.30714,0.14248,-0.2236,0.23003
8776.7,-8.8329e-13,8776.3,0.22635,-0.82308,0.32777,-0.47951,0.28408
8776.7,-8.8329e-13,8776.2,0.15989,-0.84893,0.30277,-0.48601,0.23578
