0,0,NaN,NaN,NaN,NaN,NaN,NaN
52.381,-6.4176,NaN,NaN,NaN,NaN,NaN,NaN
114.53,-11.608,NaN,NaN,NaN,NaN,NaN,NaN
184.17,-12.789,NaN,NaN,NaN,NaN,NaN,NaN
259.63,-18.866,NaN,NaN,NaN,NaN,NaN,NaN
342.29,-21.891,NaN,NaN,NaN,NaN,NaN,NaN
431.55,-23.778,NaN,NaN,NaN,NaN,NaN,NaN
526.76,-23.282,NaN,NaN,NaN,NaN,NaN,NaN
627.91,-20.402,NaN,NaN,NaN,NaN,NaN,NaN
737.3,-17.92,NaN,NaN,NaN,NaN,NaN,NaN
854.84,-12.676,NaN,NaN,NaN,NaN,NaN,NaN
983.48,-8.6972,NaN,NaN,NaN,NaN,NaN,NaN
1124.8,-4.3583,NaN,NaN,NaN,NaN,NaN,NaN
1274.6,0.53963,NaN,NaN,NaN,NaN,NaN,NaN
1432.9,5.9967,1432.3,6.963,164.39,6.6233,10.946,0.58164
1597.5,14.795,1599.9,14.218,175.16,7.1239,11.486,0.44342
1766.8,25.308,1771.7,23.738,182.39,8.3612,10.799,0.51753
1943.9,37.627,1948.7,35.564,187.51,10.21,9.4628,0.74937
2129,48.591,2132,48.261,191.79,12.418,7.9718,1.2175
2325.4,59.246,2325,60.335,197.25,13.513,6.9457,1.3024
2527,69.413,2525.5,71.408,203.07,13.528,6.2073,1.0616
2731.3,81.874,2730.8,83.02,208.27,13.32,5.535,0.72379
2937.5,93.756,2938.9,94.395,212.16,12.582,4.7664,0.23137
3143.3,100.56,3146.9,102.33,213.59,10.034,3.5473,-0.68846
3357,106.01,3358.9,107.32,215.39,6.3173,2.676,-1.833
3574.2,109.35,3574.5,109.99,217.1,2.5721,1.8956,-2.7397
3791.8,113.65,3791.3,112.55,217.62,0.13185,0.87958,-3.069
4009.5,122.06,4008.8,118.51,217.39,0.70051,-0.12367,-2.4088
4225,130.1,4224.9,126.57,215.94,2.9382,-1.2009,-1.2705
4443.5,134.1,4442.4,132.92,215.52,4.1469,-1.6461,-0.55275
4663,134.66,4661.6,135.87,216.4,3.558,-1.4465,-0.43578
4880.1,133.88,4879.9,135.92,216.63,1.7052,-1.3432,-0.7244
5094.9,132.72,5095.6,134.43,215.36,-0.2704,-1.6518,-1.0101
5304,133.29,5305.7,133.41,210.99,-1.4228,-2.8604,-1.068
5515,133.29,5514.6,132.44,207.13,-2.1972,-3.7288,-1.0623
5725.8,132.33,5723.5,130.87,204.82,-3.1818,-3.9171,-1.1961
5931.1,130.9,5929.8,129.23,202.64,-3.6617,-3.8695,-1.1393
6132.1,128.71,6132.2,127.77,199.99,-3.1722,-3.8038,-0.67593
6323.1,128.46,6325.5,127.71,193.67,-1.554,-4.8217,0.10602
6508,124.86,6510.6,126.15,185.23,-0.71184,-6.2869,0.60157
6690.4,119.93,6690.7,122.21,177.4,-1.5269,-7.309,0.45755
6866.7,115.78,6865.7,116.96,170.24,-3.4554,-7.8875,-0.17269
7033.8,112.31,7033.2,111.92,162.77,-5.0059,-8.3281,-0.67266
7192.3,111.44,7191.9,109.45,154.04,-4.5507,-9.0276,-0.47818
7340,112.8,7340.2,110.25,143.87,-2.0843,-9.955,0.34208
7476.1,113.51,7477,112.29,132.56,0.7049,-10.921,1.1923
7605.5,113.08,7605.2,113.79,122.07,2.5332,-11.377,1.6497
7726.3,112.09,7725.3,114.01,112.77,2.8768,-11.273,1.5483
7838.4,109.59,7836.5,112.29,103.39,1.7962,-11.233,1.0091
7943.2,107.2,7940,109.41,94.774,0.023989,-10.98,0.29568
8036.9,102.91,8034.6,104.6,86.416,-2.6315,-10.584,-0.61512
8123,100.93,8121.1,100.46,78.81,-4.4964,-9.9381,-1.211
8200,99.637,8199.3,97.451,71.967,-5.3676,-9.0132,-1.4515
8267.4,98.077,8268.2,95.76,64.442,-4.7449,-8.4134,-1.0903
8325.9,98.162,8327,96.067,55.539,-2.6702,-8.4293,-0.25345
8375.9,97.687,8376.5,96.957,46.016,-0.44328,-8.7182,0.56951
8421.1,98.658,8419.8,98.796,37.846,1.8118,-8.6289,1.2822
8459,99.738,8456.9,100.62,30.816,3.1678,-8.234,1.5514
8492.5,103.22,8489.7,103.63,25.898,4.2885,-7.2352,1.6052
8518.9,107.77,8517.3,107.92,22.019,5.4274,-6.0141,1.6055
8537.8,111.47,8537.9,112.16,17.429,5.9193,-5.2201,1.3981
8549.2,111.16,8550.8,113.42,11.793,4.4203,-4.8952,0.64743
8552,113.46,8554.9,114.72,4.4778,3.0756,-5.1826,0.042687
8555.3,117.66,8555.5,117.41,-1.4795,2.6257,-5.1925,-0.22435
8561.3,120.05,8557.8,119.93,-3.5548,2.2948,-4.1675,-0.36228
8563.8,121.38,8559.8,121.38,-3.8297,1.3738,-2.8364,-0.65882
8566.3,122.72,8562.7,122.46,-2.1538,0.53738,-1.1501,-0.86344
8567.5,123.39,8565.8,123.1,0.51167,-0.11759,0.58305,-0.93836
8567.5,123.39,8568.2,123.12,3.1048,-0.78374,2.0171,-0.98077
8568.5,123.1,8570.7,122.9,5.4204,-1.0978,3.0557,-0.86182
8568.5,123.1,8571.8,122.72,6.1359,-1.1528,3.2709,-0.68024
8569.4,122.81,8572.5,122.46,5.8896,-1.0751,2.9661,-0.48211
8570.4,122.52,8572.5,121.99,4.5135,-1.2017,2.1481,-0.42033
8570.4,122.52,8571.7,121.75,2.5736,-1.1374,1.1769,-0.32753
8572.3,121.94,8572.2,121.57,1.6716,-0.79175,0.63411,-0.11951
8574.2,121.37,8573.9,121.64,1.9562,-0.020775,0.60343,0.25354
8578.3,121.17,8578,121.48,3.8968,0.22989,1.1662,0.34726
8585.3,120.1,8584.6,120.54,6.3592,-0.20732,1.7245,0.17018
8597.7,119.5,8595.7,119.72,10.07,-0.44248,2.4533,0.082115
8611.6,120.53,8610.3,120.07,14.566,-0.022425,3.3221,0.18576
8628.5,124.81,8628.2,123.22,19.088,1.6975,4.0285,0.62485
8647.1,127.55,8648.2,126.9,23.014,3.3047,4.4333,0.99065
8668.9,130.39,8670.6,130.71,26.4,4.5269,4.5643,1.2048
8691.3,131.97,8693.8,133.43,28.253,4.7113,4.1386,1.0829
8714.7,133.27,8717.4,135.05,28.793,3.9859,3.3278,0.68184
8737.7,133.61,8740.4,135.33,27.742,2.4756,2.1007,0.084108
8761.1,134.91,8762.9,135.51,25.932,1.0398,0.81495,-0.44257
8785.2,134.96,8785.8,134.95,24.275,-0.52428,-0.19834,-0.93748
8806.8,130.52,8807.2,131.28,22.034,-3.1973,-1.1682,-1.631
8827.2,125.4,8827.4,125.7,19.864,-5.9831,-1.8511,-2.2165
8846.5,123.74,8846.4,121.88,17.818,-6.7774,-2.3034,-2.1057
8864.3,120.45,8863.9,118.6,15.794,-6.446,-2.6102,-1.5874
8879,117.07,8878.7,115.65,13.082,-5.5067,-3.0299,-0.91444
8892.4,113.02,8891.8,112.33,10.723,-4.7489,-3.1984,-0.39521
8904.8,109.27,8903.7,108.8,8.8769,-4.2766,-3.1436,-0.086296
8914.4,106.37,8913.5,106.03,7.0867,-3.3132,-3.015,0.32981
8918.2,105.22,8918.7,104.69,3.8682,-1.8156,-3.2781,0.81008
8930.1,99.546,8927.2,101.04,3.8419,-1.8521,-2.5878,0.78681
8932.1,95.806,8931.7,97.075,2.4306,-2.2645,-2.3259,0.5983
8939.3,88.418,8937.6,90.403,2.7293,-4.2041,-1.6087,-0.045391
8942.3,81.229,8941.7,82.258,2.5741,-6.7416,-1.1237,-0.84321
8941.9,72.992,8942.8,73.159,1.1501,-9.0477,-1.0923,-1.4395
8942.7,68.585,8943.1,66.812,0.14195,-8.8599,-0.95765,-1.1502
8943.9,58.813,8943.6,58.441,-0.29282,-9.4243,-0.72213,-1.0641
8945.4,49.998,8944.6,49.373,-0.17708,-10.175,-0.40799,-1.0802
8945,41.761,8944.7,40.874,-0.28314,-10.043,-0.21785,-0.788
8946.8,37.065,8946,35.176,0.48294,-8.1823,0.18753,-0.026341
8945.8,26.913,8946.1,27.432,0.50715,-7.5362,0.29956,0.32669
8945.9,23.752,8946.2,22.877,0.55637,-5.445,0.37111,0.98378
8945.2,14.559,8945.9,15.793,0.64366,-5.3696,0.46493,0.92451
8945.6,12.355,8946.3,11.667,1.1688,-4.159,0.68049,1.0961
8946.2,11.108,8946.2,10.206,0.64851,-1.8239,0.37502,1.5926
8945.1,7.2793,8945.8,7.8589,0.49723,-0.86713,0.3312,1.5798
8945.2,4.1183,8945.1,5.4978,-0.27719,-0.24044,-0.014963,1.5054
8944.6,2.2037,8944.6,3.4335,-0.49459,-0.012289,-0.078095,1.2769
8944.3,1.2464,8944.4,1.9859,-0.20187,0.089059,0.072545,1.001
8944.3,1.2464,8944.3,1.1434,-0.030615,-0.074998,0.13454,0.60697
8944,0.2891,8944.1,0.63028,-0.068829,0.13576,0.1052,0.48219
8944,0.2891,8943.9,0.43916,-0.090264,0.2454,0.07219,0.33668
8944,0.2891,8944,0.32884,0.07024,0.17585,0.11603,0.15504
8945,9.1882e-13,8944.6,-0.079241,0.31098,-0.25793,0.13904,-0.12126
8945,9.1882e-13,8945.1,0.13785,0.65589,0.084019,0.24107,-0.017676
8945,9.1882e-13,8945.3,-0.073785,0.65826,-0.22521,0.21175,-0.18549
