0,0,NaN,NaN,NaN,NaN,NaN,NaN
45.62,7.5369,NaN,NaN,NaN,NaN,NaN,NaN
97.071,15.073,NaN,NaN,NaN,NaN,NaN,NaN
157.44,23.293,NaN,NaN,NaN,NaN,NaN,NaN
227.76,30.482,NaN,NaN,NaN,NaN,NaN,NaN
307.85,38.869,NaN,NaN,NaN,NaN,NaN,NaN
399.09,48.112,NaN,NaN,NaN,NaN,NaN,NaN
500.1,52.723,NaN,NaN,NaN,NaN,NaN,NaN
610.03,58.017,NaN,NaN,NaN,NaN,NaN,NaN
730.42,61.424,NaN,NaN,NaN,NaN,NaN,NaN
861.28,62.941,NaN,NaN,NaN,NaN,NaN,NaN
1001.4,66.515,NaN,NaN,NaN,NaN,NaN,NaN
1149.2,68.887,NaN,NaN,NaN,NaN,NaN,NaN
1304.6,72.286,NaN,NaN,NaN,NaN,NaN,NaN
1468.4,77.227,1470.2,75.002,170.41,1.6191,8.8821,-0.47773
1640.2,82.338,1641.1,80.857,176.58,3.8298,7.8865,0.37768
1822.4,87.79,1821.7,87.427,184.09,6.0571,7.4982,1.1255
2019.2,93.925,2015.9,94.472,194.58,7.906,8.058,1.621
2224.9,97.143,2221.6,99.482,206.38,8.0307,8.9859,1.5131
2437.5,102.25,2436.4,104.03,217.77,7.2953,9.7318,1.0465
2656.4,102.89,2657.8,105.26,227.33,4.5597,9.8699,0.0027468
2876.6,97.357,2881.4,100.96,233.2,-0.37725,8.9486,-1.4748
3106.9,94.396,3110.9,95.342,237.97,-4.9374,7.7954,-2.682
3346,88.517,3347.6,88.041,242.59,-8.8208,6.668,-3.4513
3589,83.839,3589.5,81.423,246.26,-10.698,5.3892,-3.4449
3839.5,80.188,3838.1,76.408,250.46,-10.59,4.4695,-2.8095
4088,74.136,4088.3,71.441,252.91,-9.4877,3.3411,-1.8415
4344.2,72.714,4343.6,69.634,256.23,-6.338,2.7792,-0.38471
4603,72.834,4602.7,70.546,259.81,-2.1201,2.5513,1.1737
4861.1,76.041,4862.7,74.711,262.1,2.8989,2.1544,2.7072
5118.2,86.795,5121,85.029,261.89,9.5559,1.1399,4.3772
5368.8,100.64,5373,99.924,256.96,16.246,-1.1359,5.6816
5621.2,124.94,5622.9,123.4,251.29,24.78,-3.2825,7.1797
5870.9,155.76,5870.4,154.47,245.69,33.66,-4.9807,8.362
6118.6,190.01,6116.4,191.09,241.22,41.992,-5.8946,9.1714
6364.2,227.69,6361.3,231.47,238.6,48.745,-5.8516,9.3639
6605.7,266.4,6603.1,272.24,235.78,51.75,-5.7452,8.2535
6844.9,310.77,6842.4,315.82,233.29,53.398,-5.452,6.7832
7075.9,357.2,7075.6,361.02,229.56,53.325,-5.3865,4.8875
7303,402.43,7303.4,405.67,224.86,51.3,-5.5533,2.6738
7519.4,445.95,7522.2,448.78,218.13,47.974,-6.1185,0.50694
7730.7,486.38,7732.7,488.57,209.35,42.878,-7.2998,-1.7853
7935.3,520.47,7935.7,522.92,199.86,36.171,-8.5346,-4.0004
8127.3,550.45,8127.8,552.08,188.73,28.789,-9.9716,-5.8867
8306.6,574.08,8307.7,574.85,176.01,20.507,-11.51,-7.5929
8470.6,588.45,8473,589.29,161.56,11.172,-13.08,-9.1212
8621.2,595.97,8623,595.37,145.25,0.83198,-14.878,-10.632
8760.6,596.8,8760.3,594.36,129.42,-8.9131,-16.131,-11.586
8888.4,591.8,8885.9,587.82,114.8,-16.78,-16.717,-11.627
9005.3,581.49,9001,576.75,102.04,-22.432,-16.541,-10.794
9106.9,567.75,9103.2,562.74,89.754,-25.493,-16.067,-9.1391
9195,552.98,9192.2,547.46,77.583,-26.319,-15.5,-7.0497
9269.3,538.04,9267.9,532.62,65.724,-24.699,-14.75,-4.5399
9330.3,525.68,9329.9,520.59,53.481,-20.296,-14.174,-1.6075
9377,514.01,9377.8,510.75,40.809,-14.688,-13.739,1.1691
9413.1,504.23,9412.9,503.1,27.849,-8.769,-13.58,3.4965
9438,495.82,9436.3,497.02,15.165,-3.458,-13.483,5.1448
9454.6,489.47,9451.2,492.07,4.7379,0.38452,-12.756,5.8649
9457.9,487.93,9455.3,490.23,-4.9384,3.9045,-11.863,6.1386
9458.9,486.21,9454.9,489.45,-10.772,6.1452,-9.9358,5.8461
9460,484.5,9454.3,488.36,-11.887,6.4868,-6.9532,4.8881
9464.2,481.24,9457.3,485.51,-8.0897,4.7529,-3.1084,3.3676
9464.8,480.38,9460.6,483.07,-2.8975,2.7755,0.44698,1.9326
9465.3,479.52,9464.2,480.98,2.3772,0.97121,3.2923,0.772
9463.6,478.5,9466.3,479.06,6.3415,-0.54255,5.1473,-0.083888
9454.1,472.84,9461.7,474.2,5.6907,-3.2949,5.1348,-1.093
9436.1,462.04,9446.9,464.37,-0.68463,-7.8885,3.1807,-2.4029
9418.1,451.24,9426.4,452.03,-9.2775,-12.559,0.54221,-3.515
9398.4,439.41,9402.5,438.51,-17.929,-16.156,-1.9496,-4.0661
9377.8,427.06,9377.2,424.74,-25.14,-18.253,-3.7971,-4.0109
9358.1,415.23,9353.6,411.94,-28.854,-18.437,-4.3117,-3.3115
9338.2,405.63,9332.3,401.56,-28.862,-16.531,-3.4849,-2.0573
9318.8,395.18,9314.3,391.99,-24.996,-14.141,-1.32,-0.8345
9301.5,387.12,9299,384.81,-19.49,-10.459,1.0947,0.64013
9283.6,379.92,9284.1,379.29,-14.732,-6.4517,2.8897,2.0127
9266.1,374.09,9268.6,375.08,-11.996,-2.7631,3.634,3.0539
9250.5,367.06,9253.4,369.67,-10.359,-1.3353,3.77,3.1246
9233.4,362.61,9236.5,364.69,-11.223,-0.95061,2.9105,2.7017
9215.2,359.87,9217.8,360.8,-13.746,-0.97,1.541,2.0809
9199.1,353.7,9200,355.46,-15.332,-2.0648,0.65631,1.2618
9180,350.44,9181.3,351.27,-16.862,-2.4774,0.019522,0.78864
9163.6,342.9,9163.4,344.56,-17.809,-4.394,-0.3855,-0.043494
9146.3,334.84,9145.7,336.22,-18.28,-6.7794,-0.54744,-0.85916
9127.7,330.73,9127.5,329.87,-18.751,-7.5293,-0.63369,-1.0689
9111.3,323.19,9110.3,322.57,-18.439,-8.4296,-0.46548,-1.2404
9092.6,315.47,9092.5,314.7,-18.355,-9.2552,-0.33544,-1.3355
9072.7,305.87,9073.3,305.66,-18.873,-10.089,-0.38021,-1.3361
9053.6,296.79,9053.8,296.26,-19.452,-10.723,-0.46591,-1.2704
9033.4,285.82,9033.7,285.68,-20.137,-11.511,-0.55472,-1.2226
9014.5,274.5,9014.1,274.36,-20.366,-12.224,-0.52163,-1.1426
8996.5,263.7,8995.3,263.27,-20.094,-12.297,-0.37955,-0.86275
8976.8,251.87,8976.3,251.43,-19.77,-12.723,-0.18897,-0.77376
8957.9,240.56,8957.6,239.7,-19.171,-12.908,0.075525,-0.65749
8942.5,225.47,8941.3,225.96,-17.578,-13.686,0.54835,-0.66014
8928.3,206.43,8927.3,208.16,-14.989,-16.348,1.2773,-1.23
8914.5,186.54,8914.2,188.23,-12.821,-18.986,1.7191,-1.6431
8899.3,169.22,8900.5,168.88,-11.734,-20.504,1.7805,-1.72
8886.2,152.08,8887.4,150.11,-10.925,-21.335,1.7066,-1.6714
8872.3,134.41,8873.7,132.23,-11.25,-20.903,1.2349,-1.1927
8859.3,117.27,8860.3,115.27,-11.587,-19.67,0.82831,-0.52281
8846.9,102.86,8847.4,100.86,-11.825,-16.961,0.50203,0.51398
8832.5,91.891,8833.3,89.935,-12.914,-12.936,-0.028939,1.764
8820.7,82.461,8820.3,81.777,-13.202,-8.3731,-0.23577,2.9915
8807.5,73.374,8807.1,74.551,-13.67,-4.8228,-0.45426,3.6821
8795.8,61.715,8794.9,65.161,-13.399,-4.0499,-0.39041,3.3567
8782.3,51.256,8782.3,54.688,-13.061,-4.9775,-0.21685,2.4489
8768.6,43.027,8769,44.722,-13.075,-6.3695,-0.15328,1.3998
8755.7,35.312,8755.7,35.797,-13.333,-7.2331,-0.22487,0.66696
8743.7,28.111,8743.1,27.979,-13.24,-7.3826,-0.20246,0.3115
8731.7,20.911,8731,20.592,-12.853,-7.414,-0.084826,0.073957
8720.5,14.224,8719.9,13.558,-11.892,-7.4911,0.21903,-0.14556
8710.2,8.0524,8709.6,7.3263,-10.857,-7.0516,0.47294,-0.11748
8700.3,3.2524,8700.1,2.5794,-9.6582,-5.7359,0.75655,0.24223
8692.4,0.85298,8692,0.071229,-8.1394,-3.5129,1.064,0.84628
8688.8,1.0252,8687.5,0.029135,-5.3428,-0.8192,1.6641,1.4561
8686.1,1.7117,8685.4,1.1942,-2.0861,1.3742,2.3261,1.7685
8683.8,1.5407,8684.2,2.1285,0.27066,2.4842,2.5664,1.6967
8679,-0.17336,8681.3,1.6598,0.78937,2.2676,2.2375,1.2632
8675.9,-0.85875,8678.1,1.0478,0.28092,1.8625,1.5854,0.87236
8673.2,-0.17221,8674.9,0.8422,-0.48505,1.3367,0.94856,0.45454
8672.3,-0.68654,8672.8,-0.099052,-0.92463,0.1317,0.4698,-0.14359
8671,-0.34327,8670.9,-0.72201,-1.507,-0.81167,0.0078791,-0.58146
8670.1,-0.85759,8669.4,-1.541,-1.8765,-1.623,-0.30932,-0.87948
8670.1,-0.85759,8669,-1.8658,-1.5888,-1.7802,-0.3354,-0.87873
8670.1,-0.85759,8669.2,-1.7419,-0.93402,-1.3824,-0.18719,-0.64483
8670.1,-0.85759,8669.8,-1.2993,-0.079593,-0.63495,0.066321,-0.28141
8670.1,-0.85759,8670.5,-0.84371,0.7443,0.038336,0.32452,0.022265
8670.1,-0.85759,8670.8,-0.66421,1.0024,0.27054,0.3544,0.11449
8669.6,1.118e-12,8670.2,-0.22777,0.27431,0.34633,0.012116,0.088232
8669.6,1.118e-12,8669.6,-0.08776,-0.46521,0.18973,-0.30652,-0.0062583
8669.6,1.118e-12,8669.1,0.037025,-0.9173,0.15169,-0.47741,-0.023365
8669.6,1.118e-12,8669.2,0.21547,-0.73078,0.27586,-0.36091,0.041837
8669.6,1.118e-12,8669.2,0.19158,-0.55362,0.17424,-0.26008,0.0089663
