0,0,NaN,NaN,NaN,NaN,NaN,NaN
53.037,0.25496,NaN,NaN,NaN,NaN,NaN,NaN
114.07,0.85001,NaN,NaN,NaN,NaN,NaN,NaN
182.05,2.7418,NaN,NaN,NaN,NaN,NaN,NaN
256.98,5.9302,NaN,NaN,NaN,NaN,NaN,NaN
339.91,9.4587,NaN,NaN,NaN,NaN,NaN,NaN
427.7,16.197,NaN,NaN,NaN,NaN,NaN,NaN
523.19,30.269,NaN,NaN,NaN,NaN,NaN,NaN
629.71,43.81,NaN,NaN,NaN,NaN,NaN,NaN
743.26,56.649,NaN,NaN,NaN,NaN,NaN,NaN
869.98,66.044,NaN,NaN,NaN,NaN,NaN,NaN
1006.4,81.86,NaN,NaN,NaN,NaN,NaN,NaN
1151.2,90.022,NaN,NaN,NaN,NaN,NaN,NaN
1300,98.355,NaN,NaN,NaN,NaN,NaN,NaN
1455.8,105.99,1459.8,106.99,166.72,6.9216,10.08,-2.1307
1615.6,114.79,1620.7,113.24,171.16,4.0734,8.7025,-2.9023
1784.4,122.97,1787.4,120.14,174.76,2.7453,7.1638,-3.009
1967.2,130.75,1965.6,127.71,180.86,2.8247,6.4891,-2.5518
2157,138.83,2153.7,136.32,188.52,4.2845,6.3921,-1.6127
2349.9,147.03,2348,145.76,195.74,6.5794,6.3061,-0.45239
2547,149.41,2547.3,151.2,202.42,6.4165,6.2687,-0.16898
2747.2,148.92,2749.6,151.78,207.49,3.3614,5.8928,-0.90034
2956.4,146.82,2958,149.16,212.58,-0.57777,5.5702,-1.8145
3170.6,147.92,3171.8,147.41,217.51,-2.9405,5.2721,-2.1821
3386.8,148.11,3388,146.24,220.33,-3.9945,4.3129,-2.0968
3604,148.35,3605.2,145.32,221.11,-4.612,2.8786,-1.9736
3818.1,149.45,3820.3,146.6,219.19,-2.8403,0.9457,-0.99009
4037.3,149.77,4037.6,148.29,218.17,-0.70805,-0.29874,0.014876
4258.3,155.17,4257.2,153.53,218.25,3.1,-0.88026,1.3617
4478.7,149.53,4477.9,152.85,218.96,2.9408,-0.97313,1.3738
4696,147.77,4696.4,150.96,217.99,1.8822,-1.4611,1.0262
4907.4,142.75,4909,145.97,213.54,-0.99586,-2.9102,0.086316
5119.8,136.78,5119.7,138.56,209.2,-4.9515,-4.0454,-1.1615
5332.3,130.8,5330.4,130.34,206.58,-8.5268,-4.3499,-2.1777
5539.7,124.62,5538.4,122.77,204.1,-10.228,-4.3895,-2.3817
5743.2,118.26,5742.8,116,201.19,-10.33,-4.4085,-1.9727
5940.7,110.65,5941.1,109.12,196.24,-9.748,-5.0209,-1.3275
6137.2,103,6136.2,101.97,191.56,-9.1168,-5.4467,-0.76264
6331.6,96.259,6329.4,95.61,188.12,-7.7676,-5.3692,-0.035155
6519.1,89.222,6518.1,89.335,184.52,-6.5067,-5.207,0.54842
6701.5,82.972,6701.8,83.313,180.74,-5.5312,-4.9758,0.89274
6872.9,78.253,6875.4,78.23,173.44,-4.5696,-5.822,1.0921
7037.3,72.237,7039.8,72.366,164.04,-4.7732,-7.1823,0.80411
7198.7,67.092,7198.6,67.664,155.33,-3.8546,-8.1444,1.015
7353.1,60.65,7351.7,61.664,147.67,-4.2969,-8.5519,0.70508
7498.5,52.827,7497.6,54.385,140.33,-5.3006,-8.6471,0.30546
7631.9,46.492,7632.4,47.232,130.81,-6.1417,-9.3189,-0.016341
7755.4,38.733,7756.1,39.216,119.82,-7.3589,-10.276,-0.42095
7868.8,31.548,7869.4,31.245,108.58,-8.2908,-11.036,-0.6926
7974.1,26.021,7973.7,24.661,98.066,-8.1737,-11.369,-0.60883
8073.4,20.238,8071.4,18.973,89.488,-7.3345,-11.002,-0.26898
8164.7,16.114,8161.7,14.85,81.651,-5.6966,-10.485,0.28231
8247,11.608,8244.1,11.191,74.077,-4.1418,-9.9585,0.74508
8322.2,7.8023,8319.6,8.0853,67.59,-2.6771,-9.1168,1.1205
8388.4,4.6136,8387.1,5.2925,61.23,-1.6509,-8.2989,1.2708
8445.4,5.0386,8446.1,4.7531,54.919,-0.11043,-7.4666,1.4669
8494.5,5.1235,8496.3,5.1867,47.678,1.3009,-7.0766,1.5807
8535.8,-1.1263,8537.2,1.4611,39.045,-0.17665,-7.3294,0.8322
8569.8,-0.67997,8570.2,-0.15741,30.045,-0.49646,-7.777,0.49158
8596.9,-2.5294,8596,-2.0306,21.606,-1.0044,-8.0426,0.16194
8619,-4.5914,8617,-4.3567,15.071,-1.8339,-7.6728,-0.22516
8636.1,-5.8669,8633.6,-6.1254,10.323,-2.1036,-6.793,-0.35135
8649.1,-7.3125,8646.9,-7.7493,7.3214,-2.2267,-5.492,-0.39921
8659.2,-7.8864,8657.4,-8.7213,5.5558,-1.9918,-4.0493,-0.33206
8660.2,-8.843,8661,-9.412,2.2237,-1.5228,-3.3325,-0.16299
8661.3,-10.799,8661.8,-10.744,-0.49604,-1.4594,-2.649,-0.11734
8664.3,-11.67,8663.1,-11.607,-1.1423,-1.0405,-1.5942,0.054809
8665.4,-12.627,8664,-12.41,-1.0212,-0.6997,-0.60143,0.17595
8665.4,-13.626,8664.6,-13.392,-0.31507,-0.67685,0.33368,0.15479
8665.5,-14.625,8665.3,-14.759,0.85819,-1.1966,1.1892,-0.095478
8665.5,-14.625,8666.1,-15.233,2.0899,-1.04,1.8433,-0.084699
8665.5,-15.624,8666.8,-15.45,3.1506,-0.35674,2.2599,0.19075
8665.5,-15.624,8667.4,-15.83,3.8097,-0.36792,2.4055,0.11258
8665.5,-15.624,8667.7,-15.721,3.9276,0.02231,2.2738,0.20735
8665.5,-15.624,8667.4,-15.51,3.3498,0.3667,1.8399,0.28139
8665.5,-15.624,8666.9,-15.398,2.3372,0.47398,1.2502,0.26006
8665.5,-15.624,8666.2,-15.365,1.1665,0.43917,0.63905,0.19352
8665.5,-15.624,8665.6,-15.48,0.32857,0.20552,0.21984,0.058652
8665.5,-15.624,8665.8,-15.565,0.57906,0.04212,0.30645,-0.025852
8665.5,-15.624,8665.9,-15.573,0.54818,0.007561,0.26648,-0.041589
8665.5,-15.624,8665.6,-15.674,0.14465,-0.13888,0.069726,-0.10122
8665.5,-15.624,8665.5,-15.728,0.0085584,-0.20113,0.0050396,-0.11844
8665.5,-15.624,8665.5,-15.728,0.0078158,-0.18368,0.0042465,-0.099798
8666.5,-15.582,8666.2,-15.675,0.34981,-0.11739,0.097593,-0.064303
8666.5,-15.582,8666.5,-15.673,0.46117,-0.11912,0.11729,-0.060428
8667.5,-15.539,8667.4,-15.544,0.75556,0.03215,0.1815,0.0077228
8667.5,-15.539,8667.8,-15.528,0.73398,0.031231,0.14904,0.0063419
8669.5,-15.454,8669.2,-15.467,1.2113,0.051544,0.25241,0.01074
8670.5,-15.412,8670.5,-15.41,1.4859,0.063228,0.28429,0.012097
8671.5,-15.369,8671.7,-15.359,1.5658,0.066625,0.25281,0.010757
8673.5,-15.284,8673.5,-15.286,1.8336,0.078022,0.27053,0.011511
8674.5,-15.242,8674.8,-15.229,1.7694,0.07529,0.19117,0.0081342
8675.5,-15.199,8675.8,-15.185,1.5153,0.064476,0.066269,0.0028198
8676.4,-14.157,8676.7,-14.474,1.1817,0.39509,-0.06445,0.092115
8676.4,-13.158,8676.8,-13.421,0.53063,0.82349,-0.26097,0.19847
8677.4,-12.117,8677.2,-12.197,0.20148,1.2216,-0.33682,0.28221
8677.3,-11.118,8677.2,-10.977,-0.22146,1.4828,-0.41907,0.31331
8678.3,-10.076,8677.7,-9.8061,-0.28741,1.5918,-0.39237,0.29063
8678.2,-9.0769,8678,-8.7465,-0.25161,1.5458,-0.30157,0.22041
8678.2,-8.0778,8678,-7.7953,-0.26794,1.3767,-0.23627,0.11676
8679.1,-6.0371,8678.8,-6.2132,0.1942,1.5095,-0.025715,0.10509
8679.1,-5.038,8679,-4.977,0.23015,1.3913,0.0066022,0.026035
8679,-3.0398,8679.2,-3.268,0.2758,1.5228,0.053501,0.030888
8678.9,-2.0407,8679.2,-1.9486,0.2046,1.4286,0.04724,-0.017112
8678.9,-1.0416,8679,-0.85565,-0.028198,1.2526,-0.03205,-0.072084
8678.9,-1.0416,8678.9,-0.54203,-0.10876,0.74435,-0.047128,-0.20177
8679.9,-0.9991,8679.5,-0.63887,0.1828,0.15125,0.038544,-0.33818
8679.8,-2.0088e-12,8679.8,-0.33064,0.29283,-0.13417,0.068984,-0.38832
8679.8,-2.0088e-12,8680,-0.29296,0.38293,-0.41827,0.10448,-0.41869
8679.8,-2.0088e-12,8680,-0.33432,0.26502,-0.58273,0.055725,-0.39772
8679.8,-2.0088e-12,8680,-0.33311,0.2052,-0.56814,0.039679,-0.31246
8679.8,-2.0088e-12,8679.9,-0.25352,0.014744,-0.40079,-0.031791,-0.18167
