0,0,NaN,NaN,NaN,NaN,NaN,NaN
89.934,-22.266,NaN,NaN,NaN,NaN,NaN,NaN
205.28,-46.643,NaN,NaN,NaN,NaN,NaN,NaN
350.23,-74.658,NaN,NaN,NaN,NaN,NaN,NaN
522.73,-104.13,NaN,NaN,NaN,NaN,NaN,NaN
710.62,-139.69,NaN,NaN,NaN,NaN,NaN,NaN
916.17,-176.44,NaN,NaN,NaN,NaN,NaN,NaN
1137.3,-213.61,NaN,NaN,NaN,NaN,NaN,NaN
1376.1,-250.56,NaN,NaN,NaN,NaN,NaN,NaN
1636.7,-288.81,NaN,NaN,NaN,NaN,NaN,NaN
1915.1,-325.43,NaN,NaN,NaN,NaN,NaN,NaN
2207.7,-361.02,NaN,NaN,NaN,NaN,NaN,NaN
2512.4,-394.82,NaN,NaN,NaN,NaN,NaN,NaN
2827.8,-425.38,NaN,NaN,NaN,NaN,NaN,NaN
3153.7,-455.52,3154.7,-454.75,333.12,-26.565,10.294,3.7182
3487.7,-479.5,3490.3,-479.26,342.44,-22.332,9.3049,4.4343
3820.9,-501.35,3826.8,-500.75,346.29,-18.407,7.0113,4.8235
4154.9,-523.93,4161,-521.76,344.09,-16.075,3.2561,4.6112
4492.4,-545.9,4495,-542.94,339.05,-15.436,-0.77438,3.8482
4828.5,-570.65,4828.5,-566.3,333.52,-16.751,-4.0405,2.6485
5168.2,-590.55,5164.4,-588.31,330.09,-17.968,-5.8752,1.5639
5507.2,-609.73,5502.1,-609.18,328.84,-18.993,-6.3627,0.65063
5845.6,-625.35,5840.5,-626.95,328.94,-18.593,-6.0174,0.28275
6187.7,-636.12,6181.6,-639.49,330.85,-15.636,-4.9941,0.779
6529.8,-644.07,6524.6,-647.46,333.93,-11.095,-3.5622,1.733
6860.7,-650.29,6861,-652.09,333.56,-5.9756,-3.0909,2.8097
7179.5,-658.3,7185.3,-656.88,327.37,-2.4804,-4.2362,3.3242
7482.7,-667.3,7492.2,-663.48,313.77,-1.4547,-7.3402,3.0301
7768.8,-682.91,7778.5,-676.26,292.94,-4.7005,-12.148,1.5137
8040.1,-694.58,8046,-690.81,268.31,-9.4156,-17.358,-0.42429
8290.9,-704.97,8293.4,-704.96,241.95,-13.487,-22.043,-1.9843
8521.9,-717.66,8520.6,-719.5,215.39,-16.729,-25.754,-3.0035
8731.6,-729.76,8727.3,-733.1,189.59,-18.18,-28.288,-3.2163
8921.5,-745.57,8915.1,-747.71,166.49,-18.732,-29.128,-2.8868
9090.1,-762.2,9083.3,-763.53,145.43,-19.098,-28.778,-2.44
9235.3,-780.32,9230.3,-780.5,125.64,-19.123,-27.633,-1.8243
9357.2,-799.93,9354.4,-799.31,105.54,-19.694,-26.449,-1.4467
9455.6,-819.6,9454.1,-819.36,83.551,-20.758,-25.956,-1.3539
9535,-840.87,9532.1,-841.03,61.485,-22.401,-25.601,-1.5211
9595.3,-860.91,9591.1,-862.43,41.318,-23.426,-24.664,-1.5467
9639.4,-878.38,9633.7,-881.27,23.957,-22.421,-23.002,-0.95434
9664.2,-900.28,9659.4,-901.26,8.4685,-21.635,-20.953,-0.41325
9680.1,-916.99,9673.9,-918.05,-2.9464,-18.649,-18.034,0.7869
9697.5,-925.24,9687.2,-928.34,-6.8266,-13.268,-13.515,2.3594
9705.8,-933.96,9697.2,-935.62,-6.2006,-7.9125,-8.3939,3.6275
9702.7,-940.95,9699.9,-940.68,-5.3839,-3.1261,-4.0803,4.5019
9698.3,-946.49,9698.6,-944.65,-3.8731,0.19601,-0.47456,4.7157
9694.6,-952.75,9695.9,-949.11,-1.6708,1.6526,2.3782,4.3097
9694.6,-955.58,9695.4,-952.51,1.9917,2.1868,4.774,3.5694
9693.8,-959.1,9695.8,-956.23,5.6332,1.4232,6.4225,2.4836
9692.3,-960.47,9696,-959.02,8.1905,0.47593,7.167,1.4461
9687.9,-964.6,9693.8,-963.26,8.376,-1.629,6.8203,0.22466
9682.1,-970.1,9688.6,-969.07,6.1154,-4.2828,5.5147,-0.91246
9678.6,-969.29,9683.3,-971.41,3.6835,-4.6279,4.1343,-1.1934
9673.7,-968.45,9677.4,-971.29,1.1251,-3.3565,2.8232,-0.85488
9664.4,-970.32,9668.9,-971.03,-2.0738,-1.5348,1.5702,-0.16881
9660.9,-970.93,9662,-970.9,-4.1279,-0.36771,0.6752,0.20934
9653.8,-972.15,9653.4,-971.83,-7.2956,-0.52207,-0.58744,0.056371
9644.5,-976.85,9644,-975.24,-9.5805,-1.8801,-1.2566,-0.36696
9635.9,-980.86,9635.5,-979.76,-9.7841,-3.5967,-0.99663,-0.84712
9632.3,-980.05,9630.5,-981.45,-7.6389,-3.4616,-0.067358,-0.75043
9629.6,-978.56,9627.9,-980.76,-4.7072,-1.9454,0.92874,-0.23888
9626.7,-979.9,9625.8,-980.94,-2.427,-1.305,1.5044,-0.060418
9625.3,-979.86,9625.1,-980.53,-0.23926,-0.38866,1.937,0.21008
9623.8,-981.23,9624.6,-980.93,1.3411,-0.097845,2.1076,0.27764
9623.8,-981.23,9625.2,-980.58,2.8149,0.80426,2.2189,0.58726
9623.8,-981.23,9625.6,-980.16,3.4599,1.4908,2.0238,0.7842
9623.8,-981.23,9625.5,-980.55,2.8635,0.90324,1.3885,0.42706
9623.8,-981.23,9625.1,-981.07,1.8898,0.15591,0.71881,0.042143
9623.8,-981.23,9624.7,-981.39,0.95901,-0.29317,0.18402,-0.17366
9623.8,-981.23,9623.6,-981.74,-0.65202,-0.7514,-0.56195,-0.37169
9625.3,-979.86,9624.2,-980.82,-0.74084,-0.2363,-0.6456,-0.20521
9625.3,-979.86,9624.8,-979.8,-0.34452,0.64804,-0.45235,0.15762
9625.3,-979.86,9625.3,-979.22,-0.040703,1.0467,-0.2785,0.3155
9626,-979.17,9625.7,-978.97,-0.073082,0.74774,-0.28599,0.14099
9626.7,-978.48,9626.3,-978.61,0.093504,0.4614,-0.21666,-0.020937
9626.7,-978.48,9626.7,-978.35,0.17297,0.35464,-0.1529,-0.054752
9626.7,-978.48,9626.8,-978.39,0.056003,0.053021,-0.16116,-0.15258
9626.7,-978.48,9626.8,-978.4,-0.052567,-0.049768,-0.15976,-0.15125
9626.7,-978.48,9626.7,-978.55,-0.2886,-0.27324,-0.21654,-0.20501
9626.7,-978.48,9626.5,-978.67,-0.40515,-0.38358,-0.2242,-0.21226
9626.7,-978.48,9626.5,-978.7,-0.39113,-0.3703,-0.1831,-0.17335
9626.7,-978.48,9626.5,-978.66,-0.27003,-0.25565,-0.1064,-0.10073
9626.7,-978.48,9626.6,-978.57,-0.09991,-0.09459,-0.020041,-0.018974
9626.7,-978.48,9626.7,-978.49,0.026628,0.02521,0.037266,0.035281
9626.7,-978.48,9626.7,-978.52,-0.017594,-0.016657,0.01403,0.013283
9625.4,-977.03,9625.9,-977.44,-0.34487,0.62229,-0.055571,0.2084
9624.7,-976.31,9625,-976.36,-0.66679,1.0981,-0.12562,0.32724
9623.3,-974.85,9623.5,-974.93,-1.2525,1.5245,-0.28112,0.392
9623.3,-973.44,9622.8,-973.37,-1.2799,1.853,-0.26119,0.41373
9623.4,-972.03,9622.7,-971.75,-0.88059,2.094,-0.10243,0.41274
9622.7,-969.89,9622.5,-969.73,-0.58498,2.3807,0.016901,0.41309
9622.7,-969.89,9622.5,-969.01,-0.15862,1.835,0.16014,0.17422
9622.1,-967.75,9622.3,-967.63,0.023762,1.6431,0.21608,0.051665
9622.1,-966.33,9622.3,-966.33,0.2469,1.4022,0.2664,-0.068813
9622.1,-964.92,9622.4,-965.04,0.39526,1.194,0.27599,-0.1575
9621.5,-962.78,9621.9,-963.21,0.1749,1.3333,0.16614,-0.12442
9620.1,-961.33,9620.7,-961.5,-0.50305,1.4442,-0.072642,-0.082745
9619.5,-959.19,9619.5,-959.39,-1.0539,1.7909,-0.25538,0.035056
9617.5,-955.59,9617.6,-956.13,-1.8316,2.6674,-0.46529,0.28813
9615.5,-950.59,9615.5,-951.43,-2.3544,3.9785,-0.53725,0.60623
9614.2,-946.31,9613.7,-946.41,-2.4931,5.1365,-0.48764,0.85253
9609.4,-938.4,9610,-939.09,-3.4283,7.0086,-0.63765,1.2342
9602.7,-926.9,9603.8,-928.25,-5.439,10.048,-1.0857,1.8703
9595.2,-914.67,9595.9,-915.32,-7.634,13.157,-1.5149,2.4196
9587.1,-903.12,9587.1,-902.22,-9.5311,15.179,-1.7753,2.5579
9579.6,-889.48,9578.5,-888.02,-10.546,16.866,-1.7414,2.5693
9573,-873.74,9571.1,-872.6,-10.304,18.018,-1.3197,2.333
9561.4,-858.57,9561.1,-857.08,-11.064,18.362,-1.2078,1.8736
9552,-841.33,9551.3,-840.52,-11.189,18.573,-0.91774,1.4045
9542.6,-819.85,9542,-820.73,-10.678,19.888,-0.46561,1.2886
9532.6,-797.65,9532.5,-798.67,-10.092,21.794,-0.050394,1.3979
9522,-771.9,9522.4,-773.32,-9.9221,24.633,0.14999,1.7796
9512.2,-742.63,9512.5,-744.16,-9.6337,28.412,0.32524,2.3928
9498.1,-714.65,9499.6,-714.23,-11.072,31.342,-0.068726,2.7187
9484.8,-684.58,9485.6,-683.04,-12.929,33.792,-0.59029,2.8859
9470.1,-653.05,9470.6,-651.24,-14.593,35.057,-0.94274,2.597
9454,-621.49,9454.4,-619.69,-16.241,34.936,-1.2093,1.8627
9433.6,-591.22,9434.8,-589.28,-18.986,33.598,-1.728,0.87476
9419.8,-551.94,9418,-553.49,-19.359,34.923,-1.5196,0.78116
9400.3,-516.74,9399.3,-517.59,-20.348,35.636,-1.5018,0.56036
9380.8,-478.72,9379.9,-479.88,-21.081,36.896,-1.3839,0.57511
9359.9,-442.07,9359.8,-442.01,-21.255,37.996,-1.008,0.65682
9336.8,-406.07,9337.4,-404.96,-22.336,38.233,-0.9762,0.52091
9310.1,-373.51,9311.7,-371.11,-24.707,36.425,-1.3282,-0.18626
9284.8,-342.4,9285.2,-339.94,-26.676,33.497,-1.5487,-1.0967
9260.2,-312.02,9259.2,-310.87,-27.725,29.903,-1.5093,-2.1163
9234.8,-282.32,9233.2,-282.97,-28.206,26.544,-1.3305,-2.9331
9212.3,-251.29,9209.8,-253.84,-26.602,25.187,-0.51867,-2.9603
9190.5,-222.4,9188.2,-225.06,-24.218,24.57,0.3909,-2.6835
9169.3,-195.64,9168.1,-197.38,-21.344,24.291,1.3371,-2.2305
9149.4,-171.76,9149.5,-171.81,-18.269,23.833,2.2124,-1.765
9129.5,-147.87,9131.2,-147.33,-15.828,23.527,2.7617,-1.2752
9111,-128.26,9112.7,-126.98,-15.154,20.97,2.4993,-1.64
9094.5,-109.42,9095.8,-108.44,-14.158,18.59,2.3389,-1.8689
9079.4,-93.445,9080,-92.946,-13.554,15.276,1.9806,-2.4155
9066.3,-79.648,9066.2,-79.833,-12.629,11.952,1.7222,-2.8847
9054.6,-67.302,9054.2,-68.345,-11.189,9.1765,1.6723,-3.104
9043.6,-55.684,9043.8,-57.289,-9.4516,7.7884,1.7818,-2.7988
9033.3,-44.791,9034,-46.462,-8.2644,7.4827,1.7001,-2.1638
9025.1,-34.663,9025.6,-35.943,-7.0138,7.8201,1.6394,-1.4046
9018.2,-27.401,9018.7,-27.39,-5.6567,7.5755,1.6242,-0.92377
9015.5,-24.497,9014.8,-22.951,-3.6854,5.4686,1.7221,-1.1034
9014.1,-21.631,9013.3,-20.431,-1.3385,3.1926,1.9115,-1.3396
9012.8,-18.765,9012.8,-18.584,0.53834,1.4444,1.9532,-1.4262
9011.4,-17.312,9012.4,-17.621,1.5359,0.039358,1.7461,-1.4185
9008,-12.268,9010.3,-14.53,1.0809,0.31167,1.185,-0.99237
9003.9,-7.9106,9006.5,-10.054,-0.66752,1.801,0.32342,-0.232
9002.6,-5.0446,9003.3,-5.9204,-2.0825,3.0572,-0.3594,0.35584
9001.2,-3.5922,9000.7,-2.8483,-3.1027,3.7831,-0.82851,0.7364
9001.2,-3.5922,8999.4,-1.542,-3.2666,3.5293,-0.96794,0.76954
9001.2,-3.5922,8999.2,-1.4537,-2.7001,2.5819,-0.80838,0.53313
9000.5,-2.866,8999.3,-1.6985,-1.7812,1.4069,-0.46703,0.16441
9000.5,-2.866,9000,-2.566,-0.4551,-0.073487,0.025649,-0.323
9001.2,-2.1785,9001.3,-3.0787,0.94789,-1.1157,0.49448,-0.65674
9001.2,-2.1785,9002.1,-3.2939,1.6906,-1.4505,0.69499,-0.67887
9001.2,-2.1785,9002.2,-2.9379,1.3668,-0.8877,0.46227,-0.3352
9001.2,-2.1785,9001.8,-2.4447,0.54709,-0.15357,0.063528,0.035097
9001.2,-2.1785,9001.2,-1.917,-0.30154,0.57217,-0.30035,0.36
9001.2,-2.1785,9000.8,-1.4891,-0.85658,1.103,-0.50393,0.56991
9001.2,-2.1785,9000.8,-1.6743,-0.77405,0.7652,-0.41682,0.38508
9001.2,-2.1785,9001,-1.9745,-0.41745,0.3058,-0.22104,0.16071
9000.6,-1.4524,9000.6,-1.7074,-0.54729,0.24237,-0.21733,0.083818
9000.6,-1.4524,9000.4,-1.4993,-0.46864,0.24612,-0.14915,0.064171
9000.6,-1.4524,9000.3,-1.2935,-0.42438,0.34722,-0.1178,0.10231
8999.9,-0.72618,8999.9,-0.7292,-0.49108,0.5845,-0.10878,0.16512
8999.2,-6.2217e-13,8999.3,-0.040079,-0.53096,0.75305,-0.07793,0.18179
8999.2,-6.2217e-13,8999,0.28116,-0.46302,0.69069,-0.040186,0.13751
8999.2,-6.2217e-13,8998.9,0.26959,-0.35924,0.37945,-0.010394,0.010979
8999.2,-6.2217e-13,8999,0.1787,-0.10941,0.11556,0.071921,-0.075966
8999.2,-6.2217e-13,8999.1,0.03441,0.11456,-0.12101,0.13613,-0.14378
8999.2,-6.2217e-13,8999.3,-0.09801,0.26594,-0.2809,0.16812,-0.17758
8999.2,-6.2217e-13,8999.3,-0.17822,0.32255,-0.34069,0.16289,-0.17205
8999.2,-6.2217e-13,8999.4,-0.1908,0.28675,-0.30288,0.12447,-0.13147
8999.2,-6.2217e-13,8999.3,-0.14524,0.18545,-0.19588,0.065995,-0.069707
8999.2,-6.2217e-13,8999.2,-0.07594,0.07009,-0.074032,0.0096536,-0.010197
8999.2,-6.2217e-13,8999.2,-0.042242,0.016657,-0.017594,-0.013283,0.01403
8999.2,-6.2217e-13,8999.1,0.065261,-0.12196,0.12882,-0.07076,0.074741
8999.2,-6.2217e-13,8999.1,0.1253,-0.18616,0.19663,-0.091957,0.097129
8999.2,-6.2217e-13,8999.1,0.067871,-0.0953,0.10066,-0.044935,0.047463
8999.2,-6.2217e-13,8999.2,-6.2217e-13,-1.3642e-12,2.5244e-29,-4.5475e-13,5.0487e-29
8999.2,-6.2217e-13,8999.2,-6.2217e-13,-1.3642e-12,2.5244e-29,-4.5475e-13,5.0487e-29
8999.2,-6.2217e-13,8999.2,-6.2217e-13,-1.3642e-12,2.5244e-29,-4.5475e-13,5.0487e-29
8999.2,-6.2217e-13,8999.2,-6.2217e-13,-1.3642e-12,2.5244e-29,-4.5475e-13,5.0487e-29
