0,0,NaN,NaN,NaN,NaN,NaN,NaN
38.979,-2.3662,NaN,NaN,NaN,NaN,NaN,NaN
82.949,-5.7793,NaN,NaN,NaN,NaN,NaN,NaN
131.89,-12.239,NaN,NaN,NaN,NaN,NaN,NaN
185.8,-21.746,NaN,NaN,NaN,NaN,NaN,NaN
242.7,-33.281,NaN,NaN,NaN,NaN,NaN,NaN
307.61,-42.891,NaN,NaN,NaN,NaN,NaN,NaN
380.5,-54.576,NaN,NaN,NaN,NaN,NaN,NaN
461.41,-65.337,NaN,NaN,NaN,NaN,NaN,NaN
551.3,-77.181,NaN,NaN,NaN,NaN,NaN,NaN
648.18,-90.092,NaN,NaN,NaN,NaN,NaN,NaN
752.08,-101.07,NaN,NaN,NaN,NaN,NaN,NaN
862.99,-111.11,NaN,NaN,NaN,NaN,NaN,NaN
980.9,-121.22,NaN,NaN,NaN,NaN,NaN,NaN
1104.8,-128.38,1107.7,-128.44,132.11,-6.8542,8.785,1.8237
1232.8,-131.58,1236,-132.59,136.32,-4.0746,7.6227,2.3378
1366.8,-134.84,1369,-135.19,139.57,-1.5609,6.2841,2.6468
1506.8,-137.16,1507.4,-136.53,142.81,0.69364,5.1316,2.835
1652.8,-140.53,1652.1,-138.33,146.87,1.8155,4.4518,2.6772
1808.7,-143.99,1806.1,-141.06,153.65,1.6177,4.7781,2.1213
1973.7,-145.54,1970.1,-143.67,162.57,0.70159,5.7376,1.3241
2142.7,-147.13,2140.9,-146.09,171.47,-0.35399,6.636,0.58287
2314.7,-148.75,2315.7,-148.59,178.68,-1.6258,6.965,-0.13872
2489.7,-150.39,2492.8,-150.83,183.44,-2.4988,6.5208,-0.58515
2663.7,-152.02,2669,-152.71,184.66,-2.8337,5.1116,-0.73184
2844.7,-153.72,2848,-154.47,185.12,-2.9358,3.6039,-0.7424
3032.7,-155.49,3032.5,-156.01,186.58,-2.6488,2.5382,-0.56576
3222.7,-157.28,3220.9,-157.37,188.38,-2.0827,1.7437,-0.27041
3414.7,-159.08,3412.5,-159.02,190.55,-1.8954,1.279,-0.15525
3606.6,-164.88,3605.6,-163.71,192.59,-3.5479,1.041,-0.62664
3798.5,-175.68,3799,-173.2,193.93,-7.2384,0.80392,-1.5902
3999.4,-189.57,3998.1,-187.22,197.57,-12.28,1.3529,-2.7967
4203.3,-199.49,4201.8,-200.33,202.27,-15.223,2.1865,-3.2052
4406.2,-210.39,4406.2,-212.86,205.19,-16.572,2.3333,-3.0505
4607.1,-221.28,4608.7,-224.58,205.34,-16.588,1.5973,-2.4993
4805,-233.14,4807.9,-235.93,202.99,-15.631,0.274,-1.6634
5008.9,-247.06,5009.1,-248.21,201.81,-14.687,-0.50553,-0.8747
5214.8,-259.99,5213.3,-260.34,202.31,-13.387,-0.60952,-0.070591
5419.7,-273.92,5418.6,-273.15,203.6,-12.482,-0.3131,0.49072
5621.5,-287.81,5621.8,-286.56,203.09,-12.123,-0.58726,0.74741
5817.4,-301.65,5819.4,-300.54,199.49,-12.41,-1.7217,0.67245
6014.3,-316.5,6015.2,-315.69,195.85,-13.624,-2.6545,0.22526
6212.2,-331.36,6211.2,-331.4,193.64,-15.108,-2.9616,-0.3123
6404,-345.16,6404.1,-346.04,191.18,-15.418,-3.1331,-0.38282
6590.9,-359.92,6592.2,-360.27,187.46,-14.914,-3.5494,-0.095124
6771.8,-372.62,6773.3,-373.02,180.99,-13.485,-4.7993,0.45408
6949.7,-384.29,6949.6,-384.89,174.2,-12.236,-5.949,0.77711
7128.6,-395.97,7125.7,-396.14,170.15,-11.039,-6.0295,1.0258
7303.5,-405.61,7300.4,-405.95,168.09,-9.5769,-5.3261,1.2775
7471.5,-410.19,7470.6,-411.64,165.86,-6.4998,-4.5981,1.9318
7632.4,-422.7,7633.3,-420.59,161.1,-5.9782,-4.7529,1.8022
7784.3,-431.13,7786.8,-429.36,153.57,-6.0107,-5.7007,1.4552
7932.2,-436.52,7933.7,-436.07,145.61,-5.3722,-6.6315,1.3012
8078.1,-449.89,8077.3,-447.19,139.36,-7.5473,-6.8858,0.35805
8219,-459.22,8217.3,-458.19,134.6,-9.4838,-6.5718,-0.42043
8355,-468.49,8352.7,-468.74,129.9,-10.774,-6.331,-0.88191
8478.9,-479.66,8478.7,-480.1,122.84,-12.083,-6.7941,-1.2393
8593.8,-491.74,8595.3,-492.3,114.51,-13.327,-7.4214,-1.4766
8699.6,-505.73,8702,-505.85,105.16,-14.549,-8.1428,-1.582
8795.5,-520.63,8798.4,-520.72,94.788,-15.889,-8.9647,-1.6747
8885.4,-536.48,8886.3,-536.62,84.38,-17.069,-9.7195,-1.6663
8968.2,-553.26,8966.6,-553.44,74.135,-18.054,-10.427,-1.5702
9044,-569.97,9040.4,-570.75,65.336,-18.903,-10.582,-1.4856
9112.9,-587.62,9108.6,-588.79,58.58,-19.834,-9.9765,-1.4794
9175.7,-603.21,9172,-604.73,54.008,-18.56,-8.6434,-0.69573
9232.6,-618.74,9230.5,-620.19,51.085,-17.353,-6.8547,-0.11964
9283.5,-633.22,9283.1,-634.56,48.036,-15.797,-5.3758,0.44191
9328.3,-646.64,9329.2,-646.98,43.811,-13.004,-4.5971,1.3948
9366.2,-658,9367.9,-658.12,38.038,-10.66,-4.5371,1.9506
9399.1,-668.31,9400.2,-668.02,31.49,-8.6071,-4.8722,2.269
9427.1,-677.57,9427.4,-676.83,25.535,-6.8491,-5.008,2.4096
9451,-686.8,9450.5,-685.46,20.348,-5.9283,-4.9432,2.2328
9470.9,-694.98,9469.9,-693.61,16.172,-5.4526,-4.5987,1.9134
9486.8,-702.13,9486,-701.11,12.928,-5.2696,-4.0129,1.5114
9499.8,-704.26,9499,-705.04,10.185,-3.7111,-3.416,1.5248
9509.8,-706.35,9509.2,-707.07,7.9531,-1.8433,-2.7902,1.6386
9517.7,-713.43,9517.4,-711.73,6.3099,-2.0771,-2.1243,1.1736
9519.7,-714.44,9520.9,-714.07,3.7121,-1.3567,-1.8623,1.0478
9521.7,-715.46,9522.4,-715.41,1.3774,-0.68002,-1.6558,0.90786
9522.7,-717.47,9522.7,-716.89,-0.40232,-0.44881,-1.4092,0.69089
9526.7,-719.51,9524.8,-718.74,-0.17898,-0.71586,-0.70965,0.37025
9528.6,-721.53,9527.2,-720.92,0.73372,-1.3332,0.056452,-0.0041934
9529.6,-721.54,9529.3,-722.04,1.8686,-1.502,0.77082,-0.21496
9530.6,-722.55,9531.2,-723.1,2.8662,-1.6487,1.2929,-0.359
9530.6,-722.55,9532.2,-723.37,3.2464,-1.2975,1.5031,-0.29747
9530.6,-722.55,9532.5,-723.07,3.0375,-0.55781,1.4245,-0.06734
9531.6,-722.56,9533,-722.6,2.7662,0.15256,1.248,0.15267
9532.6,-722.57,9533.5,-722.29,2.3803,0.50935,0.99041,0.22852
9532.6,-722.57,9533.4,-722.5,1.4906,0.12228,0.56482,-0.00054671
9532.6,-722.57,9532.9,-722.56,0.53888,-0.041873,0.15519,-0.096377
9533.6,-722.57,9533.2,-722.25,0.24286,0.34915,0.0034534,0.071345
9533.6,-722.57,9533.8,-722.56,0.56816,-0.12902,0.15791,-0.14208
9533.6,-722.57,9534.1,-722.82,0.70882,-0.46759,0.23256,-0.27457
9533.6,-722.57,9534.1,-722.86,0.66935,-0.4784,0.22801,-0.25445
9533.6,-722.57,9533.8,-722.77,0.10097,-0.32343,-0.0072797,-0.16519
9534.6,-722.58,9534.2,-722.66,0.16459,-0.13371,-0.010518,-0.068298
9534.6,-722.58,9534.5,-722.68,0.18426,-0.14035,-0.0063775,-0.065302
9535.6,-722.59,9535.3,-722.59,0.50047,-0.0047008,0.085592,-0.00080394
9535.6,-722.59,9535.8,-722.6,0.68121,-0.0063984,0.1519,-0.0014268
9535.6,-721.59,9536,-721.92,0.62633,0.33863,0.13354,0.093521
9535.7,-720.59,9535.9,-720.88,0.30808,0.79733,0.012668,0.20927
9536.7,-720.6,9536.4,-720.35,0.34139,0.86427,0.0010666,0.2015
9536.7,-718.6,9536.7,-718.83,0.32173,1.3767,-0.003471,0.31104
9536.7,-714.6,9536.8,-715.45,0.17656,2.6785,-0.048464,0.61957
9536.7,-711.6,9536.7,-711.79,-0.088502,3.7449,-0.13732,0.82006
9536.8,-704.6,9536.7,-705.5,-0.13437,5.7693,-0.12751,1.2448
9536.9,-693.6,9536.8,-695.26,-0.087426,9.1553,-0.085129,1.9753
9534,-678.58,9535,-680.46,-1.0094,13.799,-0.30988,2.9385
9529.2,-666.53,9530.6,-665.73,-2.9788,16.887,-0.80207,3.3174
9526.3,-654.5,9526.4,-651.85,-4.4755,18.153,-1.1209,3.0827
9518.4,-640.43,9519.2,-637.73,-6.8781,18.461,-1.6152,2.5372
9508.5,-626.33,9509.2,-623.91,-9.9585,17.778,-2.2259,1.722
9498.7,-612.24,9498.3,-610.53,-12.35,16.343,-2.5101,0.7591
9494.8,-596.2,9491.4,-596.2,-11.603,15.194,-1.842,-0.019707
9484,-580.1,9482.5,-581.01,-11.46,14.584,-1.3645,-0.48695
9477.1,-562.04,9475.2,-563.78,-10.1,15.294,-0.59476,-0.41814
9469.3,-544.96,9468.4,-546.16,-8.3741,16.122,0.21159,-0.25137
9460.5,-526.88,9460.9,-527.62,-7.2149,17.391,0.73157,0.097421
9450.6,-508.79,9452.1,-508.52,-7.0859,18.907,0.83058,0.56371
9440.8,-490.69,9442.3,-489.85,-7.7646,19.539,0.59704,0.66102
9432,-473.61,9432.6,-472.51,-8.5314,18.829,0.2871,0.27454
9423.1,-455.53,9423.2,-455.36,-8.9659,17.758,0.10521,-0.23347
9415.3,-438.45,9414.7,-438.36,-8.9236,17.037,0.062949,-0.49018
9405.4,-422.36,9405.1,-422.18,-9.539,16.115,-0.19027,-0.73591
9396.6,-405.27,9396.4,-405.82,-9.1617,15.504,-0.014726,-0.86045
9387.8,-389.19,9388,-389.69,-8.4696,15.142,0.27442,-0.84419
9378.9,-372.11,9379.4,-372.89,-8.1105,15.436,0.39541,-0.60593
9372.1,-356.04,9371.6,-356.48,-7.8902,15.561,0.34015,-0.44398
9368.2,-340,9367,-340.2,-5.6893,15.734,0.94675,-0.27374
9355.4,-324.88,9357.4,-324.73,-7.0318,15.444,0.40216,-0.27719
9347.5,-309.81,9348.3,-309.55,-7.8958,15.208,0.049842,-0.24721
9338.6,-294.72,9339.1,-294.64,-8.6449,14.868,-0.20806,-0.2763
9330.8,-278.65,9330.6,-279.1,-8.7929,14.968,-0.24173,-0.18737
9322.9,-262.58,9322.5,-263.14,-8.6835,15.325,-0.19426,-0.03874
9314.1,-246.49,9313.9,-246.86,-8.8992,15.85,-0.25342,0.14934
9306.2,-230.42,9305.7,-230.58,-8.8006,16.2,-0.21053,0.24183
9297.4,-214.33,9297.2,-214.19,-8.8751,16.594,-0.21084,0.35091
9287.5,-198.24,9288,-197.81,-9.013,16.9,-0.16771,0.4234
9277.7,-181.15,9278.2,-181,-9.379,17.199,-0.20141,0.44485
9267.9,-165.05,9268.3,-164.57,-9.742,17.158,-0.23232,0.36176
9258,-148.96,9258.1,-148.57,-10.157,16.703,-0.29982,0.13458
9249.2,-132.88,9248.4,-132.67,-10.466,16.27,-0.39573,-0.049435
9239.3,-118.78,9238.4,-118.15,-10.851,15.209,-0.50981,-0.37685
9230.4,-104.7,9229.9,-104.26,-9.6144,14.172,0.033563,-0.62688
9220.5,-92.606,9220.6,-91.948,-9.2959,12.668,0.16763,-0.9554
9211.7,-80.522,9211.8,-80.374,-8.7498,11.269,0.35405,-1.1992
9204.8,-68.457,9204.3,-69.04,-7.7534,10.213,0.60014,-1.3125
9200.9,-57.42,9199.6,-58.18,-5.674,9.4462,1.0938,-1.297
9191,-46.327,9192.3,-47.292,-5.5351,9.2038,0.98232,-1.1014
9185.1,-35.271,9185.7,-36.202,-5.3747,9.4634,0.83207,-0.75828
9179.2,-25.215,9179.6,-25.562,-5.1495,9.7227,0.71586,-0.43959
9176.2,-21.187,9175.7,-19.24,-3.9857,7.889,0.87592,-0.74443
9169.3,-10.122,9170.2,-10.666,-4.0892,7.665,0.65854,-0.61409
9167.3,-8.103,9167,-6.5232,-3.2531,5.4169,0.71227,-1.0555
9166.3,-6.0937,9165.5,-4.8586,-1.8548,2.5053,0.90854,-1.6553
9165.4,-5.0843,9164.9,-4.8423,-0.58726,-0.36378,1.0344,-2.1741
9162.4,-2.0563,9163.3,-3.708,-0.21168,-1.5026,0.92652,-2.0979
9160.4,-0.037569,9161.5,-2.1756,-0.27781,-1.6521,0.69917,-1.7143
9159.4,-0.028177,9160.2,-1.2793,-0.1759,-1.4279,0.56516,-1.1982
9158.4,0.98117,9158.9,-0.042864,-0.38923,-0.6416,0.3265,-0.57809
9157.4,0.99056,9157.5,0.78118,-1.0274,0.069715,-0.050884,-0.064489
9157.4,0.99056,9156.6,1.3549,-1.4039,0.68378,-0.31739,0.3324
9157.4,0.99056,9156.9,1.5723,-0.66385,0.91354,-0.081641,0.49788
9157.4,0.99056,9157,1.4917,-0.30882,0.78413,-0.017804,0.46557
9157.4,0.99056,9157.3,1.3399,0.074089,0.585,0.07459,0.38217
9157.4,0.99056,9157.5,1.3887,0.21799,0.665,0.078924,0.40957
9157.4,0.99056,9157.9,0.75306,0.72459,-0.20214,0.26239,0.010177
9157.4,0.99056,9157.7,0.99787,0.36751,0.17193,0.07446,0.1714
9157.4,0.99056,9157.4,1.2138,-0.14992,0.45588,-0.15741,0.2769
9157.4,0.99056,9157.2,1.3625,-0.47908,0.61523,-0.285,0.32035
9157.4,0.99056,9157.2,1.1902,-0.38212,0.32607,-0.21687,0.16729
9157.4,0.99056,9157.2,1.0714,-0.31475,0.13512,-0.16763,0.069972
9157.4,0.99056,9157.2,1.0856,-0.26946,0.14115,-0.13313,0.066613
9157.4,0.99056,9157.3,0.99144,-0.13861,0.0013019,-0.065357,0.00061388
9157.4,0.99056,9157.4,0.99056,-4.5475e-13,-5.5511e-17,-4.5475e-13,-4.1633e-17
9157.4,0.99056,9157.4,0.99056,-4.5475e-13,-5.5511e-17,-4.5475e-13,-4.1633e-17
9157.4,0.99056,9157.4,0.99056,-4.5475e-13,-5.5511e-17,-4.5475e-13,-4.1633e-17
9157.4,0.99056,9157.4,0.99056,-4.5475e-13,-5.5511e-17,-4.5475e-13,-4.1633e-17
9157.4,0.99056,9157.4,0.99056,-4.5475e-13,-5.5511e-17,-4.5475e-13,-4.1633e-17
9157.4,0.99056,9157.4,0.99056,-4.5475e-13,-5.5511e-17,-4.5475e-13,-4.1633e-17
9157.4,-0.0093923,9157.4,0.31772,-0.0032356,-0.34448,-0.00089012,-0.094767
9156.4,2.0928e-12,9156.7,-0.049802,-0.34876,-0.45243,-0.095844,-0.11372
9156.4,2.0928e-12,9156.4,-0.20445,-0.45953,-0.40745,-0.11542,-0.085808
9156.4,2.0928e-12,9156.2,-0.21735,-0.41435,-0.27508,-0.087209,-0.033747
9156.4,2.0928e-12,9156.2,-0.14826,-0.27999,-0.10908,-0.03434,0.024115
9156.4,2.0928e-12,9156.3,-0.045645,-0.11125,0.048585,0.024486,0.073787
