0,0,NaN,NaN,NaN,NaN,NaN,NaN
45.526,4.0466,NaN,NaN,NaN,NaN,NaN,NaN
98.07,8.9586,NaN,NaN,NaN,NaN,NaN,NaN
159.82,14.294,NaN,NaN,NaN,NaN,NaN,NaN
229.82,19.791,NaN,NaN,NaN,NaN,NaN,NaN
306.84,26.153,NaN,NaN,NaN,NaN,NaN,NaN
387.54,30.404,NaN,NaN,NaN,NaN,NaN,NaN
468.49,33.69,NaN,NaN,NaN,NaN,NaN,NaN
551.9,35.569,NaN,NaN,NaN,NaN,NaN,NaN
637.25,37.971,NaN,NaN,NaN,NaN,NaN,NaN
726.01,39.227,NaN,NaN,NaN,NaN,NaN,NaN
819.15,39.598,NaN,NaN,NaN,NaN,NaN,NaN
919.58,39.87,NaN,NaN,NaN,NaN,NaN,NaN
1026.8,41.972,NaN,NaN,NaN,NaN,NaN,NaN
1141.2,43.975,1134.9,42.338,108.07,-0.18742,3.0456,-0.4527
1258.1,44.57,1255.2,44.175,117.87,0.90882,5.1095,0.080871
1379.4,44.281,1380,44.973,126.78,1.2907,6.6779,0.32337
1505.4,42.142,1508.2,43.777,133.65,0.49491,7.3162,0.16056
1632.3,40.265,1636.9,41.529,137.02,-0.82114,6.6683,-0.1911
1767.7,37.585,1770.1,38.205,139.56,-2.5442,5.6398,-0.6692
1909.2,35.508,1909.1,35.133,142.58,-3.5917,4.7821,-0.87776
2059.1,32.628,2056.6,31.901,147.89,-4.2778,4.7181,-0.93418
2216.6,28.682,2213,28.121,155.39,-4.7968,5.3491,-0.89612
2383.1,26.126,2379.5,25.047,165.31,-4.618,6.6949,-0.65631
2550.8,22.865,2550.9,22.205,174.26,-4.0016,7.684,-0.27443
2717.1,17.151,2722,17.853,179.37,-4.0372,7.4683,-0.095363
2880.5,10.653,2888.8,11.934,178.87,-4.8298,5.5769,-0.18056
3037.9,-0.57181,3047.7,1.7726,172.14,-7.7916,2.0354,-0.9358
3196.2,-11.535,3202.3,-10.307,162.86,-11.058,-1.8792,-1.715
3356.8,-22.94,3357,-23.168,154.99,-13.701,-4.7914,-2.2003
3521,-32.334,3515.2,-34.53,150.97,-14.511,-6.0418,-2.0678
3682.4,-39.356,3675.2,-42.845,149.85,-12.926,-5.9544,-1.2047
3842,-46.9,3836.2,-49.667,151.28,-10.436,-4.7191,-0.15418
3999.3,-54.003,3996.2,-55.374,153.2,-7.5496,-3.2501,0.90532
4157.1,-58.913,4156,-59.378,155.72,-4.3902,-1.6399,1.8721
4315.1,-64.789,4315.5,-63.435,157.76,-2.105,-0.41499,2.426
4476.7,-68.653,4476.4,-66.802,159.83,-0.44185,0.48081,2.6327
4637.7,-73.744,4637.1,-71.357,160.53,-0.59601,0.62626,2.1412
4794,-81.108,4794.8,-78.355,159.17,-2.6809,0.092808,1.0693
4945.3,-88.814,4947.7,-86.895,155.59,-5.5263,-0.98908,-0.11226
5089.8,-98.351,5093.8,-97.29,149.75,-8.857,-2.4682,-1.2621
5231.9,-106.48,5235.4,-106.99,143.67,-10.668,-3.6813,-1.7074
5371.8,-114.17,5373.2,-115.8,137.52,-11.267,-4.7639,-1.6821
5506.6,-122.2,5506.4,-123.95,130.88,-10.918,-5.8639,-1.3052
5640.7,-131.45,5637.5,-132.59,125.51,-10.616,-6.4544,-0.95986
5771.3,-139.56,5767.1,-140.68,122.26,-9.8787,-6.1761,-0.52545
5896,-148.28,5893.2,-148.63,119.78,-8.8935,-5.4955,-0.028935
6020.4,-160.15,6018.2,-158.83,119.13,-9.1785,-4.2195,0.04235
6136.3,-171.22,6137.2,-170.05,117,-10.075,-3.469,-0.13902
6245.5,-184.12,6248.7,-182.9,112.32,-11.64,-3.5954,-0.5159
6349.8,-198.32,6352.7,-197.64,105.28,-14.013,-4.5676,-1.1437
6448.3,-209.98,6449.9,-211.16,97.014,-15.029,-5.8531,-1.294
6541.4,-221.01,6541.4,-223.05,88.968,-14.538,-6.881,-0.93351
6628.7,-229.48,6627.5,-232.14,81.728,-12.339,-7.4397,-0.093013
6710.9,-238.3,6709,-239.78,75.884,-9.5212,-7.3717,0.871
6787.4,-245.53,6785.5,-246.09,70.709,-6.723,-7.0417,1.6644
6858.6,-252.14,6857.1,-251.62,66.096,-4.3827,-6.5248,2.175
6923.8,-259.35,6923.2,-257.56,61.751,-3.1612,-5.9211,2.2451
6983.8,-266.91,6983.7,-264.43,57.022,-3.215,-5.5507,1.8716
7037.3,-273.14,7037.8,-271.47,51.697,-4.0719,-5.4169,1.1997
7087.7,-279.19,7087.6,-278.43,46.834,-5.1581,-5.2006,0.50663
7134.3,-283.12,7133.2,-283.68,42.089,-5.2456,-5.0985,0.21727
7175.4,-285.47,7174.5,-287,37.973,-4.4862,-4.7749,0.21467
7213.5,-288.6,7212.6,-289.48,34.673,-3.2924,-4.2511,0.43283
7248,-289.63,7247.3,-290.21,31.727,-1.3653,-3.7242,0.89604
7281.5,-290.91,7280.3,-290.67,29.937,0.040712,-2.9673,1.1347
7312.8,-291.75,7311.8,-290.93,28.862,0.98335,-2.151,1.1985
7342.3,-285.84,7341.7,-286.98,28.222,3.4186,-1.3705,1.6015
7370.8,-280.18,7370.5,-280.94,27.854,6.0639,-0.6982,2.0034
7400.1,-277.42,7399.6,-276.29,28.247,6.868,0.013477,1.7958
7431,-273.18,7430.1,-271.79,29.697,6.9175,0.83922,1.3762
7462.5,-266.74,7461.9,-266.02,31.745,7.2732,1.6552,1.1038
7494.6,-259.07,7494.7,-258.86,33.905,7.9754,2.3148,0.97643
7528.3,-249.92,7529.1,-250.2,36.273,8.9446,2.8752,0.93239
7562.1,-240.77,7563.6,-240.84,37.726,9.786,2.9723,0.87232
7596.9,-231.35,7598.6,-231.3,38.541,10.148,2.774,0.66627
7632.3,-220.71,7634.1,-220.92,39.041,10.59,2.4648,0.51822
7668.5,-208.85,7670,-209.18,39.068,11.595,1.9936,0.60632
7704.3,-191.89,7705.8,-193.54,38.571,14.199,1.4079,1.1384
7739.8,-173.97,7741,-175.11,37.444,17.575,0.68254,1.8668
7774.5,-160.43,7775.4,-158.76,36.022,18.731,-0.00025807,1.8636
7807.1,-139.17,7808.2,-139.46,34.087,20.187,-0.67681,1.7799
7843.9,-121.96,7843.1,-120.93,33.746,20.575,-0.77141,1.4359
7881.1,-102.55,7879.5,-101.46,34.394,21.209,-0.54305,1.2691
7923.7,-83.762,7920.4,-82.432,37.296,21.013,0.30525,0.86619
7966.9,-63.749,7964.3,-63.14,41.23,20.513,1.381,0.38925
8009.9,-42.771,8009.3,-43.063,44.75,20.204,2.2168,0.021557
8053.2,-22.758,8054.4,-23.154,47.138,19.708,2.5884,-0.3242
8096.2,-1.78,8098.8,-2.484,48.141,19.805,2.4757,-0.38246
8136.6,17.448,8140.4,17.522,46.753,19.711,1.6178,-0.40519
8179.2,32.112,8181.6,33.987,44.726,17.918,0.59213,-0.85086
8220.9,46.514,8221.9,48.192,42.159,15.365,-0.50875,-1.455
8261.6,60.655,8261.4,60.9,39.577,12.449,-1.449,-2.1495
8300.8,80.587,8299.9,77.488,37.251,12.542,-2.1056,-1.8639
8340.2,99.554,8338.7,96.395,36.176,14.548,-2.1737,-0.93856
8379.4,119.49,8378,116.54,36.396,16.685,-1.7036,-0.16446
8419.4,132.4,8417.9,133.35,37.244,17.234,-1.094,0.20381
8456.9,150.84,8456.7,151.34,37.695,18.254,-0.63409,0.61463
8493,162.71,8493.5,165.59,36.875,17.149,-0.67771,0.36895
8526.6,180.11,8527.8,181.06,35.044,16.63,-1.0125,0.2163
8558.9,190.93,8559.9,192.84,32.72,14.048,-1.4472,-0.56848
8589.3,201.23,8589.9,202.35,30.009,10.749,-1.9392,-1.4956
8616.8,210.74,8617.2,210.37,26.933,7.4268,-2.4413,-2.3347
8640.5,222.37,8641.2,219.95,23.455,6.233,-2.925,-2.3685
8661.7,232.25,8661.8,230.17,19.417,6.6642,-3.5193,-1.7494
8679.7,242.3,8679.4,240.91,15.512,7.9691,-3.9326,-0.87916
8695.3,249.64,8694.5,250,12.208,8.5253,-4.0414,-0.31981
8706.8,256.9,8706.3,257.49,9.0589,7.8712,-4.0025,-0.31665
8715.7,262.41,8715.1,263.31,6.0254,6.606,-3.9038,-0.51431
8717.8,266.09,8718.4,267.08,1.7738,4.6397,-4.1362,-0.91508
8718.9,269.51,8718.6,270.25,-2.2425,3.3409,-4.2882,-0.99601
8719.4,271.7,8717.7,271.71,-4.7482,1.2573,-3.9521,-1.4081
8722.7,274.68,8719.1,273.81,-4.497,0.54429,-2.8702,-1.2995
8724.1,277.13,8721,275.53,-2.9234,-0.24062,-1.5253,-1.3104
8724.8,278.36,8723,277.42,-0.98473,0.086597,-0.27807,-0.85164
8725.8,278.62,8725.1,278.55,1.0808,0.34872,0.79041,-0.44462
8725.5,279.59,8726.5,279.69,2.5096,0.78987,1.4766,-0.055726
8725.5,279.59,8727.4,279.96,3.3473,0.59556,1.8157,0.023393
8725.5,279.59,8727.6,279.95,3.3476,0.37384,1.7406,0.06022
8725.5,279.59,8727.3,279.7,2.634,0.018394,1.3452,0.0036702
8725.5,279.59,8726.5,279.57,1.4168,-0.077233,0.74844,0.031747
8725.5,279.59,8725.7,279.41,0.32055,-0.19678,0.23705,0.018911
8725.5,279.59,8725.2,279.44,-0.35048,-0.071455,-0.063556,0.091553
8725.5,279.59,8725.4,279.63,-0.012135,0.23405,0.087277,0.2225
8725.5,279.59,8725.7,279.79,0.41239,0.45545,0.25932,0.2994
8725.5,279.59,8725.9,279.93,0.6582,0.609,0.34082,0.33876
8725.5,279.59,8725.8,279.85,0.3499,0.44699,0.17742,0.23861
8725.5,279.59,8725.7,279.73,0.21327,0.24826,0.10298,0.13139
8725.5,279.59,8725.6,279.69,0.099231,0.16381,0.045199,0.083106
8725.5,279.59,8725.5,279.68,-0.03625,0.13379,-0.017092,0.063085
8725.5,279.59,8725.5,279.59,-4.5475e-13,0,-2.2737e-13,-1.7764e-14
8725.5,279.59,8725.5,279.59,-4.5475e-13,0,-2.2737e-13,-1.7764e-14
8725.5,279.59,8725.5,279.59,-4.5475e-13,0,-2.2737e-13,-1.7764e-14
8725.5,279.59,8725.5,279.59,-4.5475e-13,0,-2.2737e-13,-1.7764e-14
8725.8,278.62,8725.7,278.94,0.090092,-0.33251,0.024784,-0.091473
8727.1,273.8,8726.7,275.33,0.56963,-2.1024,0.15389,-0.56799
8729.8,271.42,8729,271.78,1.6388,-3.4139,0.42989,-0.86184
8732.9,263.96,8732.3,265.09,2.9018,-5.9075,0.72357,-1.4316
8740.1,252.46,8738.8,254.19,5.4063,-9.7927,1.3134,-2.295
8746.3,237.54,8746,239.07,7.5648,-14.608,1.7207,-3.2762
8753.3,227.01,8753.9,225.23,9.237,-17.119,1.9115,-3.4495
8763.4,216.29,8763.7,212.86,11.163,-17.53,2.104,-2.9396
8776.3,203.2,8776.2,200.34,13.496,-17.084,2.3385,-2.1684
8791.3,189.67,8791.2,187.73,16.037,-16.015,2.5581,-1.2592
8808.6,175.69,8808.5,174.89,18.635,-14.725,2.7272,-0.38204
8823,160.94,8824.7,161.32,19.445,-13.78,2.3531,0.25982
8837.1,147.14,8839.6,147.79,18.775,-12.982,1.5921,0.70066
8852.4,132.65,8854.3,133.61,17.637,-12.851,0.78869,0.79756
8867.4,119.11,8868.7,119.66,16.19,-12.835,0.011809,0.76298
8882.8,104.62,8883,105.25,14.799,-13.178,-0.63064,0.58805
8897.8,91.085,8897.3,90.831,13.618,-13.882,-1.0891,0.21726
8912.5,75.361,8911.5,75.704,12.791,-14.509,-1.3171,0.0021542
8927.8,60.864,8926.2,61.159,12.456,-14.356,-1.3445,0.11362
8940.9,46.81,8940.3,47.173,12.466,-13.773,-1.1226,0.35998
8949.7,33.639,8951,33.418,11.14,-13.636,-1.2238,0.32336
8964.9,23.265,8964.1,21.951,11.382,-12.453,-0.90367,0.56237
8971.5,10.536,8972.7,10.346,9.3464,-11.524,-1.281,0.74121
8978.5,-1.2091e-12,8979.2,-0.15402,6.6567,-10.322,-1.8365,0.96929
