0,0,NaN,NaN,NaN,NaN,NaN,NaN
59.691,-7.5487,NaN,NaN,NaN,NaN,NaN,NaN
126.88,-18.056,NaN,NaN,NaN,NaN,NaN,NaN
204.77,-29.849,NaN,NaN,NaN,NaN,NaN,NaN
289.75,-43.244,NaN,NaN,NaN,NaN,NaN,NaN
386.31,-58.403,NaN,NaN,NaN,NaN,NaN,NaN
490.53,-72.052,NaN,NaN,NaN,NaN,NaN,NaN
602.81,-85.548,NaN,NaN,NaN,NaN,NaN,NaN
727.22,-97.696,NaN,NaN,NaN,NaN,NaN,NaN
860.25,-106.58,NaN,NaN,NaN,NaN,NaN,NaN
1002.8,-112.68,NaN,NaN,NaN,NaN,NaN,NaN
1156.7,-114.71,NaN,NaN,NaN,NaN,NaN,NaN
1319.9,-116.2,NaN,NaN,NaN,NaN,NaN,NaN
1494.5,-115.85,NaN,NaN,NaN,NaN,NaN,NaN
1673.9,-117.03,1675.6,-113.14,188.38,7.1859,10.345,4.3049
1862.3,-116.3,1864.5,-112.7,196.32,6.693,9.7626,3.2618
2055.8,-112.62,2058.8,-110.68,202.46,6.1944,8.7516,2.282
2254.8,-105.12,2257.8,-105.43,206.66,6.6863,7.2909,1.6691
2465.9,-94.028,2466,-95.964,212.23,8.7874,6.4394,1.627
2681.1,-83.981,2680.4,-84.954,217.38,10.96,5.606,1.7029
2900.7,-74.097,2900.3,-73.747,222.35,12.374,4.9736,1.6077
3125.4,-61.264,3125.3,-60.724,227.16,14.151,4.5133,1.6925
3351.9,-47.155,3352.8,-46.307,230.47,15.862,3.7674,1.7698
3580.8,-30.893,3582.3,-30.305,232.74,17.381,2.9578,1.7407
3811.6,-19.183,3813.3,-16.973,233.93,16.502,2.0336,0.99879
4041.1,-10.104,4043.2,-7.3839,232.95,13.176,0.65663,-0.39507
4269.4,-7.2501,4271.2,-3.7728,230.2,7.2817,-0.98013,-2.2869
4491,-6.3859,4493.4,-4.3675,224.32,0.66455,-3.2056,-4.0661
4708.9,-8.0727,4710.6,-7.8154,217.35,-5.1319,-5.2409,-5.2075
4925.3,-12.392,4924.6,-13.779,210.78,-9.9959,-6.7281,-5.8052
5138.1,-19.262,5135.9,-21.913,205.47,-13.814,-7.3908,-5.9162
5349.5,-26.531,5345.8,-30.6,202,-15.908,-7.2349,-5.4353
5555.1,-34.034,5551.6,-38.729,198.26,-15.928,-7.0806,-4.3212
5754.4,-40.415,5752.4,-44.705,194.48,-13.259,-6.7506,-2.4251
5946.6,-47.429,5946.4,-49.734,189.64,-9.566,-6.6228,-0.41806
6132.9,-54.678,6133.5,-54.959,183.8,-6.466,-6.7358,1.0615
6314.3,-62.641,6314.7,-61.295,177.73,-4.7959,-6.8521,1.7774
6489.9,-70.839,6489.8,-68.982,171.2,-4.7595,-7.0972,1.7237
6658.3,-79.67,6657.7,-77.657,163.89,-5.4977,-7.5582,1.3664
6819.5,-89.133,6818.6,-87.439,156.27,-6.9606,-8.0058,0.76165
6970.9,-97.791,6970.6,-96.949,147.75,-7.952,-8.5715,0.36701
7117.3,-107.16,7116.5,-106.88,140.5,-9.0824,-8.5318,-0.054917
7254.4,-114.85,7254.4,-115.65,133.02,-9.3075,-8.4686,-0.15896
7383.6,-120.46,7383.7,-122.09,124.96,-8.0609,-8.5655,0.21132
7506.4,-127.18,7505.8,-127.87,117.13,-6.5074,-8.5817,0.68102
7618.1,-131.26,7618.1,-131.82,107.97,-4.3628,-8.9991,1.2532
7721.9,-133.26,7721.6,-133.67,98.772,-1.7889,-9.3195,1.84
7817.6,-135.4,7817,-134.93,89.993,0.089949,-9.4094,2.0896
7904.7,-138.59,7904.1,-136.92,81.657,0.74683,-9.2815,1.9195
7984.8,-140.16,7983.8,-138.67,73.878,0.86691,-8.988,1.5606
8054,-142.69,8053.9,-141.11,65.31,0.14761,-8.9596,0.97685
8113.5,-144.42,8113.9,-143.55,55.91,-0.79199,-9.1733,0.38239
8164.9,-146.29,8165,-146,46.534,-1.7212,-9.3417,-0.1159
8208.2,-148.32,8207.8,-148.45,37.608,-2.4757,-9.3409,-0.45953
8244.8,-152.34,8243.6,-152.16,29.874,-3.6804,-8.9574,-0.84075
8276.8,-156.2,8274.3,-156.22,23.624,-4.5787,-8.2512,-1.0167
8302.3,-157.57,8299.8,-158.81,18.75,-4.3984,-7.217,-0.84849
8322.7,-161.9,8320.6,-162.38,14.854,-4.5915,-6.064,-0.77168
8339.1,-167.42,8337.4,-167.09,11.778,-5.0051,-4.8921,-0.70202
8353.9,-165.27,8352.3,-167.55,10.574,-3.171,-3.3566,-0.059994
8364.1,-169.67,8363.9,-169.93,9.3833,-2.7289,-2.1187,0.10381
8372.8,-174.47,8373.1,-173.67,8.3974,-3.0069,-1.1331,0.062265
8379.1,-175.59,8379.9,-175.73,7.1235,-2.2971,-0.52336,0.30468
8380.8,-176.55,8382.5,-176.93,4.5486,-1.4394,-0.53186,0.51555
8381.7,-177.03,8383.1,-177.28,2.1492,-0.38713,-0.57617,0.74904
8383.9,-177.11,8384,-177.19,1.0491,0.42808,-0.32848,0.84399
8386.6,-178.55,8385.8,-177.88,1.1626,0.47103,0.15699,0.69242
8388.3,-179.51,8387.8,-178.79,1.8611,0.23875,0.70173,0.47518
8389.3,-177.75,8389.5,-177.9,2.4941,0.96296,1.0992,0.57505
8390.2,-178.23,8390.9,-177.74,2.8463,0.97129,1.2841,0.44528
8390.2,-178.23,8391.6,-177.91,2.9412,0.53527,1.3462,0.16722
8390.2,-178.23,8391.8,-177.87,2.7288,0.44382,1.2594,0.087344
8390.2,-178.23,8391.7,-177.96,2.1671,0.22044,1.0109,-0.024538
8390.6,-177.35,8391.4,-178.06,1.3709,-0.4669,0.63362,-0.36794
8390.6,-177.35,8391,-177.6,0.67665,-0.12755,0.32481,-0.20651
8390.6,-177.35,8390.5,-177.22,-0.048479,0.20481,0.016018,-0.041083
8390.6,-177.35,8390.3,-177.27,-0.31358,0.014778,-0.081585,-0.10504
8392,-176.96,8391.5,-177.11,0.56857,-0.0302,0.24211,-0.11978
8393.3,-176.56,8393.2,-176.82,1.5834,-0.0079188,0.56444,-0.11437
8394.2,-177.04,8394.6,-176.99,1.9781,-0.18103,0.61749,-0.15029
8394.7,-176.16,8395.4,-176.36,1.8011,0.23282,0.46611,0.016078
8396.9,-176.24,8397,-176.13,2.018,0.30718,0.43226,0.049456
8398.3,-175.84,8398.5,-175.98,2.0547,0.1364,0.35056,-0.038556
8400.1,-174.57,8400.2,-174.93,2.0769,0.63161,0.26741,0.11603
8401.5,-174.17,8401.8,-174.13,1.9777,0.86089,0.17357,0.17234
8405.2,-171.62,8404.7,-172.07,2.5338,1.6582,0.26841,0.37416
8408.9,-166.83,8408.4,-167.88,3.321,3.3042,0.41657,0.7751
8412.6,-164.28,8412.4,-164.18,3.9922,4.17,0.51176,0.88972
8422.7,-156.15,8420.8,-157.13,6.7634,6.4518,1.1869,1.3809
8435.2,-145.86,8433.2,-147.02,10.778,9.5666,2.124,2.0223
8443.2,-135.42,8444.2,-135.51,12.9,12.345,2.4009,2.4604
8450.7,-125.84,8453.3,-124.4,13.001,13.773,2.0081,2.4188
8462.7,-116.44,8464.1,-114.12,13.354,13.874,1.6772,1.9645
8470.7,-105.99,8473,-103.95,12.169,13.351,0.93574,1.3562
8479.5,-96.018,8481.1,-94.493,10.449,11.99,0.11152,0.53827
8489.7,-85.651,8489.7,-85.025,8.956,10.658,-0.57538,-0.14959
8497.3,-76.08,8497.1,-76.053,7.2483,9.1972,-1.1672,-0.76015
8504.8,-66.509,8504.1,-67.144,5.8799,8.0656,-1.5154,-1.1445
8512.7,-58.295,8511.5,-58.801,5.4391,7.2079,-1.4572,-1.2986
8518.7,-51.356,8518.1,-51.627,4.9844,6.1501,-1.3453,-1.4377
8525.3,-43.54,8524.8,-44.257,5.1943,5.746,-0.9766,-1.318
8533.6,-36.683,8532.8,-36.984,6.26,5.908,-0.39877,-0.95689
8537.9,-28.785,8538.1,-29.629,5.4355,5.9493,-0.54561,-0.75973
8544.9,-22.326,8544.1,-22.938,5.1182,5.7013,-0.55911,-0.68708
8551.3,-16.745,8550.8,-16.973,5.7504,5.3441,-0.19858,-0.63111
8556,-12.439,8556.4,-12.087,5.7622,4.7844,-0.061509,-0.60251
8558.7,-11.643,8559.7,-10.154,4.3379,3.0082,-0.431,-0.9102
8564.3,-5.5816,8564.2,-6.313,4.1766,2.6772,-0.3487,-0.81344
8565.6,-5.1836,8566.4,-4.8507,2.8181,1.4018,-0.64521,-0.98224
8567,-4.7856,8567.3,-4.6641,1.1191,-0.10171,-1.0296,-1.2067
8567.9,-3.0305,8567.8,-3.9363,-0.057957,-0.72209,-1.1634,-1.1438
8569.8,-1.755,8568.8,-2.9507,-0.49843,-0.7724,-1.0654,-0.91176
8570.3,-0.87752,8569.4,-1.7621,-0.76636,-0.29432,-0.91127,-0.51309
8570.3,-0.87752,8569.8,-0.98476,-0.69711,0.18596,-0.63261,-0.13863
8570.7,-2.1494e-13,8570.3,-0.039772,-0.43756,0.70455,-0.35186,0.16091
