0,0,NaN,NaN,NaN,NaN,NaN,NaN
47.602,10.538,NaN,NaN,NaN,NaN,NaN,NaN
106.15,19.57,NaN,NaN,NaN,NaN,NaN,NaN
176.53,30.993,NaN,NaN,NaN,NaN,NaN,NaN
259.06,41.659,NaN,NaN,NaN,NaN,NaN,NaN
354.19,53.516,NaN,NaN,NaN,NaN,NaN,NaN
459.73,66.041,NaN,NaN,NaN,NaN,NaN,NaN
572.54,78.937,NaN,NaN,NaN,NaN,NaN,NaN
694.8,92.725,NaN,NaN,NaN,NaN,NaN,NaN
826.28,106.43,NaN,NaN,NaN,NaN,NaN,NaN
969.6,122.53,NaN,NaN,NaN,NaN,NaN,NaN
1118.9,142.37,NaN,NaN,NaN,NaN,NaN,NaN
1278.6,167.01,NaN,NaN,NaN,NaN,NaN,NaN
1443.5,196.58,NaN,NaN,NaN,NaN,NaN,NaN
1613,228.18,1614.1,227.05,175.17,33.394,6.4502,4.3815
1797,260.52,1795.5,261.69,182.97,37.843,6.4325,4.8588
1989.6,289.85,1987.2,294.26,192.3,39.3,6.9421,4.3916
2190.6,320.31,2188.5,325.18,202.29,38.249,7.6244,3.1416
2401.4,348.51,2399.6,353.3,212.7,34.941,8.3383,1.3538
2616.1,375.8,2616.5,378.94,221.26,30.186,8.4218,-0.66988
2834.4,405.34,2837.1,405.09,227.36,26.331,7.8149,-2.1604
3061.9,434.81,3064.2,432.23,233.2,24.002,7.2441,-2.9074
3284.5,465.4,3289.9,461.44,234.62,23.885,5.5087,-2.7462
3512.8,493.66,3516.8,490.92,234.1,24.887,3.4195,-2.0523
3741.3,518.77,3743.7,518.45,231.61,25.399,1.0219,-1.4326
3970.4,541.71,3970.9,543.17,228.74,24.743,-1.0236,-1.1805
4213.6,559.32,4207.7,562.45,230.75,21.455,-1.2919,-1.7578
4462.4,578.73,4454.4,579.88,237.68,17.809,0.18782,-2.4779
4711.9,596.93,4706.8,596.14,246.25,14.549,2.2427,-3.0389
4960.3,614.39,4959.7,612.06,252.37,12.361,3.3764,-3.1935
5203.7,632.97,5208.4,629.54,254.14,12.405,3.1743,-2.5778
5439.2,648.26,5448,646.02,249.61,12.709,1.1512,-1.8904
5672.4,662.05,5680.2,661.46,240.88,13.343,-1.9439,-1.0848
5900.4,676,5905.4,676.36,229.95,14.132,-5.2712,-0.32273
6125.8,687.48,6126,688.95,219.13,13.616,-8.096,-0.12135
6350.5,696.03,6345,698.25,210.65,11.465,-9.7926,-0.50596
6578.1,703.9,6568.5,705.21,208.79,8.4012,-8.9365,-1.2251
6800.4,710.96,6792,710.97,209.8,5.5868,-7.0174,-1.8064
7011.4,717.57,7009.4,716.44,210.13,3.7238,-5.1166,-2.0069
7208.4,726.36,7214,723.83,205.73,3.9224,-4.6105,-1.5346
7389.2,735.84,7399.4,733.43,192.68,6.0725,-6.8702,-0.45509
7560,746.6,7568.7,744.69,174.8,8.8405,-10.408,0.62487
7721.1,759.62,7724.7,758.38,155.45,12.416,-13.993,1.7758
7875.1,773.23,7872,773.33,138.28,15.67,-16.435,2.6186
8019.4,789.11,8011.9,789.79,124.89,18.425,-17.187,3.0863
8152.8,806.49,8144.5,807.82,115.34,20.904,-16.3,3.3531
8277.7,822.75,8270.3,825.21,109.04,21.725,-14.245,3.0107
8393.3,839.09,8388.8,841.64,105.1,20.947,-11.467,2.1399
8501.7,855.06,8500.1,857.24,102.02,19.331,-8.7232,1.1154
8602.9,870.66,8603.3,872.17,97.954,17.407,-6.7974,0.158
8699.6,885.22,8699.6,886.06,92.635,15.172,-5.8754,-0.73439
8791.1,898.95,8790.1,899.13,87.105,13.087,-5.3989,-1.3973
8876,911.11,8875.1,910.99,81.807,11.103,-5.0237,-1.8611
8953.2,920.96,8953.5,920.82,76.484,8.771,-4.6992,-2.3062
9025.1,929.98,9026.4,929.46,71.695,6.8471,-4.2226,-2.4923
9087.3,937.14,9090.5,936.57,65.073,5.1055,-4.4061,-2.5327
9142.3,943.92,9145.8,942.91,56.84,3.8665,-5.1379,-2.3866
9191.9,949.89,9193.8,948.73,47.959,3.2171,-6.108,-2.0468
9235.2,955.26,9235.5,954.01,39.475,2.8321,-6.8749,-1.6823
9274.4,960.55,9272.8,959.23,32.703,2.9113,-7.0156,-1.2339
9308.1,964.05,9305.8,963.59,27.317,3.029,-6.689,-0.79751
9336.2,965.76,9334.3,966.24,23.136,2.5397,-5.9686,-0.6001
9359,962.52,9358.1,964.68,19.556,0.19481,-5.1221,-0.9722
9378.4,966.26,9378,965.56,16.614,-0.2438,-4.2075,-0.82386
9391.3,964.3,9392.2,964.37,12.701,-1.4346,-3.7795,-0.92124
9398.3,963.7,9400,963.09,7.6089,-2.2142,-3.8435,-0.91354
9399,966.62,9401,964.48,1.3366,-1.1403,-4.3175,-0.38225
9400.2,967.37,9399.8,966.18,-3.4635,0.21676,-4.3885,0.19858
9403.1,966.69,9399.7,966.95,-5.3892,0.96757,-3.7053,0.53757
9403.3,967.67,9399.9,968.22,-5.1136,1.9089,-2.4237,0.87707
9403.3,967.67,9400.7,968.85,-3.3094,2.1818,-0.86483,0.9326
9403.3,967.67,9402,968.94,-0.77744,1.8878,0.64806,0.75888
9403.3,967.67,9403.6,968.56,1.869,1.1205,1.9187,0.40337
9403.3,967.67,9404.9,967.89,3.7668,0.11758,2.6567,-0.026886
9403.3,967.67,9405.8,967.37,4.7551,-0.5636,2.8864,-0.29182
9403.3,967.67,9406,967.22,4.711,-0.68181,2.6299,-0.3027
9403.3,967.67,9405.6,967.54,3.7241,-0.16874,1.9828,-0.047717
9403.3,967.67,9404.6,967.36,2.1131,-0.38003,1.1193,-0.13388
9403.3,967.67,9403.8,967.77,0.87865,0.21668,0.48924,0.13402
9403.3,967.67,9403.5,967.92,0.36886,0.40583,0.22376,0.20407
9403.3,967.67,9403.7,967.69,0.56277,0.058461,0.2861,0.036315
9404.1,966.47,9404.1,966.87,0.69289,-0.37831,0.27741,-0.091278
9405.1,966.24,9404.8,966.35,0.70809,-0.48933,0.19289,-0.095196
9404.8,965.27,9405.1,965.33,0.67458,-0.93236,0.15535,-0.22242
9404.8,965.27,9405.2,964.91,0.50727,-0.87147,0.08469,-0.17272
9404.8,965.27,9405.1,964.84,0.26257,-0.59805,-0.0037309,-0.063901
9404.6,964.29,9404.8,964.31,-0.067347,-0.57555,-0.10776,-0.031844
9404.6,964.29,9404.6,964.15,-0.30017,-0.34029,-0.17221,0.055779
9404.6,964.29,9404.4,964.21,-0.41932,-0.039145,-0.1929,0.14986
9404.6,964.29,9404.3,964.34,-0.42335,0.22117,-0.17125,0.21614
9404.4,963.32,9404.2,963.8,-0.40363,0.038428,-0.13567,0.14287
9404.2,962.34,9404.1,962.83,-0.33637,-0.3865,-0.081858,-0.0015495
9403.9,961.37,9403.9,961.62,-0.23057,-0.88878,-0.017315,-0.1605
9400.6,960.1,9401.7,960.15,-1.2098,-1.4306,-0.25866,-0.31315
9398.2,958.6,9398.8,958.48,-2.2705,-1.8926,-0.50571,-0.41273
9395.5,956.13,9395.6,956.23,-3.3203,-2.3853,-0.73992,-0.47364
9392.2,954.86,9391.9,954.41,-4.2796,-2.5021,-0.91096,-0.42792
9390.5,952.16,9389.4,952.07,-4.1424,-2.6948,-0.71496,-0.38321
9387.7,948.71,9386.8,948.87,-3.8508,-3.2509,-0.47924,-0.45492
9385.3,947.22,9384.6,946.64,-3.2465,-3.0606,-0.167,-0.30141
9382.4,943.77,9382.3,943.8,-2.6706,-3.0599,0.10959,-0.19668
9375.7,937.1,9377.3,938.28,-3.5859,-4.4394,-0.073209,-0.51087
9372.4,931.71,9372.9,932.22,-3.9802,-5.7453,-0.11972,-0.77817
9367.5,923.62,9367.9,924.28,-4.6483,-7.6002,-0.26295,-1.1601
9360.4,915,9361.1,915.23,-6.0949,-9.3466,-0.62515,-1.4379
9350.6,903.92,9351.6,904.17,-8.5581,-11.472,-1.2379,-1.77
9340.2,889.91,9340.6,890.36,-11.097,-14.183,-1.776,-2.1988
9327.4,874.4,9327.7,874.47,-13.463,-16.892,-2.1078,-2.5367
9314.8,855.74,9314.1,855.84,-15.253,-19.823,-2.2196,-2.847
9300.9,835.36,9299.9,835.11,-16.48,-22.49,-2.11,-2.9914
9286.9,814.99,9285.6,813.67,-16.871,-24.301,-1.7379,-2.863
9272.5,792.66,9271.1,791.3,-16.879,-25.357,-1.3132,-2.4764
9258.6,768.16,9257.3,767.29,-16.053,-26.331,-0.68024,-2.0945
9243.8,743.88,9243.1,742.67,-15.272,-26.951,-0.15362,-1.7025
9229.7,718.41,9229.5,717.56,-14.198,-27.009,0.37934,-1.1687
9215.3,691.96,9215.9,691.8,-13.066,-26.79,0.86144,-0.60541
9201,665.51,9201.7,665.45,-12.969,-26.785,0.83962,-0.26019
9187.2,636.89,9187.7,637.61,-12.965,-27.305,0.74309,-0.13628
9177.1,606.39,9176.2,607.55,-11.716,-28.825,0.98019,-0.38375
9161.1,577.24,9162.3,577.47,-12.054,-29.871,0.75446,-0.50135
9148.5,545.24,9149.1,545.77,-12.164,-31.286,0.58851,-0.71072
9138.9,512.57,9138.3,512.87,-11.027,-32.795,0.79746,-0.93209
9129.3,479.9,9128.7,479.73,-9.7296,-33.717,1.0006,-0.93367
9117.7,447.67,9118.4,446.94,-9.196,-33.971,0.97724,-0.74752
9107.4,416.2,9108.1,414.95,-8.9819,-33.557,0.84428,-0.41769
9099.2,385.25,9099.3,384.08,-8.3204,-32.34,0.83629,0.12113
9091,354.3,9091,353.83,-7.7276,-30.835,0.79236,0.6854
9083.8,323.12,9083.7,323.46,-6.9106,-29.8,0.82856,0.99837
9076.3,290.97,9076.6,292.21,-6.4457,-29.55,0.74989,1.0137
9069.1,259.8,9069.6,260.9,-6.1791,-29.627,0.63415,0.87565
9063.9,228.17,9063.8,229.1,-5.5262,-30.232,0.63853,0.54482
9063.9,197.36,9062.1,197.71,-3.1705,-30.579,1.0952,0.32184
9065.9,166.11,9063.7,166.26,0.050251,-30.963,1.7088,0.11333
9066.6,138.22,9066.6,136.91,3.3992,-30.366,2.409,0.17012
9069,113.04,9070.1,110.97,5.5561,-27.951,2.5874,0.79622
9069.9,90.252,9072.2,88.329,5.7493,-24.348,2.1001,1.7043
9068.3,70.09,9071.6,68.87,3.997,-20.089,1.11,2.6754
9073.3,51.499,9074,51.575,3.7529,-16.117,0.67123,3.3977
9071.8,36.434,9073.4,37.036,1.6531,-12.342,-0.24834,3.886
9076.2,24.139,9075.1,25.102,0.7938,-8.9794,-0.72893,4.0993
9076.3,15.894,9075.6,16.581,-0.39179,-5.6086,-1.1623,4.1967
9076.6,12.746,9075.7,12.672,-1.2572,-1.6456,-1.3611,4.3743
9076.8,4.5011,9076,7.1934,-1.3851,-0.37218,-1.2002,3.7482
9079.7,3.8247,9078.4,4.9875,0.031243,1.187,-0.53835,3.2137
9080,0.67644,9079.9,2.6214,0.84042,1.4747,-0.12365,2.4039
9080,0.67644,9080.3,1.7977,0.56132,1.7492,-0.16349,1.7101
9080,0.67644,9080.1,1.6569,-0.036047,1.8111,-0.32235,1.1053
9081,0.45096,9080.6,1.2273,-0.068857,1.091,-0.28234,0.3632
9081,0.45096,9080.7,0.69868,-0.29514,0.082289,-0.31303,-0.32661
9081,0.45096,9080.9,0.1781,-0.16554,-0.86229,-0.18568,-0.84108
9081,0.45096,9081.1,-0.19823,0.1415,-1.4867,0.0032937,-1.1114
9081,0.45096,9080.8,-0.28047,-0.29881,-1.5968,-0.15611,-1.0967
9081,0.45096,9081,-0.26673,0.00892,-1.5106,0.012038,-0.97527
9081.9,0.22548,9081.4,-0.34429,-0.016231,-1.386,-0.040015,-0.82391
9081.9,0.22548,9081.9,-0.49371,0.39031,-1.3885,0.125,-0.74497
9081.9,0.22548,9082.2,-0.64495,0.59608,-1.4155,0.20667,-0.69085
9081.9,0.22548,9082.3,-0.10706,0.54957,-0.53415,0.18253,-0.25285
9082.9,-1.4074e-12,9082.7,-0.23883,0.41806,-0.5236,0.0738,-0.21834
9082.9,-1.4074e-12,9083,-0.023579,0.44171,-0.10223,0.073193,-0.01694
9082.9,-1.4074e-12,9083.1,-0.052096,0.36605,-0.084719,0.047687,-0.011037
9082.9,-1.4074e-12,9083.1,-0.042664,0.18126,-0.04195,-0.015062,0.0034859
9082.9,-1.4074e-12,9082.9,-7.3686e-05,-0.11603,0.026853,-0.12079,0.027956
9082.9,-1.4074e-12,9082.8,0.018495,-0.21301,0.049299,-0.13465,0.031163
9082.9,-1.4074e-12,9082.8,0.027485,-0.23151,0.053581,-0.11841,0.027405
9082.9,-1.4074e-12,9082.8,0.025422,-0.1815,0.042005,-0.078773,0.018231
9082.9,-1.4074e-12,9082.8,0.01599,-0.096098,0.022241,-0.030981,0.0071702
