0,0,NaN,NaN,NaN,NaN,NaN,NaN
63.974,1.8321,NaN,NaN,NaN,NaN,NaN,NaN
137.94,3.9504,NaN,NaN,NaN,NaN,NaN,NaN
220.91,6.3263,NaN,NaN,NaN,NaN,NaN,NaN
312.87,8.9599,NaN,NaN,NaN,NaN,NaN,NaN
414.89,9.8806,NaN,NaN,NaN,NaN,NaN,NaN
525.9,11.059,NaN,NaN,NaN,NaN,NaN,NaN
646.99,9.5247,NaN,NaN,NaN,NaN,NaN,NaN
779.14,6.3062,NaN,NaN,NaN,NaN,NaN,NaN
918.17,7.2864,NaN,NaN,NaN,NaN,NaN,NaN
1065.4,1.4985,NaN,NaN,NaN,NaN,NaN,NaN
1219.6,-4.089,NaN,NaN,NaN,NaN,NaN,NaN
1381.6,-2.4504,NaN,NaN,NaN,NaN,NaN,NaN
1556.8,-6.4371,NaN,NaN,NaN,NaN,NaN,NaN
1741.8,-3.1405,1739.8,-5.8715,185.8,-1.3327,8.2361,0.5186
1933,-6.6693,1931.9,-6.1562,195.08,0.14876,8.418,1.0381
2131.1,-8.9981,2131.2,-7.3913,203.57,0.67257,8.3848,1.1707
2332.1,-5.2434,2334.6,-5.3862,209.83,2.4265,7.7822,1.5393
2539,-0.31744,2542.2,-0.96665,214.51,4.6461,6.8369,1.9137
2758,5.9516,2758.5,5.4948,220.26,7.0678,6.2967,2.2567
2979,9.2792,2979.6,10.605,225.07,7.7412,5.5944,2.0137
3203.9,15.72,3204.5,16.854,228.58,8.5004,4.628,1.8207
3430.8,22.218,3431.6,23.407,230.48,8.7986,3.3602,1.4955
3659.6,29.773,3660.5,30.331,231.62,8.5785,2.1904,0.98983
3893.3,44.468,3893.1,42.971,233.33,11.527,1.4838,1.5645
4127.1,54.166,4127.4,54.692,234.87,12.953,1.0024,1.625
4357.8,70.774,4359.7,69.578,234.33,14.813,0.12004,1.6588
4586.4,88.325,4588.5,87.427,231.07,17.723,-1.4324,2.0801
4817.9,105.96,4817.5,105.85,228.06,19.506,-2.6662,2.0473
5046.8,115.52,5045.4,119.7,225.26,18.702,-3.5234,1.4748
5275.5,127.07,5273.2,131.21,223.47,16.287,-3.8047,0.46545
5498.4,133.45,5497.8,137.4,221.34,10.814,-3.8916,-1.4111
5718.3,139.75,5718.5,141.14,218.31,5.0626,-4.1229,-3.1375
5937.3,146.02,5936.3,144.41,214.71,0.6418,-4.5226,-4.1928
6150.2,152.12,6149.9,148.63,210.69,-1.2819,-4.8482,-4.2021
6358.1,158.07,6358.3,153.81,205.86,-1.3606,-5.2702,-3.5557
6556.1,158.74,6558.1,156.8,198.83,-1.3507,-6.1619,-2.7734
6750.4,153.3,6751.4,154.54,191.13,-3.1366,-7.0918,-2.4971
6937.8,140.66,6937.6,144.3,182.61,-8.2446,-8.1338,-3.2362
7116.2,130.76,7115.7,132.53,173.63,-12.055,-9.0434,-3.4543
7282.6,118.52,7283.3,118.13,163.57,-16.288,-9.927,-3.9425
7436,106.91,7438.1,103.81,151.48,-18.971,-11.124,-3.9817
7578.4,94.977,7579.9,90.448,137.65,-19.625,-12.616,-3.3961
7713.8,82.848,7712.6,78.857,125.1,-17.678,-13.428,-1.9506
7842.2,70.519,7838.2,67.903,114.77,-15.033,-13.401,-0.47831
7959.5,59.874,7955.5,58.912,106.13,-11.026,-12.675,1.2678
8069.9,49.029,8065.8,50.109,99.104,-7.7311,-11.483,2.4867
8167.2,41.81,8165.2,43.061,91.179,-4.7644,-10.657,3.2553
8252.4,35.246,8252.9,36.678,82.127,-3.0269,-10.183,3.341
8326.5,30.368,8328.4,31.235,71.812,-2.2064,-10.127,2.9503
8389.6,28.173,8392.1,28.272,60.646,-0.80134,-10.315,2.7344
8444.9,18.752,8445.6,21.847,49.072,-1.6983,-10.76,1.9657
8491,17.07,8489.7,18.442,37.861,-1.0044,-11.139,1.7836
8531.3,7.2192,8527.5,10.464,28.891,-3.5215,-10.837,0.63633
8564.4,2.1663,8560,3.3195,22.591,-5.3422,-9.701,-0.17167
8589.5,0.88277,8586.5,-0.76139,18.118,-5.4306,-8.048,-0.40563
8609.5,-0.54389,8607.9,-2.8691,15.023,-4.4349,-6.1858,-0.2458
8623.6,-2.1423,8623.5,-3.8815,11.791,-2.9226,-4.7272,0.12427
8626.7,-5.0552,8629.4,-5.24,6.0262,-1.7476,-4.3421,0.43373
8627.8,-8.0253,8629.7,-7.1541,0.23269,-1.1293,-4.1916,0.57232
8628.8,-9.9959,8627.9,-8.8546,-4.1864,-0.58164,-3.907,0.6848
8632.9,-11.881,8628.8,-10.897,-4.6411,-0.74594,-2.6156,0.49969
8634.9,-12.823,8631,-12.523,-2.8375,-0.95967,-0.88692,0.27809
8635.9,-12.794,8633.8,-13.433,0.085519,-1.1198,0.89923,0.040572
8635.9,-12.794,8636.3,-13.875,3.0755,-1.1936,2.4113,-0.15159
8635.9,-12.794,8638.2,-13.332,5.2812,-0.25537,3.3471,0.12567
8635.9,-12.794,8639.4,-13.14,6.4758,-0.035021,3.6991,0.097581
8635.9,-12.794,8639.6,-12.149,6.1475,1.1815,3.325,0.53843
8635.9,-12.794,8638.9,-11.88,4.7857,1.32,2.5134,0.51129
8635.9,-12.794,8637.8,-12.229,2.9458,0.65106,1.547,0.16304
8635.9,-12.794,8636.5,-12.689,0.93775,-0.070662,0.57193,-0.16419
8634.9,-12.823,8634.9,-13.095,-0.58489,-0.60976,-0.074393,-0.37799
8633.9,-11.852,8634.1,-12.563,-0.64803,-0.37537,-0.023753,-0.29274
8632.8,-9.8814,8633.3,-10.832,-0.53944,0.54269,0.096413,0.0048807
8631.8,-7.9108,8632.2,-8.5211,-0.6725,1.5841,0.093101,0.30933
8630.7,-5.9403,8630.7,-5.9662,-1.2661,2.529,-0.12397,0.55843
8629.7,-4.9693,8629.4,-4.2117,-1.4945,2.7073,-0.18315,0.53809
8629.7,-3.9697,8629,-3.072,-1.1094,2.3267,-0.041379,0.32964
8629.6,-2.9701,8629.2,-2.2783,-0.40454,1.7191,0.19617,0.0691
8629.6,-1.9706,8629.5,-1.6641,0.25716,1.0591,0.39052,-0.18172
8628.6,-1.9992,8629.2,-1.7701,0.38897,0.14402,0.4027,-0.46805
8628.6,-1.9992,8629,-2.1472,0.48211,-0.6637,0.38016,-0.67376
8628.6,-1.9992,8628.9,-2.5006,0.44716,-1.149,0.30109,-0.73601
8628.6,-1.9992,8628.8,-2.6586,0.28173,-1.2255,0.17587,-0.63941
8628.6,-1.9992,8628.6,-2.5734,0.070445,-0.93491,0.047034,-0.4161
8628.6,-1.9992,8628.6,-2.3202,-0.015093,-0.44774,-0.010702,-0.14568
8628.6,-1.9992,8628.5,-2.1058,-0.076311,-0.073086,-0.04791,0.040231
8628.6,-1.9992,8628.5,-1.9931,-0.087752,0.11295,-0.056381,0.12088
8628.6,-1.9992,8628.6,-1.9211,-0.04609,0.21283,-0.037961,0.15322
8628.6,-1.9992,8628.6,-1.8838,0.025417,0.24738,-0.0055485,0.15298
8628.6,-1.9992,8628.7,-1.8139,0.060385,0.31786,0.010385,0.16865
8628.6,-1.9992,8628.6,-1.827,-0.052964,0.26937,-0.038344,0.13271
8628.6,-1.9992,8628.5,-1.908,-0.13607,0.13478,-0.070237,0.063375
8628.6,-1.9992,8628.5,-2.0019,-0.13856,-0.003968,-0.065333,-0.001871
8628.6,-1.9992,8628.6,-1.9992,-9.0949e-13,1.1102e-16,-3.4106e-13,2.7756e-17
8628.6,-1.9992,8628.6,-1.9992,-9.0949e-13,1.1102e-16,-3.4106e-13,2.7756e-17
8628.6,-0.99959,8628.6,-1.3266,-0.0098616,0.34436,-0.0027129,0.094732
8628.6,-0.99959,8628.6,-0.95288,-0.013044,0.4555,-0.0032809,0.11457
8628.5,-8.1946e-13,8628.5,-0.12217,-0.021648,0.75594,-0.0052002,0.18159
8628.5,-8.1946e-13,8628.5,0.2659,-0.02103,0.73434,-0.0042704,0.14912
8628.5,-8.1946e-13,8628.5,0.35508,-0.014984,0.52323,-0.0018062,0.063071
8628.5,-8.1946e-13,8628.5,0.26623,-0.0066246,0.23132,0.0011293,-0.039433
8628.5,-8.1946e-13,8628.5,0.097346,0.0016166,-0.056451,0.003725,-0.13007
8628.5,-8.1946e-13,8628.5,-0.076439,0.0079884,-0.27895,0.0054217,-0.18932
8628.5,-8.1946e-13,8628.5,-0.20286,0.011421,-0.39881,0.0059121,-0.20644
