0,0,NaN,NaN,NaN,NaN,NaN,NaN
56.009,-11.96,NaN,NaN,NaN,NaN,NaN,NaN
123.02,-25.912,NaN,NaN,NaN,NaN,NaN,NaN
201.03,-39.855,NaN,NaN,NaN,NaN,NaN,NaN
289.04,-53.792,NaN,NaN,NaN,NaN,NaN,NaN
390.05,-65.72,NaN,NaN,NaN,NaN,NaN,NaN
503.05,-70.638,NaN,NaN,NaN,NaN,NaN,NaN
624.06,-80.551,NaN,NaN,NaN,NaN,NaN,NaN
757.06,-81.456,NaN,NaN,NaN,NaN,NaN,NaN
896.06,-83.356,NaN,NaN,NaN,NaN,NaN,NaN
1041.1,-83.252,NaN,NaN,NaN,NaN,NaN,NaN
1199.1,-83.138,NaN,NaN,NaN,NaN,NaN,NaN
1366.1,-82.018,NaN,NaN,NaN,NaN,NaN,NaN
1544.1,-78.89,NaN,NaN,NaN,NaN,NaN,NaN
1732.1,-71.755,1729.4,-71.623,188.59,6.9372,8.1387,1.7671
1926,-60.615,1924.9,-62.418,198.26,8.7768,8.3914,1.6235
2125,-46.472,2126.2,-48.807,206.35,12.233,8.2486,2.0436
2334,-34.322,2335.3,-34.498,214.21,15.012,8.0975,2.3083
2550,-22.167,2551.5,-20.407,221.49,16.701,7.8176,2.292
2770,-9.0086,2772.1,-6.6006,226.65,17.195,6.9169,1.9099
2992,6.151,2994.7,7.6395,229.12,16.874,5.3469,1.2438
3217,23.313,3219.3,23.934,229.97,17.495,3.5745,1.0112
3444,41.476,3445.2,40.883,229.44,17.308,1.6961,0.43674
3674,61.641,3673.9,60.117,229.55,18.164,0.4677,0.30293
3905.9,79.808,3905.2,79.128,230.42,18.564,-0.15633,0.12662
4136.9,98.974,4136.3,98.776,230.3,19.314,-0.87284,0.18529
4365.9,120.14,4366,119.98,229.07,20.761,-1.6528,0.50953
4597.9,139.31,4596.6,140.36,228.2,21.34,-2.1503,0.5704
4827.9,159.47,4826.5,160.39,227.14,21.153,-2.5169,0.33946
5052.9,177.63,5053.1,178.6,225.03,19.57,-2.9393,-0.32893
5272.9,193.79,5274.6,194.57,221.22,16.926,-3.6458,-1.2253
5488.9,208.95,5490.4,209.29,215.43,14.549,-4.8233,-1.8229
5699.8,221.1,5700.6,221.6,208.47,11.855,-6.1305,-2.3415
5909.8,231.25,5908.1,231.55,202.75,8.9869,-6.8085,-2.7761
6108.8,237.39,6108.3,237.87,195.96,5.3511,-7.5117,-3.3261
6300.8,238.53,6300.7,239.33,188.31,0.5906,-8.2194,-4.0774
6485.8,238.66,6485.6,238.17,180.26,-3.7006,-8.8149,-4.5473
6663.8,238.79,6663.1,236.43,172.01,-6.4115,-9.296,-4.4549
6836.8,238.92,6834.8,235.56,164.73,-6.7921,-9.3402,-3.5904
7000.8,239.03,6999.3,235.58,157.74,-5.6435,-9.1501,-2.3635
7153.8,232.14,7153.9,231.64,149.58,-6.0322,-9.2108,-1.7132
7293.8,219.24,7295.5,221.76,138.46,-8.6543,-10.124,-1.7499
7425.9,208.34,7426.6,209.86,126.84,-11.377,-11.014,-1.9008
7547.9,197.43,7547.8,197.51,115.48,-13.233,-11.602,-1.8345
7663.9,186.51,7661.8,185.35,105.91,-14.134,-11.515,-1.5591
7769.9,174.59,7767.4,172.95,97.103,-14.607,-11.156,-1.2544
7864.9,162.65,7863.1,160.88,88.083,-14.346,-10.854,-0.78967
7948.9,149.71,7947.8,148.56,78.139,-13.835,-10.862,-0.3116
8021.9,134.77,8022,135.14,68.392,-13.423,-10.656,0.13563
8085.9,120.81,8086.2,121.87,58.769,-12.539,-10.401,0.69264
8140.9,105.85,8141,107.56,49.337,-12.438,-10.135,0.86957
8187.9,91.886,8187.2,92.973,40.27,-12.888,-9.8639,0.71897
8223.9,78.912,8223.2,78.752,30.441,-13.507,-9.9414,0.39661
8253,64.933,8251.2,64.284,21.552,-14.337,-9.7494,0.00085576
8275,52.949,8272.8,51.875,14.363,-13.405,-9.0352,0.28441
8293,41.962,8290.3,41.372,9.8512,-11.254,-7.5765,0.97791
8306,31.971,8303.6,31.837,6.7721,-9.3231,-5.9437,1.4509
8310,22.974,8310,23.27,3.0349,-7.6032,-4.7704,1.751
8323,14.983,8319.3,15.552,3.1553,-6.2262,-2.8833,1.8544
8325,8.9849,8324.1,9.3552,2.5108,-4.7897,-1.5573,1.9114
8326,6.9856,8326.4,6.33,1.9239,-2.5409,-0.50446,2.1301
8327,4.9863,8327.8,4.8777,1.9059,-0.38285,0.43723,2.2865
8328,3.9871,8328.9,4.6158,2.4029,1.5231,1.2533,2.3592
8330,0.9885,8330.6,3.0236,3.2878,1.7177,1.8847,1.9038
8331,-1.0108,8332,1.0726,3.826,1.1997,2.1717,1.296
8331,-2.0108,8332.5,-0.75118,3.696,0.32276,2.099,0.6284
8331,-3.0108,8332.8,-2.5189,3.5569,-0.69229,1.9857,0.0071555
8332,-3.0101,8333.4,-3.3904,3.453,-1.1017,1.8084,-0.31086
8332,-3.0101,8333.6,-3.8648,2.9917,-1.3477,1.4989,-0.52009
8333,-3.0093,8334,-3.9508,2.5196,-1.2746,1.1573,-0.55287
8333,-3.0093,8334,-3.722,1.9957,-0.89609,0.8524,-0.42632
8334,-3.0086,8334.8,-3.2819,2.0461,-0.3097,0.78383,-0.19543
8334,-3.0086,8334.1,-2.8164,0.49908,0.25795,0.064995,0.031936
8335,-3.0079,8334.9,-2.6253,0.70545,0.42663,0.12514,0.087643
8336,-3.0072,8336,-2.8886,1.0919,-0.0034796,0.24223,-0.10772
8336,-3.0072,8336.5,-3.1611,1.0286,-0.38425,0.20804,-0.26005
8337,-3.0065,8337.2,-3.3867,0.9949,-0.65522,0.162,-0.35207
8338,-3.0058,8337.9,-3.2826,0.86136,-0.454,0.063947,-0.2336
8339,-3.005,8338.9,-3.1777,0.91889,-0.27011,0.053515,-0.13372
8340,-3.0043,8340,-3.0978,1.1072,-0.13782,0.10353,-0.065285
8340,-3.0043,8340.4,-3.004,0.87114,0.00062627,0.026252,1.8872e-05
8341,-3.0036,8341,-3.0036,0.69974,0.00050305,-0.043974,-3.1613e-05
8342,-3.0029,8341.9,-3.0029,0.75708,0.00054427,-0.024689,-1.7749e-05
8343,-3.0022,8342.8,-3.0023,0.76799,0.00055211,-0.03426,-2.463e-05
8344,-3.0014,8343.9,-3.0015,0.92725,0.0006666,0.01959,1.4083e-05
8345,-3.0007,8344.9,-3.0008,0.97838,0.00070337,0.023863,1.7156e-05
8345,-3.0007,8345.4,-3.0005,0.77844,0.00055963,-0.022966,-1.651e-05
8345,-3.0007,8345.3,-3.0005,0.29918,0.00021508,-0.16239,-0.00011675
8345,-3.0007,8345.1,-3.0006,-0.11975,-8.6092e-05,-0.26144,-0.00018795
8345,-3.0007,8345,-3.0007,-0.31979,-0.0002299,-0.26665,-0.00019169
8345,-3.0007,8344.8,-3.0009,-0.53313,-0.00038327,-0.29184,-0.0002098
8345,-3.0007,8344.7,-3.001,-0.60028,-0.00043155,-0.26756,-0.00019235
8345,-3.0007,8344.6,-3.001,-0.51904,-0.00037314,-0.19509,-0.00014025
8345,-3.0007,8344.7,-3.0009,-0.29397,-0.00021134,-0.076672,-5.512e-05
8345,-3.0007,8345,-3.0007,0.075442,5.4236e-05,0.088882,6.3898e-05
8345,-3.0007,8345.1,-3.0006,0.24655,0.00017724,0.15307,0.00011005
8345,-3.0007,8345.2,-3.0006,0.31601,0.00022718,0.16828,0.00012098
8346,-3,8345.8,-3.0001,0.61527,0.00044232,0.22852,0.00016429
8346,-3,8346.1,-2.9999,0.5943,0.00042725,0.17997,0.00012938
8346,-3,8346.2,-2.9999,0.41175,0.00029601,0.086889,6.2465e-05
8346,-3,8346.2,-2.9998,0.27896,0.00020054,0.034565,2.4849e-05
8346,-3,8346.2,-2.9999,0.1117,8.0302e-05,-0.023792,-1.7104e-05
8346,-2,8346.1,-2.3271,-0.047786,0.34446,-0.074082,0.094718
8346,-2,8346,-1.9533,-0.1685,0.45557,-0.10642,0.11454
8346,-2,8345.9,-1.7952,-0.23182,0.41158,-0.11545,0.086806
8346,-2,8345.9,-1.7808,-0.231,0.27879,-0.10022,0.034493
8346,-1,8345.9,-1.1769,-0.17143,0.45608,-0.064243,0.070934
8346,-1,8345.9,-0.90626,-0.069753,0.4081,-0.015238,0.040587
8346,-1,8346,-0.84803,0.045056,0.2436,0.034543,-0.019421
8346,-1,8346.1,-0.90419,0.13212,0.047529,0.068452,-0.08077
8346,-1,8346.1,-0.99961,0.1387,-0.119,0.065449,-0.12394
8346,-5.4112e-13,8346,-0.40915,-9.0479e-05,0.12586,3.1226e-05,-0.043435
8346,-5.4112e-13,8346,-0.075163,-0.00015676,0.21805,4.9827e-06,-0.006931
8346,-5.4112e-13,8346,0.092157,-0.00016208,0.22545,-4.3373e-06,0.0060332
8346,-5.4112e-13,8346,0.14837,-0.00012963,0.18032,-1.9879e-06,0.0027652
