0,0,NaN,NaN,NaN,NaN,NaN,NaN
52,-0.21378,NaN,NaN,NaN,NaN,NaN,NaN
110,-0.45222,NaN,NaN,NaN,NaN,NaN,NaN
174,-0.71533,NaN,NaN,NaN,NaN,NaN,NaN
247,-1.0154,NaN,NaN,NaN,NaN,NaN,NaN
330,-1.3567,NaN,NaN,NaN,NaN,NaN,NaN
426,-1.7513,NaN,NaN,NaN,NaN,NaN,NaN
535,-2.1994,NaN,NaN,NaN,NaN,NaN,NaN
657,-1.701,NaN,NaN,NaN,NaN,NaN,NaN
782,-2.2149,NaN,NaN,NaN,NaN,NaN,NaN
917,-2.7699,NaN,NaN,NaN,NaN,NaN,NaN
1056,-2.3413,NaN,NaN,NaN,NaN,NaN,NaN
1199,-2.9292,NaN,NaN,NaN,NaN,NaN,NaN
1355,-2.5705,NaN,NaN,NaN,NaN,NaN,NaN
1519,-2.2448,1518.7,-2.3574,164.97,0.23278,6.1574,0.1123
1693,-0.9601,1689.4,-1.3212,171.1,0.73323,5.4601,0.22942
1875,0.29166,1870.5,0.070556,179.56,1.2746,5.7269,0.34247
2063,0.51877,2060.2,0.89411,189.23,1.3528,6.5614,0.31105
2252,1.7418,2253.4,1.9818,197.04,1.4792,6.9445,0.29012
2445,2.9483,2449.1,3.1697,202.46,1.5598,6.6613,0.25381
2643,3.1343,2647.3,3.6804,205.51,1.2031,5.6389,0.096028
2838,5.3326,2843.2,5.1149,204.13,1.3185,3.3684,0.078069
3038,5.5104,3040,5.6853,201.39,0.8731,0.91917,-0.10405
3239.1,5.6841,3238.6,5.9153,199.22,0.42246,-0.87956,-0.23588
3442,4.8495,3439.3,5.2624,197.96,-0.35018,-2.0404,-0.43039
3657,3.9656,3650.1,4.1073,202.51,-1.1882,-1.0944,-0.61895
3878,3.0571,3870.6,2.9254,211.58,-1.6634,1.3028,-0.64592
4106,-5.8802,4099.9,-3.677,222.72,-4.7234,4.0378,-1.3798
4333,-18.813,4332.1,-15.825,232.2,-9.7696,6.0044,-2.5623
4556.9,-30.734,4561.8,-29.961,236.67,-14.427,6.1871,-3.4871
4773.9,-44.626,4783.4,-45.596,234.11,-18.178,4.1881,-3.9814
4982.8,-60.485,4994.1,-62.45,224.67,-20.809,0.35093,-4.0012
5186.7,-76.324,5195.5,-79.31,211.44,-21.949,-4.1076,-3.5328
5383.7,-94.133,5387.9,-96.737,195.99,-22.102,-8.6209,-2.7571
5574.6,-111.92,5573.2,-113.99,181.07,-21.174,-12.233,-1.7095
5763.5,-129.7,5756.7,-131.1,170.99,-19.803,-13.549,-0.69075
5949.4,-149.46,5939.5,-149.2,165.88,-18.669,-12.845,0.13892
6133.4,-166.22,6123.6,-166.15,166.27,-17.101,-10.144,0.88682
6308.3,-181.94,6303.5,-181.97,167.8,-15.455,-7.0926,1.4387
6469.3,-195.6,6471.3,-196.18,164.58,-13.787,-5.7811,1.77
6616.2,-207.2,6623.4,-208.21,155.22,-11.771,-6.4909,2.0575
6749.2,-216.75,6757.7,-217.22,139.58,-8.4863,-9.1406,2.7408
6874.1,-224.26,6878.9,-223.86,122.07,-5.001,-12.114,3.3695
6994.1,-231.76,6992.3,-230.15,106.66,-2.9131,-14.132,3.403
7108.1,-235.22,7101.2,-234,95.566,-0.74858,-14.482,3.3789
7218,-246.68,7208.2,-242.38,89.922,-2.1548,-12.957,2.3094
7322,-256.1,7312.9,-252.56,88.297,-5.0111,-10.215,0.8862
7419,-265.5,7413.7,-263.56,88.914,-8.1065,-6.9327,-0.42566
7510,-269.88,7509.3,-271.44,89.708,-9.1499,-3.9532,-0.98259
7587.9,-283.2,7593.2,-283.07,85.972,-11.724,-2.8271,-1.7847
7655.9,-290.48,7663.9,-292.32,76.98,-12.035,-3.6906,-1.716
7712.9,-293.71,7720.2,-297.43,62.945,-9.8401,-6.2862,-0.89424
7759.8,-301.9,7764.2,-303.27,46.721,-8.069,-9.3618,-0.18993
7799.8,-302.07,7799.7,-304.44,31.993,-4.1222,-11.564,1.0538
7830.8,-302.2,7827.7,-303.31,19.927,0.05816,-12.504,2.1899
7852.8,-302.29,7848.8,-301.59,10.767,3.1842,-12.188,2.8139
7867.8,-302.35,7863.7,-300.33,4.0317,4.6434,-11.025,2.7749
7875.8,-302.38,7872.4,-299.88,-1.0462,4.5431,-9.4347,2.1946
7876.8,-302.38,7874.8,-300.42,-5.2055,3.0579,-7.7449,1.1801
7876.8,-301.38,7874.3,-300.06,-7.5379,2.4029,-5.8522,0.64765
7877.8,-300.39,7874.2,-299.88,-7.1749,1.3114,-3.584,0.014016
7877.8,-298.39,7874.4,-299.02,-5.1944,0.56587,-1.3307,-0.43659
7877.8,-296.39,7875.3,-297.76,-2.3595,-0.0063646,0.66281,-0.77286
7877.9,-295.39,7877.2,-295.82,1.3409,0.73588,2.5405,-0.44083
7877.9,-295.39,7879.2,-295.22,4.6354,0.40909,3.8793,-0.49947
7873.9,-295.37,7878.3,-295.2,5.6048,-0.15463,4.2081,-0.61209
7863.9,-295.33,7871.1,-294.92,2.5592,-0.0029378,3.1383,-0.39567
7846.9,-295.26,7855.1,-295.43,-5.1388,-0.76093,0.64024,-0.60271
7829.9,-295.19,7834.8,-295.8,-13.748,-1.1923,-1.9448,-0.67385
7811.9,-295.12,7812.6,-295.92,-21.178,-1.2463,-3.8865,-0.60092
7795.8,-299.05,7792.1,-298.47,-25.221,-2.3339,-4.5373,-0.78527
7782.8,-300,7776.2,-300.29,-24.501,-2.6011,-3.5505,-0.6947
7771.8,-302.95,7765.3,-302.88,-19.686,-3.0041,-1.2915,-0.63297
7764.8,-307.92,7759.7,-307.29,-12.224,-4.143,1.5042,-0.79304
7761.8,-309.91,7759.1,-310.56,-3.5411,-4.3271,4.2464,-0.6781
7760.8,-312.91,7761.6,-313.78,4.5037,-4.3712,6.3458,-0.55881
7755.8,-315.89,7761.4,-316.77,8.2105,-4.1289,6.7182,-0.36629
7753.8,-318.88,7760,-319.46,8.6641,-3.551,5.7902,-0.072878
7751.7,-321.87,7757,-321.98,6.2162,-2.8247,3.8572,0.24445
7750.7,-323.87,7753.7,-323.88,2.8593,-1.9293,1.7911,0.54909
7750.7,-324.87,7751.4,-324.92,0.23063,-0.88613,0.25016,0.81924
7749.7,-325.86,7749.5,-325.67,-1.496,-0.12349,-0.66632,0.92972
7749.7,-325.86,7748.5,-325.79,-2.3318,0.54248,-1.105,0.95137
7749.7,-325.86,7748.4,-325.63,-2.1335,0.99596,-1.0373,0.88919
7749.7,-326.86,7748.7,-325.88,-1.4662,1.1484,-0.74679,0.79111
7749.7,-326.86,7749.3,-326.28,-0.67637,0.76083,-0.4019,0.47535
7749.7,-326.86,7749.8,-326.43,0.020556,0.58792,-0.1018,0.29626
7749.7,-326.86,7749.9,-326.47,0.10797,0.49419,-0.071021,0.18655
7749.7,-326.86,7749.6,-326.82,-0.34851,-0.045379,-0.26677,-0.090371
7752.7,-326.87,7751.3,-327.05,0.28441,-0.36083,-0.1339,-0.23548
7764.7,-321.92,7760.7,-323.83,5.0904,1.2075,1.244,0.18416
7778.8,-312.98,7775.2,-315.93,11.207,4.9085,2.7838,1.1778
7795.8,-304.05,7793.9,-305.67,17.867,8.9632,4.2711,2.1679
7814.9,-295.13,7815.3,-294.76,23.657,12.105,5.2519,2.7481
7834.9,-285.21,7837.7,-283.53,27.571,14.139,5.4731,2.8807
7856.9,-276.3,7860.8,-273.4,29.807,14.474,5.0856,2.4525
7880,-267.4,7884,-264.48,30.059,13.311,4.0394,1.5675
7904,-257.5,7907.1,-255.73,28.924,11.69,2.6318,0.61651
7929.1,-246.6,7930.6,-246.33,27.147,10.389,1.1783,-0.12364
7956.1,-236.71,7955.7,-237.2,25.911,8.9791,0.096988,-0.78443
7982.1,-227.82,7981.2,-228.56,25.025,7.7209,-0.62014,-1.2346
8010.2,-217.93,8008.6,-219.18,25.546,7.4715,-0.67014,-1.2275
8040.2,-209.06,8038.7,-209.74,27.641,7.79,-0.09635,-0.93404
8069.2,-199.17,8068.9,-199.61,29.409,8.7583,0.36972,-0.42365
8098.3,-190.29,8098.5,-190.28,29.85,8.9271,0.31386,-0.26939
8132.3,-181.43,8131.2,-181.51,31.605,8.5768,0.64063,-0.34231
8166.4,-173.57,8165.4,-173.45,33.464,8.0174,0.94722,-0.44969
8199.4,-165.71,8199.5,-165.72,34.611,7.4973,1.022,-0.52214
8234.4,-157.85,8234.6,-158.11,35.759,7.0973,1.0904,-0.55024
8263.4,-150.97,8265.9,-150.97,34.341,6.7777,0.42256,-0.51164
8290.5,-145.08,8293.6,-144.77,31.08,6.1705,-0.68106,-0.55131
8316.5,-141.19,8318.6,-140.48,27.061,4.7418,-1.8573,-0.83689
8341.5,-132.29,8342,-133.75,23.145,4.9501,-2.8324,-0.65138
8365.5,-129.39,8364.3,-129.27,19.907,4.2421,-3.4423,-0.69612
8389.5,-127.49,8387,-126.68,18.353,2.9585,-3.3726,-0.86884
8412.6,-118.59,8409.6,-120.44,17.88,3.9523,-2.9214,-0.40978
8435.6,-116.68,8432.8,-116.52,18.603,3.7713,-2.0963,-0.30559
8455.6,-112.76,8454.8,-112.77,19.497,3.577,-1.2024,-0.24732
8476.6,-108.85,8476.7,-108.91,20.64,3.6196,-0.34238,-0.12493
8494.7,-101.92,8495.9,-102.99,20.067,4.7707,-0.2051,0.27363
8511.7,-99.993,8513.1,-99.206,18.604,4.6343,-0.41208,0.26877
8530.7,-96.071,8530.7,-95.524,17.579,4.3856,-0.55495,0.19576
8549.7,-93.149,8548.5,-92.558,16.824,3.744,-0.68758,-0.0048764
8571.7,-89.24,8569.5,-89.2,18.368,3.4701,-0.06622,-0.078088
8594.7,-86.334,8592.7,-86.186,21.049,3.1518,0.82283,-0.14222
8618.7,-83.433,8617.7,-83.34,24.118,2.8777,1.7048,-0.18025
8642.7,-80.532,8643.2,-80.933,26.686,2.1706,2.306,-0.41453
8668.7,-78.639,8669.9,-78.523,28.894,2.1571,2.6625,-0.29016
8693.8,-76.741,8696,-76.489,29.645,2.0206,2.4638,-0.22241
8721.8,-74.856,8723.2,-75.14,30.169,1.1971,2.1282,-0.47063
8747.8,-73.963,8749.4,-73.755,29.391,1.1623,1.3944,-0.32384
8773.8,-72.07,8775.1,-72.237,28.125,1.1479,0.61697,-0.23519
8798.8,-71.173,8799.7,-71.219,26.153,0.87763,-0.27576,-0.25018
8822.8,-69.272,8823.4,-69.912,24.356,0.70244,-0.90303,-0.28434
8846.8,-66.37,8846.8,-67.113,23.004,1.755,-1.2468,0.12538
8867.8,-61.457,8868.1,-62.595,21.019,3.379,-1.6821,0.60257
8886.8,-59.535,8887.3,-59.081,18.699,4.1436,-2.0882,0.78788
8903.9,-54.605,8904,-54.493,15.877,5.0775,-2.5715,0.94781
8918.9,-47.667,8918.6,-47.977,13.085,6.6541,-2.9287,1.2499
8931.9,-44.72,8931.3,-43.352,10.521,6.6438,-3.1131,1.0409
8941.9,-37.761,8941.5,-37.359,7.9975,7.0304,-3.1885,0.92675
8951.9,-35.802,8950.7,-33.975,6.1894,5.7845,-3.0277,0.36913
8959,-28.831,8958,-28.857,4.6561,5.4689,-2.7498,0.11364
8962,-26.844,8961.8,-25.969,2.1785,3.9864,-2.789,-0.42018
8971,-22.881,8968.5,-22.872,2.5404,2.9979,-1.9878,-0.71483
8973,-19.889,8972.4,-20.198,2.0588,2.0846,-1.5095,-0.92735
8975,-15.897,8974.9,-16.757,1.5244,2.0486,-1.1168,-0.80506
8981,-11.922,8979.6,-12.887,2.5415,2.4047,-0.38928,-0.56685
8982,-10.926,8982.2,-10.752,2.4549,1.9209,-0.11692,-0.57752
8985,-8.9383,8985.1,-8.9331,2.8309,1.4707,0.22749,-0.57973
8988.1,-5.9506,8988.2,-6.2109,3.3199,1.9371,0.5131,-0.2638
8991.1,-3.963,8991.3,-4.0869,3.7424,1.8543,0.69341,-0.20865
8992.1,-2.9671,8993.1,-2.8809,3.3152,1.2695,0.56842,-0.33161
8994.1,-1.9753,8994.8,-1.7656,2.8511,1.0614,0.40872,-0.27506
8996.1,-0.98355,8996.5,-1.1252,2.5042,0.48378,0.28595,-0.3987
8996.1,0.016444,8996.8,-0.097973,1.3807,0.59771,-0.07772,-0.23727
8998.1,0.0082222,8998,-0.088456,1.1395,-0.060735,-0.11525,-0.39497
8999.1,0.0041111,8999.1,0.098344,1.1124,-0.059297,-0.056625,-0.25562
8999.1,0.0041111,8999,-0.016195,0.081437,-0.26709,-0.39437,-0.23513
8999.1,0.0041111,8999.2,-0.099716,0.0067244,-0.32106,-0.28395,-0.1722
8999.1,0.0041111,8999.2,-0.26621,-0.15183,-0.45091,-0.23142,-0.1701
9000.1,-9.6222e-13,8999.5,-0.307,-0.27386,-0.40077,-0.24435,-0.10978
9000.1,-9.6222e-13,9000,-0.02545,0.14681,0.060683,-0.010752,0.11003
9000.1,-9.6222e-13,9000.1,0.10115,0.158,0.25339,0.027544,0.18769
9000.1,-9.6222e-13,9000.1,0.078598,0.086272,0.21371,0.02254,0.15415
9000.1,-9.6222e-13,9000.1,0.11431,0.033103,0.24641,0.019465,0.153
9000.1,-9.6222e-13,9000.2,0.18282,0.18529,0.31525,0.099574,0.16787
9000.1,-9.6222e-13,9000.2,0.17219,0.13117,0.27024,0.078783,0.13343
9000.1,-9.6222e-13,9000.1,0.093277,0.078594,0.13829,0.056201,0.065129
