0,0,NaN,NaN,NaN,NaN,NaN,NaN
49.178,8.9175,NaN,NaN,NaN,NaN,NaN,NaN
106.42,17.894,NaN,NaN,NaN,NaN,NaN,NaN
168.62,26.286,NaN,NaN,NaN,NaN,NaN,NaN
236.3,33.23,NaN,NaN,NaN,NaN,NaN,NaN
313.9,39.006,NaN,NaN,NaN,NaN,NaN,NaN
398.71,44.338,NaN,NaN,NaN,NaN,NaN,NaN
491.93,51.096,NaN,NaN,NaN,NaN,NaN,NaN
593.22,57.913,NaN,NaN,NaN,NaN,NaN,NaN
699.34,66.378,NaN,NaN,NaN,NaN,NaN,NaN
815.24,75.906,NaN,NaN,NaN,NaN,NaN,NaN
935.61,85.715,NaN,NaN,NaN,NaN,NaN,NaN
1063.2,95.081,NaN,NaN,NaN,NaN,NaN,NaN
1195.2,104.73,NaN,NaN,NaN,NaN,NaN,NaN
1327.7,113.51,1331,115.4,140.85,12.065,5.5675,1.2086
1465.7,120.84,1468,122.99,142.32,10.547,4.1039,0.53117
1609.1,128.96,1609.3,130.01,143.99,8.7039,2.9175,-0.20775
1759.4,133.03,1757.4,134.25,147.67,5.7249,2.5945,-1.1637
1917.2,138.03,1913.7,137.96,153.83,3.3314,3.1586,-1.7776
2082.8,141.72,2078.5,141.03,161.89,1.5588,4.2485,-2.051
2251.7,141.58,2249.4,141.56,170.19,-0.60378,5.3611,-2.31
2416.9,143.91,2419.5,142.59,174.83,-1.5599,5.3423,-2.1558
2581.9,142.63,2587.4,141.99,175.73,-2.5567,4.2515,-1.9662
2744.6,135.38,2751.5,136.58,172.94,-5.3733,2.2452,-2.2914
2909.1,126.91,2913.5,127.97,168.09,-8.7778,-0.20459,-2.7385
3078.9,113.39,3078.3,114.75,164.82,-13.24,-1.8848,-3.4065
3251.8,100.51,3247.1,100.07,163.83,-16.779,-2.6444,-3.7116
3425.9,89.498,3419.8,86.621,165.42,-18.138,-2.3455,-3.3486
3599.6,77.122,3595.1,73.788,168.97,-17.955,-1.192,-2.5398
3769.1,62.233,3768.6,60.104,171.38,-17.368,-0.29413,-1.663
3937.9,42.378,3940.1,42.716,172.49,-18.186,0.22184,-1.2831
4101.9,20.876,4106.5,22.568,170.4,-19.515,-0.2823,-1.0568
4265.7,-4.2248,4269.3,-1.7238,166.17,-22.453,-1.5037,-1.3981
4429.3,-27.094,4429.9,-26.413,161.08,-24.645,-2.9931,-1.5567
4589.3,-47.51,4587.8,-49.129,155.81,-24.968,-4.3336,-1.218
4746.8,-65.834,4744.3,-69.371,152.04,-23.957,-4.8569,-0.67523
4895.1,-80.257,4894.7,-84.816,147.34,-20.201,-5.3395,0.60883
5034.5,-95.24,5036.8,-97.683,141.05,-15.348,-5.9502,2.1387
5164.5,-109.92,5168.5,-109.6,132.12,-11.014,-7.1306,3.3219
5286.8,-123.29,5290,-120.63,121,-7.3139,-8.8007,4.1581
5402.4,-137.09,5403,-132.88,109.41,-6.0651,-10.39,3.9929
5512.8,-148.06,5510,-144.91,99.258,-6.3626,-11.297,3.1545
5617.8,-157.59,5612.5,-156.08,91.619,-7.2459,-11.212,2.1062
5715.1,-165.81,5710,-165.84,86.194,-7.8969,-10.247,1.2196
5807,-172.59,5802.7,-173.49,82.482,-7.4821,-8.7415,0.83646
5890.1,-176.32,5888.7,-177.97,79.103,-5.5649,-7.1592,1.0202
5965.2,-180.11,5966.4,-180.62,74.223,-2.9606,-6.2428,1.517
6030.9,-177.77,6033.8,-178.94,66.79,0.95975,-6.3067,2.3125
6088.1,-174.63,6091.1,-174.9,57.257,4.692,-7.105,2.9193
6138,-171.04,6139.3,-170.03,46.602,7.248,-8.2775,3.051
6179.4,-166.64,6179.3,-165.04,36.223,8.3077,-9.192,2.6416
6217,-165.62,6214.4,-162.48,28.16,7.2112,-9.2554,1.6765
6245.1,-164.3,6242.8,-161.48,21.272,4.9318,-8.8346,0.48898
6268.8,-163.26,6266.3,-161.59,16.146,2.1405,-7.8723,-0.68619
6286.2,-161.27,6284.4,-161.36,11.924,0.068889,-6.7335,-1.4473
6297.2,-158.34,6296.5,-160.14,7.6806,-1.059,-5.7812,-1.8054
6300.3,-157.7,6301.2,-159.42,2.4006,-1.8707,-5.3111,-1.9198
6302.2,-158.93,6302.1,-159.91,-1.9281,-2.6362,-4.724,-1.8833
6305.4,-160.51,6302.9,-161.09,-3.9613,-3.0694,-3.7104,-1.6577
6309,-160.74,6305.2,-161.63,-3.2943,-2.6849,-2.1378,-1.1856
6311.2,-160.6,6308.2,-161.37,-1.1933,-1.5741,-0.42887,-0.529
6312.6,-160.96,6311.4,-161.55,1.5702,-1.1442,1.1937,-0.25378
6312.6,-160.96,6313.7,-161.52,3.8307,-0.67957,2.3664,-0.030832
6312.6,-160.96,6315.2,-161.39,5.2229,-0.2874,2.9843,0.11782
6312.6,-160.96,6315.9,-161.19,5.6772,0.051085,3.0854,0.22105
6312.6,-160.96,6315.6,-160.67,4.7819,0.73813,2.5511,0.46839
6312.6,-160.96,6314.9,-160.32,3.5189,1.1165,1.87,0.57088
6313.5,-160.46,6314.3,-159.87,2.0383,1.302,1.0768,0.56551
6314.3,-159.95,6314.2,-159.62,1.0407,1.0379,0.51591,0.36466
6314.3,-159.95,6314.3,-159.83,0.62532,0.36594,0.28125,0.035144
6315.7,-160.31,6315.8,-160.19,1.5289,-0.11555,0.58069,-0.14869
6317.9,-160.17,6318.1,-160.19,2.6598,-0.13845,0.89143,-0.13146
6321.9,-159.03,6321.7,-159.39,3.8554,0.31303,1.1004,0.026605
6328.9,-157.24,6327.9,-157.84,5.8398,0.95781,1.4474,0.19417
6346.2,-153.02,6342.3,-154.23,11.395,2.4874,2.7263,0.58265
6363.5,-151.04,6361.1,-151,17.615,3.4633,4.0263,0.78195
6388.6,-150.36,6386.6,-149.17,25.35,3.3555,5.5551,0.63875
6415.2,-146.44,6415.8,-146.1,32.238,3.738,6.5735,0.62705
6446.3,-142.24,6448.5,-142.19,38.077,4.2963,7.0465,0.64943
6482.2,-136.4,6485,-136.83,42.928,5.3012,7.0339,0.77754
6523.6,-132.01,6526,-131.78,47.159,5.728,6.6945,0.71708
6570.7,-125.46,6571.9,-125.67,51.157,6.3636,6.1936,0.70092
6621.9,-120,6622.5,-119.73,54.963,6.6109,5.6421,0.58551
6678.2,-117.36,6678.3,-115.85,59.133,5.6725,5.2721,0.1809
6737.6,-114.07,6738,-112.77,63.048,4.4732,4.9054,-0.23061
6802.4,-112.23,6802.7,-111.1,67.534,2.7377,4.8155,-0.74074
6871.8,-110.12,6872.3,-109.95,72.354,1.0738,4.8891,-1.1758
6946.1,-108.58,6946.6,-109.25,77.153,-0.37595,4.9373,-1.488
7024.8,-106.77,7024.9,-108.35,81.124,-1.2463,4.6272,-1.5819
7106.8,-106.54,7107.2,-107.67,85.113,-1.399,4.4273,-1.3317
7192.7,-105.17,7193,-106.2,88.439,-0.58814,4.0202,-0.76353
7281.9,-105.39,7282.4,-105.63,91.871,-0.29583,3.7783,-0.43806
7372.1,-107.33,7373.5,-106.62,94.248,-0.69687,3.3067,-0.34988
7463.7,-109.64,7465.5,-108.84,95.444,-1.6478,2.5831,-0.47255
7554.5,-114.68,7556.7,-113.37,94.903,-3.4529,1.4724,-0.82635
7647.6,-119.59,7648.6,-119.2,93.874,-5.6179,0.38201,-1.3069
7741.5,-123.99,7741.4,-124.81,92.99,-6.9052,-0.45358,-1.458
7839.9,-128.11,7837.6,-129.57,93.78,-6.9711,-0.62654,-1.18
7936.4,-131,7934.7,-132.96,94.879,-6.0062,-0.54254,-0.63668
8033.7,-131.16,8032.5,-133.48,96.004,-3.3871,-0.37358,0.33979
8130.9,-131.32,8130.5,-132.59,96.968,-0.48899,-0.19231,1.2636
8226.6,-128.88,8227.3,-129.48,96.989,2.86,-0.26162,2.1668
8321,-126.08,8322.3,-125.43,95.932,5.6084,-0.61049,2.7164
8413.2,-123.43,8414.8,-121.46,93.675,7.2078,-1.2458,2.7997
8503.1,-120.91,8504.3,-118.43,90.264,7.1517,-2.1452,2.2739
8589.4,-118.17,8590.2,-115.96,85.804,6.1816,-3.2111,1.4905
8672.1,-115.21,8672.3,-113.79,80.937,4.7751,-4.1706,0.64941
8749.5,-113.03,8749.7,-112.3,75.503,2.9913,-5.0485,-0.19295
8821.8,-108.04,8822,-108.92,69.897,2.6327,-5.7016,-0.45393
8892.2,-101.82,8891.2,-103.59,65.048,3.4227,-5.9682,-0.30417
8957.6,-95.019,8956.3,-96.68,60.535,4.9914,-6.0115,0.11263
9018.8,-84.898,9017.1,-86.723,56.005,7.9099,-6.0267,0.91129
9074.2,-74.695,9073.2,-75.358,51.643,10.823,-5.8648,1.6201
9124.6,-63.908,9124,-63.416,47.013,13.016,-5.7522,1.9922
9168.3,-53.542,9168.5,-51.83,41.597,14.133,-5.8383,1.9823
9207.9,-42.089,9207.9,-40.407,36.232,14.216,-5.8704,1.5832
9240.5,-32.425,9240.8,-30.437,30.181,12.994,-6.0806,0.82439
9266.2,-20.95,9266.7,-20.15,23.367,11.811,-6.4715,0.15269
9290.1,-16.31,9288.8,-14.178,17.635,8.4754,-6.5153,-1.0076
9305.8,-9.4971,9304.8,-8.983,11.771,5.4839,-6.5479,-1.8861
9318.9,-4.1919,9317.1,-4.6722,7.0876,3.0216,-6.2011,-2.4181
9327.2,-0.5343,9325.5,-1.3777,3.4315,1.1567,-5.5342,-2.5983
9329.9,-1.2586,9329.2,-1.381,-0.083801,-1.5298,-4.8795,-2.9267
9332.3,-3.3499,9330.8,-3.5991,-2.5703,-4.1154,-4.0884,-3.1086
9333.6,-3.7121,9331.6,-5.3563,-3.513,-5.1947,-2.9994,-2.7877
9333.6,-3.7121,9331.7,-6.2907,-3.4535,-5.0805,-1.8311,-2.1695
9336.7,-3.0693,9334.1,-5.7637,-1.2609,-3.5577,-0.2793,-1.1855
9337.6,-2.5668,9336.5,-4.4113,1.0619,-1.4533,1.0226,-0.14938
9338.1,-3.4314,9338.7,-3.5964,3.0868,0.20112,1.9791,0.6162
9338.6,-4.296,9340.2,-3.4689,4.2712,1.0719,2.42,0.98367
9338.6,-4.296,9341.1,-3.2456,4.7191,1.6919,2.4913,1.1673
9339.1,-5.1606,9341.6,-3.9094,4.5443,1.3504,2.2511,0.9481
9338.2,-5.6631,9340.5,-4.3991,2.9382,1.2658,1.466,0.85439
9336.5,-6.668,9338.4,-5.8483,1.0241,0.17329,0.67631,0.35596
9333.9,-8.1754,9335,-7.8882,-1.3986,-1.1616,-0.21283,-0.17521
9331.3,-9.6828,9331.4,-9.9489,-3.1484,-2.1302,-0.74384,-0.50252
9324.4,-13.702,9325.4,-13.2,-5.3215,-3.0563,-1.2169,-0.66058
9315.1,-15.631,9316.4,-15.776,-8.3124,-3.1887,-1.8359,-0.54049
9304.1,-18.564,9305,-18.762,-11.451,-3.4851,-2.3741,-0.50698
9296.9,-18.12,9295.3,-19.582,-12.515,-2.5345,-2.2329,-0.14207
9292.3,-16.169,9288.6,-18.126,-11.484,-0.5824,-1.5451,0.44736
9283.4,-16.731,9281.3,-17.095,-10.234,0.78214,-0.78349,0.81563
9280.1,-15.142,9277.6,-15.023,-7.0645,2.4035,0.44002,1.2218
9278.1,-11.683,9276.4,-11.484,-3.0538,4.2112,1.7336,1.5905
9276.3,-10.457,9276.4,-9.0161,0.54625,4.6914,2.7013,1.4833
9273.5,-9.7324,9275.6,-7.7393,2.5006,4.0917,2.9797,1.0454
9270.3,-8.1435,9273.6,-6.8287,2.725,3,2.6311,0.4628
9268.9,-7.7814,9271.5,-6.8832,2.0797,1.3862,1.949,-0.2108
9268.4,-6.9168,9269.6,-6.9932,0.97188,0.0046402,1.1149,-0.72219
9267.9,-6.0522,9268,-6.8428,-0.33385,-0.82253,0.28629,-0.96334
9267.4,-5.1876,9267,-6.1005,-0.91722,-0.75618,-0.12792,-0.8164
9266.9,-4.323,9266.5,-5.1625,-0.90431,-0.44267,-0.21416,-0.59271
9266.9,-4.323,9266.7,-4.4927,-0.3995,-0.055653,-0.073798,-0.32182
9266.9,-4.323,9266.7,-4.3514,-0.2738,-0.12526,-0.091723,-0.26132
9266.9,-4.323,9266.8,-4.3592,-0.18276,-0.21982,-0.10303,-0.22135
9266.9,-4.323,9267.2,-4.179,0.42899,0.036931,0.13331,-0.042814
9266.9,-4.323,9267.1,-4.2928,0.15007,-0.084278,-0.017716,-0.054781
9266.9,-4.323,9266.8,-4.5528,-0.26915,-0.38058,-0.20615,-0.15476
9266.9,-4.323,9266.6,-4.5335,-0.5154,-0.28095,-0.29905,-0.086527
9266.9,-4.323,9266.7,-4.4374,-0.4152,-0.10033,-0.23215,0.0031925
9266.9,-4.323,9266.8,-4.3827,-0.15775,-0.0044225,-0.10117,0.044007
9266.9,-4.323,9266.9,-4.2241,-0.12388,0.21316,-0.076914,0.13235
9266.9,-4.323,9266.8,-4.1645,-0.15878,0.27322,-0.084555,0.1455
9266.9,-4.323,9266.8,-4.1738,-0.13605,0.23411,-0.067206,0.11564
9266.9,-4.323,9266.9,-4.2422,-0.069649,0.11985,-0.032841,0.05651
9266.9,-4.323,9266.9,-4.323,-4.5475e-13,4.4409e-16,-2.2737e-13,1.6653e-16
9266.9,-4.323,9266.9,-4.323,-4.5475e-13,4.4409e-16,-2.2737e-13,1.6653e-16
9266.9,-4.323,9266.9,-4.323,-4.5475e-13,4.4409e-16,-2.2737e-13,1.6653e-16
9266.9,-4.323,9266.9,-4.323,-4.5475e-13,4.4409e-16,-2.2737e-13,1.6653e-16
9266.9,-4.323,9266.9,-4.323,-4.5475e-13,4.4409e-16,-2.2737e-13,1.6653e-16
9266.9,-4.323,9266.9,-4.323,-4.5475e-13,4.4409e-16,-2.2737e-13,1.6653e-16
9266.9,-4.323,9266.9,-4.323,-4.5475e-13,4.4409e-16,-2.2737e-13,1.6653e-16
9266.9,-4.323,9266.9,-4.323,-4.5475e-13,4.4409e-16,-2.2737e-13,1.6653e-16
9266.4,-3.4584,9266.6,-3.7412,-0.1731,0.29785,-0.047619,0.081939
9266.4,-3.4584,9266.4,-3.418,-0.22897,0.39399,-0.057588,0.099094
9266.4,-3.4584,9266.3,-3.2812,-0.20689,0.356,-0.043658,0.075124
9266.4,-3.4584,9266.3,-3.2688,-0.14016,0.24119,-0.017368,0.029885
9266.4,-3.4584,9266.3,-3.3284,-0.056125,0.096576,0.011954,-0.02057
9266.4,-3.4584,9266.4,-3.4177,0.023886,-0.041102,0.037189,-0.063993
9266.4,-3.4584,9266.4,-3.5042,0.084501,-0.1454,0.053429,-0.091937
9265.9,-2.5938,9266.1,-2.9834,-0.056766,0.097679,0.010357,-0.017822
9265.9,-2.5938,9266,-2.6831,-0.113,0.19444,-0.0072448,0.012466
9265.9,-2.5938,9265.9,-2.5282,-0.12091,0.20806,-0.011404,0.019623
9265.4,-1.7292,9265.5,-1.8821,-0.27836,0.47899,-0.057345,0.098675
9265.4,-1.7292,9265.3,-1.5495,-0.30782,0.52967,-0.062984,0.10838
9265.4,-1.7292,9265.2,-1.443,-0.24941,0.42916,-0.040834,0.070265
9265.4,-1.7292,9265.3,-1.5046,-0.12531,0.21563,0.0032209,-0.0055423
9264.9,-0.8646,9265.1,-1.1243,-0.11289,0.19426,0.022312,-0.038393
9264.9,-0.8646,9264.9,-0.9132,-0.089113,0.15334,0.029944,-0.051526
9264.9,-0.8646,9264.9,-0.84482,-0.036412,0.062655,0.042025,-0.072314
9264.9,-0.8646,9264.9,-0.84143,0.011067,-0.019044,0.04825,-0.083026
9264.9,-0.8646,9264.9,-0.85499,0.037114,-0.063863,0.044948,-0.077344
9264.9,-0.8646,9264.9,-0.86714,0.043455,-0.074775,0.035078,-0.06036
9264.9,-0.8646,9264.9,-0.88918,0.049753,-0.085611,0.02823,-0.048577
9264.9,-0.8646,9265,-0.96208,0.093605,-0.16107,0.040627,-0.069908
9264.9,-0.8646,9264.9,-0.92591,0.049562,-0.085282,0.015978,-0.027494
9264.9,-0.8646,9264.9,-0.8954,0.016324,-0.028089,-0.00058644,0.0010091
9264.9,-0.8646,9264.9,-0.92422,0.034901,-0.060055,0.0076418,-0.013149
9264.9,-0.8646,9264.9,-0.85528,-0.022727,0.039107,-0.01735,0.029854
9264.9,-0.8646,9264.9,-0.79622,-0.066404,0.11426,-0.034365,0.059133
9264.4,-2.629e-12,9264.5,-0.20202,-0.24275,0.4177,-0.080459,0.13845
