0,0,NaN,NaN,NaN,NaN,NaN,NaN
84.716,6.9435,NaN,NaN,NaN,NaN,NaN,NaN
181.59,12.77,NaN,NaN,NaN,NaN,NaN,NaN
289.37,15.62,NaN,NaN,NaN,NaN,NaN,NaN
412.04,16.609,NaN,NaN,NaN,NaN,NaN,NaN
550.47,16.233,NaN,NaN,NaN,NaN,NaN,NaN
704.15,15.36,NaN,NaN,NaN,NaN,NaN,NaN
867.25,14.115,NaN,NaN,NaN,NaN,NaN,NaN
1044.1,14.978,NaN,NaN,NaN,NaN,NaN,NaN
1228.2,15.345,NaN,NaN,NaN,NaN,NaN,NaN
1417.7,14.223,NaN,NaN,NaN,NaN,NaN,NaN
1621.5,14.341,NaN,NaN,NaN,NaN,NaN,NaN
1833,13.095,NaN,NaN,NaN,NaN,NaN,NaN
2053,10.98,NaN,NaN,NaN,NaN,NaN,NaN
2280,4.7715,2279.1,7.6825,229.05,-1.5239,6.1244,0.16372
2511.3,-7.0185,2510.7,-3.2136,234.23,-6.6124,5.136,-1.3178
2743.9,-25.01,2745.1,-21.147,237.83,-14.175,4.06,-3.3234
2977.9,-45.607,2980.6,-43.759,239.72,-21.916,2.8702,-5.0581
3213.4,-66.575,3216.2,-67.988,239.54,-27.804,1.3461,-5.947
3440.5,-91.141,3445.3,-94.118,234.45,-32.002,-1.2993,-6.0919
3663.6,-116.82,3667.6,-120.85,225.92,-34.033,-4.4978,-5.4537
3879.8,-146.47,3882.3,-149.59,215.27,-35.096,-7.664,-4.4881
4090.2,-184.06,4089.8,-184.28,203.77,-37.706,-10.446,-4.0163
4306.9,-222.64,4300.1,-222.25,198,-40.176,-10.874,-3.5223
4522.7,-261.72,4513.3,-261.77,197.49,-41.84,-9.3396,-2.8774
4735.6,-297.82,4727,-299.89,199.24,-41.802,-7.143,-1.9562
4946.2,-331.81,4940.4,-335.27,202.45,-39.829,-4.5831,-0.70694
5146.9,-364.56,5147,-368.12,202.79,-36.672,-3.0777,0.61623
5334.7,-398.93,5340.8,-400.41,197.32,-33.53,-3.4367,1.7485
5513.7,-436.02,5521.8,-434.31,186.97,-31.608,-5.2541,2.4009
5682.6,-477.7,5689.8,-472.61,172.79,-32.327,-8.0558,2.2
5846.2,-520.12,5848.4,-514.61,157.76,-35.31,-10.88,1.2264
6004.5,-563.29,6000.8,-559.49,144.52,-39.829,-12.838,-0.25797
6153.3,-606.09,6147.2,-605.23,134.32,-44.123,-13.352,-1.5921
6292.6,-646.28,6286.6,-649.13,126.46,-46.574,-12.78,-2.2849
6420.6,-684.86,6417.5,-689.68,120.08,-46.026,-11.442,-1.9021
6535,-719.71,6536.2,-724.79,112.53,-41.532,-10.357,-0.19598
6642,-751.84,6643.8,-755.37,103.23,-35.002,-10.052,1.9762
6737.5,-785.95,6739.5,-785.43,92.237,-29.503,-10.374,3.5965
6823.1,-818.83,6823.9,-815.82,80.096,-26.123,-11.116,4.2451
6900.2,-850.83,6898.5,-846.93,67.999,-25.046,-11.861,3.9324
6967.3,-881.59,6964.4,-878.38,57.37,-25.71,-11.982,2.9476
7027.4,-908.26,7023.8,-907.46,49.529,-26.014,-11.098,2.068
7079.9,-933.57,7076.7,-934.19,43.626,-25.625,-9.6573,1.4911
7125.5,-957.01,7123.5,-958.18,39.167,-24.091,-7.9247,1.4033
7163,-978.22,7162.6,-979.46,34.162,-21.737,-6.6774,1.6214
7192.2,-997.2,7193.1,-997.96,27.873,-18.637,-6.1214,2.0983
7215.6,-1013.8,7216.5,-1013.9,21.279,-15.215,-5.8526,2.639
7233.8,-1027.6,7234,-1027.2,15.004,-11.884,-5.6498,3.0446
7243,-1039.6,7243.9,-1038.7,8.2078,-9.1432,-5.6682,3.1724
7251,-1047.7,7250.4,-1047.4,3.2527,-6.683,-5.1928,3.0858
7256.9,-1047.8,7254.7,-1049.8,-0.13643,-2.4511,-4.4505,3.4358
7260.5,-1048.1,7257.9,-1048.8,-1.5038,1.9521,-3.2449,3.8485
7266,-1051.8,7262.8,-1049.4,-0.16234,3.7609,-1.4786,3.4904
7269.8,-1054.3,7267.8,-1050.7,2.221,3.8524,0.28608,2.688
7272.5,-1055,7272.6,-1052.1,4.7852,3.0475,1.7904,1.7039
7273.9,-1055.4,7275.9,-1053.7,6.2145,1.3674,2.6004,0.54132
7275.6,-1054.4,7278.4,-1054.3,6.7307,0.033299,2.8488,-0.34482
7276.5,-1053.9,7279.5,-1054.7,6.027,-1.0918,2.5186,-0.99086
7277.3,-1053.4,7279.8,-1054.8,4.7483,-1.7864,1.9273,-1.3368
7279.1,-1052.4,7280.4,-1054,3.6098,-1.7077,1.3562,-1.3026
7281.7,-1050.9,7281.8,-1052.4,2.8935,-0.81775,0.90854,-0.92616
7286.9,-1047.9,7285.7,-1049.2,3.6298,0.98136,0.93079,-0.25463
7297.3,-1042,7294.9,-1043.3,7.3645,3.9576,1.8966,0.70429
7309.6,-1037.3,7307.8,-1037.3,11.95,5.9186,2.9536,1.1807
7322.7,-1032.1,7322.8,-1031.9,16.31,6.3926,3.798,1.0146
7339,-1026.2,7340.2,-1025.9,20.313,6.8274,4.3666,0.87468
7356.1,-1019.9,7358.3,-1019.3,22.685,7.6109,4.2483,0.92581
7374.6,-1013.9,7377.2,-1013,23.949,7.7289,3.7505,0.75602
7396.2,-1007.4,7398,-1006.7,24.863,7.4294,3.1341,0.44737
7417.6,-998.57,7419.3,-998.97,24.95,7.6921,2.3243,0.31853
7440.9,-991,7441.7,-991.33,24.776,7.6409,1.5167,0.11393
7464.9,-978.48,7465.1,-980.28,24.692,9.3544,0.88743,0.46796
7491.9,-965.33,7491,-966.91,25.664,11.894,0.70531,1.0556
7525,-948.71,7522.4,-950.2,29.06,15.495,1.3032,1.8892
7558.9,-929.36,7557.1,-930.27,33.255,19.683,2.1304,2.7735
7594.5,-909.02,7594,-908.65,37.172,23.194,2.7766,3.2911
7631,-888.19,7631.8,-886.64,39.801,25.242,2.9061,3.2298
7664,-869.33,7667.1,-866.16,39.892,25.343,2.2897,2.6003
7697,-850.48,7700.6,-847.21,38.263,23.803,1.2418,1.523
7728.6,-831.26,7731.6,-829.1,35.011,21.466,-0.18226,0.31358
7759.2,-810.3,7760.9,-810.18,31.203,19.651,-1.5642,-0.59046
7787.5,-787.23,7787.9,-789.03,27.005,19.35,-2.8309,-0.88195
7813.9,-762.92,7812.9,-765.57,22.948,20.441,-3.8177,-0.6527
7840.3,-738.61,7837.9,-740.75,20.614,22.194,-4.0115,-0.1701
7864.5,-714.42,7862.1,-715.12,19.401,24.339,-3.6882,0.49063
7887.3,-689.86,7885.6,-689.51,19.207,25.82,-2.9532,0.86046
7909.7,-664.43,7908.4,-663.46,19.435,27.09,-2.1511,1.1292
7931.5,-638.14,7930.4,-637.21,19.496,27.671,-1.561,1.0788
7951,-609.74,7950.8,-609.73,19.143,28.193,-1.1687,0.92664
7972.7,-581.21,7971.8,-581.56,19.35,28.553,-0.73527,0.71101
7994.8,-551.32,7993.5,-552.09,20.13,29.265,-0.23716,0.62983
8017.7,-520.93,8016.7,-521.4,21.832,30.487,0.47922,0.78041
8041.5,-490.05,8040.9,-489.96,23.68,31.762,1.0871,0.96688
8064.5,-459.66,8064.9,-458.72,24.962,32.479,1.4137,0.98668
8087.4,-429.27,8088.6,-428.03,25.543,32.387,1.4433,0.73769
8109,-398.51,8111,-397.66,25.142,31.723,1.1585,0.30612
8132,-368.12,8133.3,-367.73,24.531,30.704,0.79501,-0.18739
8155.4,-338.6,8155.9,-338.43,23.802,29.532,0.37973,-0.62875
8179.3,-309.95,8179.1,-309.9,23.493,28.336,0.14176,-0.96634
8204.3,-283.04,8203.5,-282.78,23.778,26.865,0.11495,-1.2823
8227.8,-255.75,8227.5,-256.03,23.867,25.768,0.063431,-1.41
8251,-229.83,8251.2,-230.16,23.861,24.734,0.03702,-1.4652
8272.1,-206.26,8273.4,-206.23,23.284,23.161,-0.082014,-1.6482
8292.3,-183.19,8293.8,-183.37,21.759,21.763,-0.49239,-1.7197
8313.2,-163.22,8313.7,-162.97,20.322,19.723,-0.84316,-1.9475
8334,-143.25,8333.6,-143.59,19.152,18.013,-1.0925,-2.034
8357.3,-127.63,8355.3,-127.29,19.326,15.566,-0.93141,-2.2854
8379.8,-112.49,8377.9,-112.58,20.245,13.394,-0.51925,-2.3932
8397.8,-97.61,8398.1,-98.499,20.008,11.919,-0.423,-2.276
8414.5,-84.587,8416,-85.598,19.013,10.692,-0.50227,-2.0942
8428.7,-73.052,8430.9,-73.914,16.667,9.6805,-0.97753,-1.855
8443.3,-62.385,8444.4,-63.107,14.262,9.0163,-1.4445,-1.5281
8455.8,-54.075,8456.2,-54.066,11.56,8.114,-1.9656,-1.2971
8468.8,-46.634,8467.6,-46.347,9.5141,7.1905,-2.2551,-1.1038
8480.1,-40.184,8478.4,-39.978,8.147,6.0136,-2.2566,-1.0608
8489.7,-34.727,8488.2,-34.667,7.1921,4.8736,-2.0699,-1.0348
8499.2,-29.27,8498,-29.627,7.2587,4.1949,-1.518,-0.89329
8507,-24.805,8506.9,-25.262,7.4451,3.5535,-0.95113,-0.7914
8515.7,-19.844,8515.7,-20.553,7.9028,3.6061,-0.40812,-0.49549
8523.5,-15.379,8523.8,-15.962,8.0222,3.7864,-0.09646,-0.22598
8531.9,-11.782,8531.6,-11.625,7.7464,4.2139,-0.063535,0.12368
8541.5,-8.5572,8540.6,-7.9778,8.1385,4.2263,0.11502,0.26318
8548.6,-6.8209,8548.7,-5.7858,8.3751,3.4278,0.27798,0.10062
8554.3,-4.7125,8555.4,-4.0305,7.8446,2.6017,0.19567,-0.078165
8557.9,-4.9607,8559.8,-4.0149,6.3876,1.0833,-0.13599,-0.45105
8560.1,-4.8367,8561.9,-4.5871,3.9582,-0.34444,-0.75604,-0.76952
8567.6,-1.736,8566.6,-3.0947,3.5016,-0.14468,-0.76249,-0.56903
8568.4,-1.2399,8568.5,-2.0275,1.7901,0.016132,-1.1315,-0.38252
8571.5,-0.61985,8570.7,-1.0335,0.93402,0.32537,-1.1778,-0.15587
8573.3,0.37238,8572.5,0.20001,0.47849,0.86384,-1.0524,0.11775
8574.1,0.86849,8573.7,1.1462,0.12839,1.185,-0.8838,0.28158
8575,1.3646,8574.8,1.9022,0.22332,1.3559,-0.56782,0.36776
8575,1.3646,8575.2,2.026,0.09574,1.0187,-0.37303,0.25107
8575.5,0.49635,8575.6,1.2378,0.17142,0.19427,-0.16178,-0.015031
8575.5,0.49635,8575.5,0.58917,-0.05576,-0.41593,-0.12301,-0.20332
8575.5,0.49635,8575.2,0.13037,-0.48207,-0.78165,-0.20641,-0.30254
8575.5,0.49635,8575.2,-0.011618,-0.46485,-0.75725,-0.1234,-0.24999
8575.5,0.49635,8575.3,0.035235,-0.15301,-0.54261,0.054209,-0.13678
8575.5,0.49635,8575.7,0.4111,0.39479,0.048468,0.30238,0.12149
8575.5,0.49635,8575.9,0.67116,0.73361,0.40113,0.43098,0.25368
8575.5,0.49635,8575.6,0.61146,0.28497,0.27727,0.20261,0.16989
8575.5,0.49635,8575.8,0.73415,0.52379,0.40546,0.28851,0.20497
8576.4,0.99246,8576.3,1.0796,0.60896,0.54502,0.2533,0.21867
8576.4,0.99246,8576.5,1.1611,0.5963,0.42072,0.2081,0.13642
8576.4,0.99246,8576.6,1.1311,0.5003,0.23377,0.14932,0.045552
8577.3,1.4886,8577.2,1.3664,0.60689,0.19456,0.14623,0.0047819
8577.7,0.62032,8577.8,0.92096,0.73232,-0.13798,0.1583,-0.093977
8577.7,0.62032,8578,0.70474,0.5423,-0.21497,0.068039,-0.093126
8577.7,0.62032,8578,0.52493,0.30046,-0.30254,-0.019208,-0.11105
8578.6,1.1164,8578.5,0.77704,0.33347,-0.13074,-0.021407,-0.052041
8579.1,0.24817,8579,0.37379,0.38032,-0.30811,-0.01653,-0.091195
8580,0.74429,8579.8,0.51191,0.56452,-0.14752,0.029807,-0.029727
8580.5,-0.12397,8580.5,0.064596,0.66828,-0.29545,0.053506,-0.056182
8581.3,0.37214,8581.3,0.19331,0.84209,-0.0983,0.096822,0.016402
8581.3,0.37214,8581.7,0.32447,0.70796,0.067465,0.050505,0.071584
8581.3,0.37214,8581.7,0.4151,0.39844,0.1582,-0.045416,0.093417
8581.8,-0.49611,8581.8,-0.16057,0.14761,-0.16738,-0.12954,-0.015782
8581.8,-0.49611,8581.9,-0.46652,-0.024611,-0.26958,-0.16057,-0.04538
8581.8,-0.49611,8581.8,-0.62209,-0.1986,-0.2804,-0.18886,-0.04889
8581.8,-0.49611,8581.6,-0.68321,-0.3993,-0.24537,-0.23204,-0.040848
8581.8,-0.49611,8581.6,-0.5565,-0.40386,-0.013596,-0.19499,0.048896
8581.8,-0.49611,8581.7,-0.50365,-0.23198,0.067171,-0.092251,0.066697
8581.8,-0.49611,8581.8,-0.47127,-0.041264,0.097902,0.0046254,0.063857
8581.8,-0.49611,8581.8,-0.47435,0.030786,0.072501,0.038491,0.03984
8581.8,-0.49611,8581.9,-0.38282,0.11069,0.17685,0.070953,0.077167
8582.7,9.226e-13,8582.5,-0.092128,0.39774,0.26468,0.14225,0.079935
