0,0,NaN,NaN,NaN,NaN,NaN,NaN
64.436,-7.6181,NaN,NaN,NaN,NaN,NaN,NaN
138.16,-11.523,NaN,NaN,NaN,NaN,NaN,NaN
221.5,-13.089,NaN,NaN,NaN,NaN,NaN,NaN
312.75,-11.275,NaN,NaN,NaN,NaN,NaN,NaN
410.87,-7.7911,NaN,NaN,NaN,NaN,NaN,NaN
518.09,-2.8221,NaN,NaN,NaN,NaN,NaN,NaN
635.6,1.7377,NaN,NaN,NaN,NaN,NaN,NaN
763.58,8.1166,NaN,NaN,NaN,NaN,NaN,NaN
908.2,14.903,NaN,NaN,NaN,NaN,NaN,NaN
1066,24.176,NaN,NaN,NaN,NaN,NaN,NaN
1235.7,35.603,NaN,NaN,NaN,NaN,NaN,NaN
1416.7,48.329,NaN,NaN,NaN,NaN,NaN,NaN
1601.6,63.432,NaN,NaN,NaN,NaN,NaN,NaN
1790.3,71.477,1798.4,73.119,207.69,13.154,12.733,0.49868
1985.6,78.966,1993.8,81.749,210.47,11.421,10.115,-0.16046
2187.9,82.294,2193.3,85.783,211.04,7.4148,7.0852,-1.3883
2399,79.048,2399.7,83.025,211.95,0.70147,4.5166,-3.2141
2615.4,80.741,2613,80.255,214.12,-4.4402,2.7954,-4.3813
2834.4,80.874,2831.5,77.622,217.24,-7.7385,1.8723,-4.7948
3057.6,82.01,3054.9,76.821,221.42,-8.3449,1.6858,-4.2548
3281.7,84.853,3281.1,79.19,225.46,-5.875,1.7788,-2.7266
3515.1,85.58,3513.8,82.194,231.26,-2.5411,2.5337,-1.0167
3752.5,85.08,3751.3,84.674,236.81,0.57354,3.0984,0.48551
3989.9,84.58,3990.2,86.198,240.4,2.6205,3.0152,1.4166
4230.3,83.375,4230.7,86.079,242.48,2.9867,2.454,1.5892
4465.8,81.687,4468.1,84.202,241.08,1.6772,0.97629,1.0614
4703.9,74.837,4705.5,77.676,239.5,-2.4358,-0.22078,-0.35968
4943.6,64.718,4944,67.233,238.55,-7.5229,-0.9345,-1.832
5179.4,55.825,5180.2,55.71,236.4,-11.912,-1.798,-2.927
5413.4,47.972,5413.9,45.605,233.24,-13.72,-2.7707,-3.0037
5640.1,43.425,5641.4,39.487,227.46,-11.899,-4.3134,-1.8605
5858.5,31.042,5860.6,29.938,219.25,-11.846,-6.197,-1.3624
6074.4,14.389,6074.8,15.981,211.4,-13.448,-7.5325,-1.3261
6279.7,1.7468,6280.5,2.1137,202.44,-14.379,-8.7989,-1.156
6478.1,-14.794,6478.3,-14.082,193.25,-16.101,-9.757,-1.2798
6669.4,-23.573,6668.1,-25.858,183.45,-14.765,-10.734,-0.53869
6852.7,-32.127,6850.2,-34.824,174.05,-12.019,-11.323,0.48264
7032.2,-43.059,7027.8,-44.072,167.14,-10.041,-10.931,1.1046
7208.1,-54.139,7202.4,-53.873,162.97,-8.9349,-9.6571,1.3458
7378,-61.579,7373.7,-61.701,161.06,-7.2197,-7.673,1.6836
7540.9,-67.087,7539,-66.886,158.55,-4.3839,-6.1292,2.3474
7693.3,-68.583,7694.7,-68.444,153.38,-0.53699,-5.6131,3.1814
7834.6,-69.15,7838.7,-68.403,144.99,2.4204,-6.137,3.5046
7969.3,-69.16,7972.8,-67.962,134.68,3.8147,-7.281,3.1748
8096.7,-69.466,8098.5,-68.106,124.21,3.5082,-8.3456,2.2775
8218.6,-71.109,8217.9,-68.819,114.86,2.9128,-8.9633,1.5554
8331.6,-72.008,8329.5,-69.722,105.62,2.1559,-9.5004,0.94925
8434.9,-71.644,8433.1,-70.51,97.074,1.0389,-9.6001,0.26101
8526.3,-73.433,8526.1,-72.271,87.831,-0.39897,-9.7482,-0.36015
8608.2,-75.333,8609,-75.444,78.35,-2.9339,-9.8195,-1.3291
8678.2,-75.784,8680.3,-77.527,67.914,-4.1714,-10.056,-1.7192
8736.8,-77.533,8739.1,-79.132,55.849,-4.224,-10.768,-1.5396
8784.3,-78.354,8785.6,-79.738,42.543,-3.1963,-11.815,-0.95706
8821.2,-77.391,8820.7,-78.832,29.122,-1.4232,-12.771,-0.22523
8851.8,-77.244,8848.3,-77.723,17.985,0.14706,-12.899,0.35536
8872.9,-77.209,8868.6,-77.041,9.4018,0.89661,-12.101,0.55687
8890,-75.947,8884.9,-75.824,4.5617,1.584,-10.177,0.67709
8901.2,-76.876,8896.9,-75.897,1.8194,1.2745,-7.8718,0.47679
8902.5,-76.542,8901.4,-75.886,-1.4239,0.95793,-6.0447,0.28838
8903.4,-77.062,8902.2,-76.351,-3.7556,0.42285,-4.374,0.06993
8907.5,-76.06,8904.6,-76.231,-3.0343,0.1265,-2.2363,-0.089817
8908.9,-75.726,8906.8,-76.162,-1.1456,-0.23245,-0.21659,-0.25866
8908.9,-75.726,8908.4,-76.005,1.0221,-0.26256,1.4484,-0.24942
8909.4,-74.872,8909.9,-75.312,3.0225,0.070754,2.6146,-0.11954
8909.9,-74.017,8911.5,-74.382,4.7932,0.45753,3.3808,0.0085967
8908.7,-72.123,8911.8,-72.469,5.404,1.4095,3.5474,0.3151
8907.9,-71.603,8911.3,-71.211,5.2525,1.7169,3.3203,0.37996
8907.5,-70.229,8910.6,-69.963,4.6135,1.7451,2.8383,0.31276
8907.7,-68.001,8909.8,-68.029,3.4464,2.0778,2.1028,0.34162
8909,-64.064,8909.8,-64.668,2.7174,2.9644,1.529,0.50725
8908.3,-61.316,8908.9,-61.435,1.3081,3.4332,0.77552,0.51828
8910.7,-53.442,8910.2,-54.719,1.4538,5.6223,0.6238,1.0393
8912.9,-44.195,8912.9,-45.492,2.8853,8.3931,1.014,1.6308
8913.9,-36.656,8914.9,-36.247,3.4435,10.342,1.0671,1.9195
8915.3,-30.491,8916.3,-28.564,3.0247,10.572,0.73172,1.6364
8916.4,-22.952,8917.4,-21.055,2.5034,10.275,0.42999,1.2174
8917.3,-17.641,8918.1,-15.36,1.7893,8.723,0.11004,0.4747
8917.5,-15.412,8918,-12.922,0.65486,5.4608,-0.31017,-0.68514
8920.3,-8.9133,8919.4,-9.2155,0.53375,3.4271,-0.38354,-1.3582
8920.8,-8.0592,8920.4,-8.1576,0.46487,0.58865,-0.36715,-2.1216
8921.3,-7.205,8921.2,-7.9746,0.34839,-1.5757,-0.34424,-2.4848
8922.9,-4.6425,8922.5,-6.7347,0.61217,-2.1778,-0.20725,-2.2785
8923.9,-2.9342,8923.7,-5.007,0.86646,-1.7626,-0.082426,-1.72
8923.9,-2.9342,8924.2,-3.949,0.71132,-1.2248,-0.086352,-1.1315
8923.9,-2.9342,8924.4,-3.1194,0.56543,-0.42529,-0.061958,-0.49718
8923.9,-2.9342,8924.1,-2.9949,-0.063319,-0.31578,-0.2478,-0.25179
8923.1,-2.4142,8923.2,-2.7128,-0.81213,-0.14259,-0.43688,-0.070669
8923.1,-2.4142,8922.7,-2.4417,-1.0526,0.15424,-0.43776,0.12741
8923.1,-2.4142,8922.5,-2.2525,-1.0147,0.38654,-0.35483,0.26153
8923.1,-2.4142,8922.5,-2.322,-0.69003,0.27727,-0.17993,0.22022
8922.2,-1.8942,8922.2,-1.9006,-0.51528,0.5516,-0.05224,0.3079
8922.2,-1.8942,8922.2,-1.5584,-0.15652,0.79436,0.11044,0.38517
8922.2,-1.8942,8922.1,-1.7579,-0.068922,0.35519,0.12421,0.16663
8921.4,-1.3742,8921.7,-1.1936,-0.0094812,0.73813,0.16468,0.29733
8921.4,-1.3742,8921.5,-0.9751,0.066187,0.756,0.1811,0.27945
8921.4,-1.3742,8921.4,-1.1506,-0.020779,0.33722,0.11181,0.084969
8921.4,-1.3742,8921.3,-1.3235,-0.035296,0.021488,0.074294,-0.045229
8921.4,-1.3742,8921.3,-1.3546,0.063713,-0.038788,0.089385,-0.054417
8921.4,-1.3742,8921.4,-1.3866,0.12486,-0.076013,0.090382,-0.055024
8921.4,-1.3742,8921.4,-1.4202,0.1714,-0.10435,0.08983,-0.054688
8920.5,-0.85416,8921,-1.1244,-0.03717,0.022629,0.030598,-0.018628
8920.5,-0.85416,8920.6,-0.90225,-0.23073,0.14047,-0.041809,0.025453
8920.5,-0.85416,8920.4,-0.77361,-0.31843,0.19386,-0.077806,0.047368
8921,-1.6469e-12,8920.6,-0.15264,-0.1182,0.47528,-0.023079,0.125
8921,-1.6469e-12,8920.9,0.1237,0.10292,0.47084,0.050428,0.10348
8921,-1.6469e-12,8921,0.24062,0.14183,0.3957,0.049983,0.071294
