0,0,NaN,NaN,NaN,NaN,NaN,NaN
54.716,-6.9394,NaN,NaN,NaN,NaN,NaN,NaN
116.51,-15.598,NaN,NaN,NaN,NaN,NaN,NaN
186.73,-25.602,NaN,NaN,NaN,NaN,NaN,NaN
266.39,-35.21,NaN,NaN,NaN,NaN,NaN,NaN
353.23,-44.306,NaN,NaN,NaN,NaN,NaN,NaN
449.62,-50.774,NaN,NaN,NaN,NaN,NaN,NaN
555.56,-54.614,NaN,NaN,NaN,NaN,NaN,NaN
669.68,-56.202,NaN,NaN,NaN,NaN,NaN,NaN
794.32,-53.424,NaN,NaN,NaN,NaN,NaN,NaN
930.63,-50.37,NaN,NaN,NaN,NaN,NaN,NaN
1078.6,-47.04,NaN,NaN,NaN,NaN,NaN,NaN
1240.2,-48.019,NaN,NaN,NaN,NaN,NaN,NaN
1412.1,-49.097,NaN,NaN,NaN,NaN,NaN,NaN
1594.8,-49.405,1595.5,-46.312,190.97,2.4514,13.133,0.19784
1783.5,-47.343,1786.8,-47.44,201.26,-0.35172,12.782,-1.0284
1981.3,-41.289,1985.6,-44.581,209.57,-0.42172,11.85,-1.2434
2187.7,-34.347,2191.5,-38.376,216.19,1.6433,10.473,-0.67949
2402.6,-34.578,2405.1,-35.052,221.83,2.2031,8.9367,-0.45159
2624.7,-36.529,2625.9,-34.689,227.05,1.4627,7.5225,-0.5098
2850.2,-40.456,2851.3,-37.58,230.86,-0.69353,5.9634,-0.94126
3078.7,-47.229,3080,-44.228,233.33,-4.3083,4.3685,-1.7546
3310.1,-48.785,3311.5,-49.319,235.07,-6.3722,2.9783,-2.102
3545.5,-51.449,3546.2,-53.976,236.65,-7.8161,1.8888,-2.3051
3789.4,-55.456,3787.5,-58.532,240.05,-8.4838,1.5857,-2.2137
4034.3,-57.725,4032.4,-61.273,243.48,-7.3999,1.4566,-1.5374
4281.5,-57.879,4279.8,-60.825,246.33,-3.8715,1.254,-0.068733
4528.7,-58.033,4528.2,-58.92,248.16,0.16061,0.9078,1.4186
4775.9,-58.188,4776.3,-56.879,248.78,3.3451,0.37044,2.4261
5027.4,-60.812,5027.2,-57.453,250.3,3.7809,0.30213,2.351
5278.1,-62.943,5278.3,-60.035,251.07,1.9788,0.081976,1.4045
5527.8,-66.812,5528.4,-64.784,250.54,-1.2444,-0.45551,0.060009
5773.1,-68.211,5774.6,-68.203,247.56,-2.9205,-1.6123,-0.59249
6016.6,-70.855,6017.6,-71.569,243.3,-4.0757,-2.9446,-0.96129
6260.1,-73.499,6259.4,-74.502,239.77,-4.3855,-3.7629,-0.94877
6496.5,-74.424,6496.7,-75.817,235.4,-3.3853,-4.5286,-0.48441
6719.1,-83.567,6722.8,-82.233,227.13,-5.3323,-6.1158,-0.94328
6929.6,-91.623,6935,-90.311,214.52,-7.3643,-8.6249,-1.3066
7129.7,-101.81,7133.7,-100.46,198.71,-9.6329,-11.694,-1.6415
7324.2,-115.74,7323.8,-114.26,184.15,-13.126,-13.831,-2.3048
7510.9,-125.21,7506.7,-126.77,171.92,-15.001,-14.801,-2.476
7683.7,-134.85,7679.4,-137.89,160.65,-15.257,-15.046,-2.1391
7841.7,-144.15,7839.2,-147.48,148.9,-14.044,-15.104,-1.3675
7986.9,-151.86,7985.3,-154.7,136.25,-11.125,-15.25,-0.11413
8123.2,-156.87,8120.9,-158.98,124.92,-6.9639,-14.814,1.345
8252.3,-162.39,8248.8,-162.25,115.96,-3.0547,-13.641,2.5425
8374.8,-167.56,8370.5,-165.74,109.61,-0.66552,-11.796,3.016
8488.3,-172.25,8484.6,-169.56,103.81,0.3688,-10.114,2.9203
8593.7,-176.96,8590.6,-174.31,97.655,-0.24882,-8.9215,2.2014
8689.3,-180.7,8687.9,-179.27,91.209,-1.7163,-7.9937,1.1999
8773.6,-180.25,8775,-180.8,84.091,-1.124,-7.2924,0.98679
8848,-178.83,8851.4,-180.24,75.731,0.0082796,-7.0509,0.92783
8911.2,-176.82,8915.7,-177.88,65.13,1.8279,-7.6116,1.156
8964.8,-171.61,8968,-172.47,52.303,4.8721,-8.9911,1.7883
9010.3,-166.41,9010.5,-166.31,39.325,7.0663,-10.385,2.0379
9047.8,-161.24,9045.5,-159.95,28.293,8.5287,-10.966,2.0597
9077.5,-157.45,9074.2,-154.94,19.935,8.4724,-10.529,1.6291
9099.6,-155.04,9096.6,-152.17,13.744,6.6194,-9.3651,0.68178
9112.7,-152.15,9111.3,-150.56,8.0431,3.9656,-8.1532,-0.43844
9114.6,-150.91,9115.7,-150.27,0.89594,1.0885,-7.5363,-1.4401
9116.4,-149.66,9115.7,-150.37,-4.6452,-1.2271,-6.6693,-2.0898
9116.9,-148.79,9114.2,-150.38,-7.6268,-2.5729,-5.3041,-2.2759
9120.6,-146.3,9115.4,-148.73,-6.7773,-2.1401,-3.1771,-1.811
9122.1,-143.7,9117.6,-145.89,-3.8742,-0.64751,-0.83387,-1.0211
9123.1,-141.96,9120.8,-143.15,0.14369,0.66898,1.4398,-0.3772
9124.1,-140.22,9124.3,-140.41,4.1683,1.9591,3.2792,0.20265
9124.7,-137.12,9127.5,-136.98,7.388,3.3457,4.4923,0.70832
9122.7,-132.53,9128,-132.63,8.1429,4.5599,4.6218,0.99668
9124,-126.33,9128.4,-126.72,7.8042,6.0662,4.1293,1.2759
9122,-121.74,9126.3,-121.24,5.25,6.7308,2.8277,1.2428
9119.6,-115.79,9122.4,-115.22,1.5433,7.3011,1.1936,1.1719
9121.3,-108.72,9120.7,-108.32,-0.47575,7.9678,0.19881,1.123
9120.6,-105.99,9119.6,-104.11,-1.3223,6.7976,-0.19481,0.54404
9120.4,-100.16,9119.9,-99.287,-0.43964,6.0707,0.16511,0.17276
9121.6,-93.959,9121.3,-93.895,0.86324,5.6648,0.59629,-0.063737
9121.8,-91.726,9122.3,-90.79,1.7324,4.1162,0.84301,-0.57224
9121.5,-88.13,9122.4,-88.127,1.5237,2.582,0.6585,-1.0263
9123.5,-84.652,9123.7,-85.379,1.9194,1.6148,0.66504,-1.2165
9125.5,-81.174,9125.5,-82.188,2.3116,1.4762,0.64266,-1.0679
9127.4,-77.696,9127.5,-78.614,2.4996,1.9084,0.54053,-0.72197
9129.9,-73.349,9129.9,-74.3,2.7469,2.7968,0.46894,-0.28576
9130.9,-71.61,9131.6,-71.401,2.6001,2.8191,0.33236,-0.15911
9133.4,-67.263,9133.5,-67.627,2.293,3.274,0.11491,0.042365
9136.8,-61.177,9136.6,-61.991,2.9041,4.7126,0.25658,0.50752
9137.8,-59.439,9138.5,-58.563,2.688,4.5391,0.15135,0.42035
9139.8,-55.961,9140,-55.322,1.96,4.1625,-0.15762,0.25165
9142.3,-51.614,9142.1,-51.266,1.8509,4.4442,-0.19867,0.33245
9146,-49.124,9145.2,-48.566,2.2681,3.6084,-0.089715,0.0012714
9148.4,-44.777,9148.1,-45.137,2.4405,3.2655,-0.059299,-0.15916
9150.8,-42.663,9150.8,-42.356,2.7018,2.9516,0.040229,-0.20818
9152.3,-40.055,9152.9,-39.938,2.5645,2.4613,0.027939,-0.32273
9154.1,-38.81,9154.5,-38.476,2.0665,1.6536,-0.13024,-0.50056
9155.1,-37.071,9155.5,-37.131,1.3332,1.0516,-0.33418,-0.59039
9155.6,-36.201,9155.8,-36.299,0.46665,0.4425,-0.54586,-0.65783
9156.1,-35.332,9156,-35.642,-0.25848,0.013965,-0.6836,-0.65602
9156.1,-35.332,9155.9,-35.339,-0.69938,-0.18214,-0.68403,-0.53475
9156.1,-35.332,9155.6,-35.572,-1.1084,-0.69307,-0.69164,-0.5739
9156.6,-34.463,9155.7,-35.297,-1.0529,-0.76414,-0.55518,-0.49739
9157.1,-33.593,9156.5,-34.179,-0.31679,0.074361,-0.17491,-0.084103
9156.2,-33.099,9156.4,-33.281,-0.10682,0.58204,-0.0021383,0.14477
9155,-31.242,9155.5,-31.613,-0.38227,1.3378,-0.014969,0.38474
9154.2,-28.515,9154.5,-28.844,-0.79709,2.543,-0.10875,0.72444
9154.3,-26.282,9154.1,-26.169,-0.68589,3.1942,-0.038355,0.80779
9152.7,-23.061,9152.9,-22.786,-0.98729,4.0314,-0.0978,0.9404
9152,-20.334,9151.9,-19.667,-1.0765,4.3051,-0.089511,0.85944
9151.7,-16.737,9151.3,-16.163,-0.94675,4.5573,-0.035666,0.77124
9151,-14.01,9150.8,-13.257,-0.74183,4.1786,0.048496,0.48279
9150.7,-10.414,9150.6,-10.078,-0.36748,3.8854,0.17478,0.25221
9150,-7.6869,9150.2,-7.35,-0.18518,3.3146,0.22719,-0.024518
9150.1,-5.454,9150.2,-5.1042,0.16999,2.6395,0.31641,-0.26714
9149.3,-2.727,9149.7,-2.7901,0.12644,2.1591,0.26327,-0.41076
9148.6,2.2622e-12,9148.9,-0.38648,-0.23423,1.853,0.098733,-0.478
