0,0,NaN,NaN,NaN,NaN,NaN,NaN
59.694,9.256,NaN,NaN,NaN,NaN,NaN,NaN
126.93,17.488,NaN,NaN,NaN,NaN,NaN,NaN
201.72,24.695,NaN,NaN,NaN,NaN,NaN,NaN
280.53,36.127,NaN,NaN,NaN,NaN,NaN,NaN
362.76,46.432,NaN,NaN,NaN,NaN,NaN,NaN
451.04,57.373,NaN,NaN,NaN,NaN,NaN,NaN
543.44,68.417,NaN,NaN,NaN,NaN,NaN,NaN
641.62,81.061,NaN,NaN,NaN,NaN,NaN,NaN
747.78,94.876,NaN,NaN,NaN,NaN,NaN,NaN
860.42,111.52,NaN,NaN,NaN,NaN,NaN,NaN
983.67,131.1,NaN,NaN,NaN,NaN,NaN,NaN
1115.6,153.08,NaN,NaN,NaN,NaN,NaN,NaN
1254,177.89,NaN,NaN,NaN,NaN,NaN,NaN
1398.2,204.3,1399.2,204.57,151.69,29.049,9.3689,3.3808
1545.5,230.55,1549.5,232.21,158.69,31.042,9.2413,3.2641
1694.8,257.32,1700.6,259.89,161.79,31.916,7.8623,2.829
1851.3,284.04,1855.3,286.93,163.28,31.485,6.0489,2.0414
2013.6,312.36,2015,313.94,164.89,30.112,4.4758,0.97581
2186.1,341.42,2183.7,341.74,169.08,29.025,3.8862,0.16041
2360.8,370.05,2358,369.71,173.9,28.024,3.6639,-0.47134
2537,397.02,2535.9,396.87,178.5,26.869,3.6021,-0.96375
2714.7,422.33,2715.7,422.54,182.08,25.347,3.4154,-1.4019
2892.2,444.48,2895.1,445.48,183.65,23.048,2.7728,-1.9027
3077.7,467.79,3078.9,467.78,185.98,21.172,2.4581,-2.1768
3265.9,488.76,3265.8,488.47,188.01,19.182,2.0302,-2.4098
3454.2,509.72,3453.9,508.59,188.96,17.704,1.3289,-2.4405
3642,528.48,3641.8,527.26,188.77,16.192,0.44106,-2.4526
3825.5,543.99,3826.7,543.42,186.53,14.263,-0.80085,-2.5255
4009.4,561.69,4010.5,560.19,184.22,13.77,-1.7213,-2.1163
4199.4,580.02,4197.9,578.11,184.66,14.614,-1.5741,-1.3386
4387.6,600.99,4386.1,598.63,185.36,17.111,-1.312,-0.18239
4571.5,622.81,4571.5,620.97,184.42,20.12,-1.5154,0.91552
4752.9,646.02,4753.2,644.97,181.44,23.229,-2.3285,1.829
4926.7,670.26,4928.7,670.24,176.28,26.057,-3.5402,2.4761
5099,696.16,5100.3,696.93,170.98,28.634,-4.5059,2.9068
5274.4,726.02,5272.7,726.58,168.25,31.66,-4.5006,3.3336
5446.4,757.01,5444.3,758.15,166.7,34.402,-4.0466,3.5625
5613,788.59,5611.5,790.21,163.74,35.788,-4.106,3.2425
5771.6,819,5772,821.41,158.71,35.622,-4.7007,2.4717
5923.3,848.51,5924.9,851.03,152.04,33.877,-5.5839,1.3006
6071,876.95,6072.1,879.18,145.39,31.419,-6.2325,0.12438
6217.8,905.12,6217.2,906.57,140.83,29.078,-6.0602,-0.77984
6361.2,934.42,6359.4,934.17,137.11,27.207,-5.68,-1.4227
6497.8,961.86,6496.1,961.07,132.18,25.536,-5.8029,-1.8559
6626.1,985.93,6625.5,985.52,126.11,23.196,-6.1731,-2.3572
6743.7,1007.1,6745.3,1007.1,118.2,20.44,-6.8906,-2.8013
6855.1,1024.4,6856.9,1025.1,109.71,17.048,-7.5815,-3.2643
6955.9,1038.8,6958.7,1039.6,100.38,13.363,-8.2598,-3.6612
7051.6,1052.9,7052.7,1052.4,90.833,10.31,-8.95,-3.7955
7139.6,1064.8,7138.6,1063.3,80.731,7.5137,-9.8271,-3.8561
7221.9,1075.1,7218.5,1072.9,72.069,5.4795,-10.136,-3.6572
7297.1,1084.5,7293,1081.9,65.268,4.5091,-9.7235,-3.13
7364.6,1091.7,7361.6,1089.9,60.127,4.2633,-8.6652,-2.382
7427.3,1097.7,7425.4,1096.8,56.592,4.4147,-7.1424,-1.5695
7479.1,1101.6,7480.2,1102,51.492,4.301,-6.264,-0.93696
7522.9,1104.4,7525.3,1105.4,44.122,3.5632,-6.3026,-0.64178
7558.9,1113.3,7561.1,1111.7,35.064,4.5343,-6.9684,-0.050443
7589.6,1114.6,7590,1115,26.252,3.8607,-7.5628,-0.043958
7611.8,1120.7,7611.4,1120,17.628,4.3758,-8.0204,0.2592
7630.2,1121.7,7628.2,1122.6,10.955,3.7478,-7.8033,0.19912
7643.1,1120,7640.5,1122.3,5.6921,1.9596,-7.1883,-0.16905
7646.8,1118,7645.9,1120,0.65134,-0.30907,-6.4812,-0.64946
7648,1117.3,7647,1117.6,-3.5311,-2.1124,-5.6567,-1.0029
7649.5,1115.6,7647.2,1115,-5.2436,-3.3967,-4.2704,-1.1696
7653.4,1116.7,7649.5,1114.5,-3.9515,-3.084,-2.3114,-0.86603
7654.6,1116,7652,1114.2,-1.5999,-2.4045,-0.3953,-0.47305
7654.9,1115,7654,1114.1,0.82975,-1.375,1.1662,0.023301
7654.9,1115,7655.5,1114.7,2.6265,0.11198,2.1531,0.61615
7655.2,1114,7657,1115.1,4.3928,1.2827,2.9056,1.0569
7655.4,1113.1,7658.1,1114.7,5.4177,1.6435,3.1901,1.1382
7656,1111.1,7658.8,1112.6,5.609,0.28905,3.0315,0.53874
7656.8,1108.3,7659.1,1109.7,4.8681,-1.0741,2.4425,0.063052
7658.4,1102.5,7659.8,1103.7,4.1028,-4.2474,1.8344,-0.98513
7659.2,1099.6,7660,1098.9,2.7224,-5.6366,1.0348,-1.2954
7663.3,1088.3,7662.6,1089.6,2.8855,-8.5944,0.80505,-1.9015
7668.4,1081.4,7667.7,1080.9,4.7737,-10.233,1.2408,-2.0256
7675.8,1065.8,7675.2,1067,7.4675,-13.769,1.8576,-2.6313
7688.6,1049.6,7687.1,1050.3,11.373,-17.388,2.6599,-3.1364
7703.4,1029.8,7702.2,1030,15.374,-21.556,3.29,-3.7309
7717.7,1007.9,7718.5,1007.4,18.646,-25.104,3.6374,-3.9839
7734.6,984.53,7736.3,983.12,21.223,-27.755,3.696,-3.8947
7755.1,959.08,7756.5,957.27,23.644,-29.744,3.6274,-3.5935
7775.6,933.64,7777.5,931.31,24.941,-30.337,3.18,-2.8833
7798.9,905.83,7800.2,904.18,25.877,-30.533,2.6314,-2.1276
7824.6,876.64,7825,875.85,26.883,-30.531,2.1423,-1.4022
7851.3,847.71,7851.4,847.23,27.809,-30.096,1.7045,-0.67322
7881.4,817.65,7880.6,817.86,29.534,-29.732,1.5863,-0.10084
7913,785.93,7912.4,786.61,31.877,-30.502,1.7412,-0.062762
7946.8,753.78,7946.4,754.75,34.328,-30.975,1.9206,0.074522
7981.1,719.7,7981.6,720.54,36.504,-32.91,2.0478,-0.39226
8018.9,684.49,8019.2,685.37,38.727,-34.377,2.1461,-0.59201
8056.2,647.09,8057,647.98,39.694,-36.575,1.8033,-1.0208
8096,608.3,8096.3,608.95,40.677,-38.756,1.5108,-1.3666
8136.3,567.58,8136.8,568.02,41.667,-41.057,1.3123,-1.6898
8175.7,526.59,8176.7,526.24,41.622,-42.876,0.84698,-1.8272
8215.3,484.64,8216.1,483.84,40.845,-44.097,0.22709,-1.7491
8254,442.42,8254.9,441.2,39.729,-44.728,-0.33957,-1.5102
8291.9,398.97,8292.5,398.12,38.134,-44.839,-0.94253,-1.1037
8327.4,356.92,8328.1,355.86,35.818,-44.061,-1.6206,-0.4924
8363.9,315.13,8363.5,314.23,34.137,-42.925,-1.9637,0.10443
8398.9,275,8398,274.11,32.561,-41.092,-2.1936,0.79259
8433.7,239,8432.3,237.5,31.715,-37.847,-2.1123,1.7443
8467.8,205.88,8466.4,204.41,31.371,-33.759,-1.8357,2.7345
8500.6,173.47,8499.8,173.33,31.282,-29.916,-1.4538,3.4707
8533,142.98,8532.4,143.92,31.075,-26.702,-1.1593,3.8488
8565.9,113.72,8565.3,115.64,31.485,-24.356,-0.70251,3.8595
8598.4,86.388,8598,88.548,31.713,-22.795,-0.40325,3.5594
8629.3,64.84,8629.5,65.451,31.427,-20.409,-0.30773,3.4513
8659.3,46.182,8659.9,45.939,30.784,-17.65,-0.33547,3.3892
8687.4,31.113,8688.3,30.362,29.283,-14.308,-0.6349,3.4729
8713.1,20.597,8714.3,19.462,27.001,-10.092,-1.1214,3.789
8735.4,11.208,8737,11.35,23.714,-6.0827,-1.8188,4.0444
8756.7,5.6735,8757.5,6.4022,20.509,-2.2485,-2.3668,4.2063
8773.5,1.0001,8774.2,3.0188,16.422,0.62689,-3.0922,4.081
8787.6,2.8064,8787.7,3.8092,12.263,3.8617,-3.687,4.0089
8797.5,4.5097,8797.4,5.8524,7.8164,5.6756,-4.2314,3.4523
8801.2,2.4185,8801.6,5.3802,2.5941,4.6266,-4.8346,2.13
8811.3,3.158,8808.2,5.093,0.8875,3.0996,-4.3024,0.87106
8811.3,3.158,8810.2,4.3227,-1.62,1.1386,-3.9787,-0.28423
8812.3,3.4247,8810.7,3.6477,-3.3259,-0.48252,-3.458,-1.0808
8813.3,3.6915,8811.1,3.1416,-3.7007,-1.6366,-2.6148,-1.5354
8813.3,3.6915,8811.4,2.4719,-3.1554,-2.667,-1.6136,-1.8455
8813.5,2.7277,8812.1,1.4637,-1.9405,-3.3618,-0.59338,-1.913
8813.5,2.7277,8812.8,1.0488,-0.4466,-3.3017,0.32613,-1.6811
8813.5,2.7277,8813.7,1.0951,0.95895,-2.7295,1.0298,-1.276
8813.5,2.7277,8814.4,1.689,2.0066,-1.5606,1.4545,-0.66614
8813.5,2.7277,8814.6,2.3089,2.2862,-0.52758,1.474,-0.17496
8812.6,2.461,8814.1,2.6599,1.9234,0.16017,1.2481,0.13966
8812.6,2.461,8813.6,2.4269,1.4495,-0.073459,0.95378,0.021907
8812.6,2.461,8813.3,2.3356,1.1655,-0.14298,0.74588,-0.019247
8811.6,2.1943,8812.6,2.4212,0.72412,0.1522,0.53203,0.11556
8811.6,2.1943,8811.5,2.2901,-0.42151,0.060891,-0.0054567,0.065095
8811.6,2.1943,8811.5,2.2395,-0.10857,0.042024,0.11244,0.046897
8811.6,2.1943,8811.5,2.1644,0.03889,-0.036169,0.14137,0.0032949
8811.6,2.1943,8811.6,2.1109,0.15073,-0.095414,0.15238,-0.028797
8811.6,2.1943,8811.7,2.1316,0.30522,-0.059362,0.18533,-0.016529
8811.6,2.1943,8811.8,2.2428,0.32699,0.090488,0.16435,0.045481
8811.6,2.1943,8811.8,2.2456,0.29008,0.080274,0.12586,0.03483
8811.9,1.2305,8811.9,1.5829,0.27072,-0.28253,0.088562,-0.073825
8811.9,1.2305,8811.9,1.1988,0.15907,-0.42879,0.026518,-0.11158
8811.9,1.2305,8811.9,1.0265,0.043164,-0.41528,-0.02516,-0.097117
8811.9,1.2305,8811.9,1.0163,0.030807,-0.28092,-0.02406,-0.042522
8811.9,1.2305,8811.8,1.0645,-0.09758,-0.1429,-0.072262,0.0046886
8811.9,1.2305,8811.8,1.1602,-0.14627,0.0088463,-0.082732,0.053901
8811.9,1.2305,8811.8,1.2815,-0.044853,0.16208,-0.02836,0.10248
8811.9,1.2305,8811.8,1.3495,-0.061749,0.22314,-0.030774,0.11121
8811.9,1.2305,8811.8,1.3751,-0.061555,0.22244,-0.026722,0.096565
8812.1,0.26671,8812,0.70639,0.046245,-0.16711,0.0081556,-0.029471
8812.1,0.26671,8812.1,0.28812,0.10301,-0.37224,0.026512,-0.095803
8812.1,0.26671,8812.2,0.058834,0.12188,-0.44042,0.032383,-0.11702
8812.1,0.26671,8812.2,-0.020851,0.10965,-0.39622,0.02746,-0.09923
8812.1,0.26671,8812.2,0.031747,0.066761,-0.24125,0.011086,-0.040062
8812.1,0.26671,8812.1,0.22135,-0.012679,0.045816,-0.01974,0.071333
8812.1,0.26671,8812.1,0.31773,-0.044853,0.16208,-0.02836,0.10248
8812.1,0.26671,8812.1,0.38576,-0.061749,0.22314,-0.030774,0.11121
8812.1,0.26671,8812.1,0.41127,-0.061555,0.22244,-0.026722,0.096565
8812.1,0.26671,8812.1,0.39112,-0.045635,0.16491,-0.017121,0.061867
8811.2,-7.7938e-14,8811.5,0.1537,-0.35055,-0.024937,-0.095395,-0.010618
8811.2,-7.7938e-14,8811.1,-0.022857,-0.42712,-0.16513,-0.10125,-0.063846
8811.2,-7.7938e-14,8811,-0.13087,-0.36158,-0.23719,-0.0655,-0.08909
8811.2,-7.7938e-14,8811,-0.14856,-0.23188,-0.208,-0.015881,-0.072211
