0,0,NaN,NaN,NaN,NaN,NaN,NaN
60.41,0.77417,NaN,NaN,NaN,NaN,NaN,NaN
132.86,2.5965,NaN,NaN,NaN,NaN,NaN,NaN
217.83,4.5959,NaN,NaN,NaN,NaN,NaN,NaN
316.43,2.7971,NaN,NaN,NaN,NaN,NaN,NaN
424.08,-0.7895,NaN,NaN,NaN,NaN,NaN,NaN
543.87,-5.5612,NaN,NaN,NaN,NaN,NaN,NaN
673.2,-12.992,NaN,NaN,NaN,NaN,NaN,NaN
810.48,-18.235,NaN,NaN,NaN,NaN,NaN,NaN
959.79,-22.429,NaN,NaN,NaN,NaN,NaN,NaN
1118.4,-24.816,NaN,NaN,NaN,NaN,NaN,NaN
1291.2,-23.81,NaN,NaN,NaN,NaN,NaN,NaN
1476.1,-23.99,NaN,NaN,NaN,NaN,NaN,NaN
1680.2,-21.424,NaN,NaN,NaN,NaN,NaN,NaN
1893,-24.242,1890,-20.837,217.12,5.2184,12.679,2.8082
2109.5,-27.329,2111.8,-22.769,229.93,4.02,13.124,2.104
2330.8,-31.063,2337.3,-27.255,238.19,0.85714,12.183,0.76244
2553.2,-36.54,2562.5,-34.239,240.57,-3.5248,9.5924,-0.84976
2783,-38.958,2789.9,-39.814,239.91,-6.198,6.3422,-1.7371
3020.1,-41.913,3022.5,-44.354,239.13,-7.4304,3.4868,-2.0171
3263.3,-43.663,3261.2,-46.892,239.42,-6.7408,1.3733,-1.5824
3515.9,-45.838,3509.7,-48.11,243.41,-4.721,0.82932,-0.65977
3771.7,-47.411,3765.5,-48.513,249.86,-2.3724,1.4208,0.28132
4038.6,-48.426,4032.2,-48.299,259.92,-0.069425,3.2509,1.0943
4304.5,-47.7,4303.1,-47.121,269.51,1.9703,5.002,1.6472
4566,-47.196,4571,-46.162,274.09,2.8487,5.1677,1.6647
4825.3,-46.804,4833.7,-45.553,272.93,2.8847,3.5714,1.3673
5074.6,-45.115,5084.6,-44.697,263.37,2.4114,-0.48385,0.85798
5323.8,-41.193,5329.4,-41.626,251.32,3.2285,-4.789,0.84836
5571.5,-34.658,5571.3,-35.875,240.42,5.0558,-8.0502,1.1259
5816.1,-26.492,5811.4,-27.612,232.06,7.6543,-9.8642,1.6138
6062.3,-17.344,6054,-17.573,229.04,10.424,-9.4777,2.115
6305.4,-6.5651,6297.1,-6.2788,229.2,12.619,-7.8693,2.3158
6539.9,5.1305,6535.9,6.0508,229.31,14.383,-6.1546,2.3513
6761.9,14.416,6764.2,16.746,225.89,14.287,-5.4501,1.8159
6971.6,21.291,6978.4,24.607,217,12.237,-6.4008,0.78583
7165.4,23.79,7174.6,27.707,201.89,7.7191,-9.056,-0.82669
7346.6,26.113,7353.3,28.196,181.62,2.6133,-13.088,-2.4029
7516.2,28.749,7517.8,28.018,160.68,-1.6132,-16.739,-3.4967
7672.7,32.08,7669.6,28.993,141.3,-3.6412,-19.226,-3.6958
7815.4,35.613,7809.4,31.603,124.39,-3.4209,-20.323,-3.0664
7943.5,34.391,7937.3,32.367,110.8,-3.2718,-19.781,-2.3906
8056,32.39,8051.4,31.675,98.283,-3.1844,-18.672,-1.7448
8153.3,28.737,8150.9,29.123,86.194,-3.5697,-17.333,-1.3005
8232.8,24.194,8233.3,25.024,72.661,-4.3158,-16.465,-1.0382
8295.3,19.251,8296.9,19.836,56.332,-5.2919,-16.635,-0.93923
8342.5,14.89,8343.2,14.431,38.598,-6.1955,-17.3,-0.9372
8375,10.241,8373.9,8.9721,21.081,-6.8894,-17.842,-0.94457
8394,7.1565,8391,5.0963,5.252,-6.2501,-17.768,-0.55011
8396.7,6.3969,8393.6,4.0193,-9.4649,-3.8377,-17.277,0.35123
8399.4,5.6372,8392.3,4.6781,-17.736,-0.57054,-14.909,1.4588
8400.8,5.2574,8391,5.8714,-19.373,2.1568,-10.957,2.2227
8406.7,2.867,8395.2,5.3366,-13.752,2.919,-5.5469,2.2265
8408.6,1.6162,8401.2,3.9866,-5.3143,2.3745,-0.17401,1.7129
8409.1,0.74514,8407.3,2.2798,3.2239,1.1549,4.2695,0.97245
8409.1,0.74514,8412.4,1.3286,9.9558,0.45365,7.2302,0.49421
8409.1,0.74514,8415.8,0.65872,13.841,-0.17297,8.5144,0.088143
8409.1,0.74514,8417.1,0.33761,14.485,-0.48365,8.1896,-0.1362
8408.2,0.25393,8416,-0.034071,12.313,-0.6694,6.6793,-0.24533
8407.3,-0.23729,8413.2,-0.38015,8.3191,-0.67587,4.5086,-0.24068
8406.5,-0.7285,8409.6,-0.71747,3.7693,-0.57622,2.2649,-0.1742
8404.7,-1.7109,8405.7,-1.3474,-0.13973,-0.53811,0.5045,-0.10378
8403.8,-2.2021,8403.3,-2.0478,-1.8366,-0.65284,-0.21437,-0.11792
8403,-2.6934,8402.7,-2.8897,-1.0996,-0.99381,0.13797,-0.24038
8403,-2.6934,8402.8,-3.2813,-0.12734,-1.0137,0.49392,-0.25092
8403,-2.6934,8403.2,-3.3176,0.68392,-0.76538,0.72523,-0.16288
8403,-2.6934,8403.1,-2.9466,0.61356,-0.12399,0.55469,0.08422
8403,-2.6934,8403.3,-2.6219,0.85691,0.32411,0.54623,0.23301
8403,-2.6934,8403.5,-2.3981,1.0018,0.56495,0.51453,0.29017
8403,-2.6934,8403.6,-2.3673,0.92036,0.51903,0.40676,0.22939
8403,-2.6934,8403.4,-2.4425,0.60677,0.34218,0.2232,0.12587
8403.8,-2.2021,8403.8,-2.2481,0.49589,0.27965,0.10565,0.05958
8404.7,-1.7109,8404.5,-1.8467,0.59188,0.33379,0.074886,0.042231
8407,-1.5995,8406.3,-1.6074,1.1951,0.27844,0.19426,0.00074828
8408.8,-2.8504,8408.4,-2.3636,1.8618,-0.2642,0.3339,-0.16089
8410.2,-3.2302,8410.4,-3.0448,2.3379,-0.5961,0.42846,-0.23009
8412.4,-3.1188,8412.7,-3.3539,2.7114,-0.65525,0.4639,-0.21796
8415.1,-3.8785,8415.4,-3.9631,3.0958,-0.80979,0.48637,-0.22671
8418.3,-5.5092,8418.4,-5.3412,3.4016,-1.3094,0.45564,-0.33245
8422.9,-7.5197,8422.6,-7.3257,4.073,-1.9462,0.5215,-0.45571
8426.5,-7.7881,8426.6,-8.3808,4.4147,-1.8743,0.48711,-0.35894
8430.1,-8.0566,8430.5,-8.7992,4.4741,-1.3781,0.38002,-0.14288
8436.8,-7.7224,8436.2,-8.4353,5.4118,-0.49768,0.53264,0.16276
8438.7,-8.9733,8439.8,-8.76,4.9261,-0.12806,0.28613,0.29082
8442.3,-9.2417,8443.1,-8.953,4.3169,0.18015,0.033141,0.36899
8446.2,-8.1479,8446.5,-8.2794,3.7505,0.73999,-0.19142,0.47523
8449.3,-7.5453,8449.5,-7.4781,3.044,1.1388,-0.42106,0.50743
8452.4,-6.9427,8452.2,-6.6526,2.3172,1.3866,-0.63261,0.49027
8455.5,-6.3401,8455,-5.8521,1.9962,1.5178,-0.66006,0.44807
8458.2,-4.8665,8457.7,-4.7417,1.9213,1.5552,-0.56772,0.34393
8460.8,-3.3928,8460.4,-3.4582,1.9576,1.5212,-0.4408,0.21656
8463,-3.2814,8462.9,-2.872,1.9897,1.1479,-0.31875,0.038654
8464.7,-2.299,8464.9,-2.0715,1.8395,1.0176,-0.26583,-0.021299
8466.5,-1.3166,8466.5,-1.1884,1.5612,0.96097,-0.27614,-0.044655
8467.9,-1.6964,8468,-1.3412,1.3516,0.24889,-0.25022,-0.27632
8468.7,-1.2052,8468.9,-1.3475,0.90368,-0.21955,-0.31429,-0.40429
8469.6,-0.71399,8469.3,-1.1573,0.23648,-0.41728,-0.47836,-0.42512
8469.6,-0.71399,8469.7,-0.94016,0.081078,-0.32721,-0.38099,-0.30954
8469.6,-0.71399,8469.6,-0.8787,-0.30317,-0.31645,-0.39593,-0.23923
8471,-1.0938,8470.3,-1.1773,-0.11456,-0.50336,-0.25743,-0.24718
8471,-1.0938,8470.7,-1.2593,0.037293,-0.42348,-0.12713,-0.16106
8471,-1.0938,8470.9,-1.2207,0.0962,-0.23205,-0.044401,-0.0499
8471,-1.0938,8471,-1.1459,0.10695,-0.046904,0.0057753,0.038961
8471.4,-1.9649,8471.4,-1.733,0.30076,-0.30942,0.096113,-0.03211
8471.4,-1.9649,8471.6,-2.0356,0.33299,-0.36019,0.11684,-0.038297
8472.3,-1.4736,8472.2,-1.7246,0.59702,0.0051204,0.19126,0.090543
8473.2,-0.98243,8473.1,-1.231,0.91904,0.3121,0.26604,0.16429
8473.2,-0.98243,8473.5,-0.92414,0.83938,0.45095,0.20603,0.18349
8474.1,-0.49121,8474.1,-0.35074,0.88112,0.74791,0.18104,0.26077
8474.1,-0.49121,8474.4,-0.16849,0.68071,0.6567,0.093196,0.1921
8474.9,4.3521e-14,8475,0.14042,0.6625,0.58748,0.063399,0.12858
