0,0,NaN,NaN,NaN,NaN,NaN,NaN
91.2,2.734,NaN,NaN,NaN,NaN,NaN,NaN
202.21,4.1867,NaN,NaN,NaN,NaN,NaN,NaN
333.74,3.6559,NaN,NaN,NaN,NaN,NaN,NaN
484.36,2.5463,NaN,NaN,NaN,NaN,NaN,NaN
658.33,-0.52789,NaN,NaN,NaN,NaN,NaN,NaN
847.12,1.4473,NaN,NaN,NaN,NaN,NaN,NaN
1049.3,4.2198,NaN,NaN,NaN,NaN,NaN,NaN
1263.6,7.7802,NaN,NaN,NaN,NaN,NaN,NaN
1484.9,9.9739,NaN,NaN,NaN,NaN,NaN,NaN
1719,6.5963,NaN,NaN,NaN,NaN,NaN,NaN
1968.6,3.3232,NaN,NaN,NaN,NaN,NaN,NaN
2231.7,-1.9809,NaN,NaN,NaN,NaN,NaN,NaN
2506.1,-5.7948,NaN,NaN,NaN,NaN,NaN,NaN
2788.9,-5.3092,2784.7,-7.8446,282.68,-5.6957,7.3996,-1.4696
3073.9,-8.3448,3073.9,-10.858,291.9,-5.956,7.2706,-1.4005
3363.2,-17.009,3366.4,-17.295,298.29,-7.4013,6.564,-1.5656
3656.7,-28.472,3661.2,-27.18,301.78,-9.6319,5.2173,-1.8104
3953.8,-44.862,3957.7,-42.022,302.66,-13.282,3.3139,-2.3391
4252.3,-61.242,4254.3,-59.257,300.66,-16.759,0.76041,-2.7194
4552.3,-74.784,4551.8,-75.976,297.89,-19.125,-1.5482,-2.8685
4851.5,-93.281,4849.4,-94.891,295.02,-21.684,-3.3501,-3.0756
5144.4,-111.11,5143.3,-113.99,291.02,-23.225,-4.8682,-2.9666
5433.7,-131.09,5433.7,-133.68,287,-23.777,-5.754,-2.4877
5716,-148.29,5717.3,-150.94,281.15,-21.695,-6.7835,-1.1609
5991.8,-161.99,5993.2,-164.59,273.16,-17.508,-8.1672,0.6136
6259.9,-179.28,6260.5,-178.8,263.37,-14.153,-9.787,1.9182
6512.5,-198.09,6514,-195.44,249.98,-13.281,-12.072,2.1676
6750.3,-221.95,6752,-217.69,233.67,-16.441,-14.673,0.99579
6970.4,-246.64,6972.5,-243.17,215.09,-20.903,-17.228,-0.47
7172.7,-269.32,7174.4,-268.48,194.57,-24.172,-19.705,-1.3987
7359.6,-293.52,7359,-294.15,173.78,-26.589,-21.663,-1.9257
7530.9,-316.41,7527.6,-318.39,154.02,-27.102,-22.805,-1.7465
7687.3,-341.53,7681.7,-343.28,136.37,-27.467,-22.919,-1.5271
7824.7,-366.06,7819.1,-368,119.52,-27.359,-22.527,-1.1993
7946.4,-387.87,7941,-389.93,104.2,-25.007,-21.5,-0.14213
8049.8,-411.22,8046.4,-411.64,89.739,-22.701,-20.092,0.79002
8132.7,-432.58,8132.1,-432.1,73.866,-20.109,-19.167,1.6715
8201.4,-452.63,8201.1,-451.92,58.042,-18.351,-18.346,2.0306
8252.5,-470.67,8252.2,-470.58,41.233,-17.187,-18.024,1.9917
8290.7,-485.97,8288.6,-486.52,25.132,-15.214,-17.68,2.1567
8315.6,-496.41,8312,-497.96,11.052,-11.719,-16.802,2.7056
8326.9,-506.23,8323.1,-506.55,-1.2722,-7.6864,-15.531,3.3947
8329.1,-506.92,8324.9,-508.4,-10.602,-1.7478,-13.534,4.4649
8331.2,-506.2,8324.6,-506.56,-14.216,3.7504,-10.205,5.1684
8335.4,-509,8327.1,-505.87,-11.708,6.4137,-5.7125,4.9399
8335.4,-509,8329.8,-505.22,-6.636,7.1708,-1.2768,4.0954
8335.4,-509,8332.9,-505.04,-0.48276,6.4746,2.5838,2.9187
8335.4,-509,8336.5,-505.84,5.6146,4.337,5.6007,1.4225
8335.4,-509,8339.4,-507.44,9.9529,1.3579,7.2814,-0.1564
8334,-507.6,8340.5,-508.04,11.805,-0.65427,7.6429,-1.1596
8331.2,-507.62,8338.9,-508.86,11.011,-2.3517,6.8547,-1.8399
8329.8,-506.21,8336,-508.39,8.2619,-2.6589,5.2151,-1.8885
8327.6,-504.11,8332,-506.41,4.6626,-1.6239,3.3372,-1.4009
8325.5,-503.41,8327.5,-504.49,0.92456,-0.41897,1.5343,-0.81425
8323.4,-501.31,8323.7,-501.93,-1.571,1.006,0.38931,-0.21473
8322.7,-500.6,8322,-500.03,-1.7074,1.8694,0.2547,0.16708
8321.2,-499.2,8321.2,-498.99,-0.7962,1.4413,0.57545,-0.037857
8320.5,-498.5,8320.7,-498.4,-0.1052,0.7921,0.74125,-0.28194
8320.5,-498.5,8320.5,-498.14,0.33851,0.38124,0.7444,-0.34898
8319.8,-497.79,8320.4,-497.97,0.84992,-0.12158,0.8148,-0.4742
8319.8,-497.79,8320.4,-498.04,1.0718,-0.53706,0.75197,-0.53711
8319.8,-497.79,8320.3,-498.14,0.94809,-0.73829,0.55928,-0.50807
8319.8,-497.79,8320.2,-498.17,0.60894,-0.73176,0.30887,-0.40673
8320.5,-497.08,8320.5,-497.71,0.61233,-0.41209,0.20823,-0.23459
8323.3,-497.06,8322.6,-497.23,1.516,0.048714,0.39167,-0.0076665
8324.8,-497.05,8324.6,-497.01,1.9687,0.21462,0.40972,0.076877
8326.2,-497.04,8326.4,-496.92,2.2685,0.23991,0.40603,0.0944
8327.6,-497.03,8328.1,-496.81,2.3406,0.33387,0.34476,0.13974
8327.6,-497.03,8328.6,-496.9,1.7065,0.17376,0.091785,0.070247
8328.3,-496.32,8328.8,-496.45,0.88215,0.37098,-0.21026,0.12045
8328.3,-496.32,8328.6,-496.3,0.036143,0.28876,-0.46183,0.066985
8328.3,-496.32,8328.1,-496.23,-0.76891,0.21624,-0.67307,0.034434
8328.3,-496.32,8327.7,-496.2,-1.3082,0.1655,-0.76894,0.020102
8328.3,-496.32,8327.5,-496.27,-1.3459,0.020829,-0.66419,-0.032039
8328.3,-496.32,8327.6,-496.29,-1.0939,-0.0089789,-0.46639,-0.031053
8328.3,-496.32,8327.8,-496.31,-0.56396,-0.029256,-0.18297,-0.028058
8328.3,-496.32,8328.2,-496.34,0.032303,-0.06548,0.094852,-0.034737
8328.3,-496.32,8328.5,-496.43,0.38259,-0.16063,0.23853,-0.069247
8328.3,-496.32,8328.5,-496.41,0.32672,-0.1188,0.1929,-0.044096
8329,-495.61,8329,-495.89,0.5761,0.19836,0.24503,0.057906
8328.3,-493.49,8328.7,-494.14,0.29934,1.087,0.12882,0.30737
8329.7,-490.66,8329.4,-491.28,0.53394,2.3293,0.15861,0.62206
8331.7,-484.28,8331.2,-485.58,1.3481,4.6591,0.3644,1.1847
8337.3,-475.76,8335.8,-477.09,3.328,7.681,0.8485,1.8415
8339.4,-466.55,8339.6,-466.88,4.3923,10.676,1.031,2.3986
8344.3,-458.74,8344.5,-457.23,5.5832,12.271,1.2041,2.4566
8348.5,-448.81,8349.3,-447.04,6.205,13.205,1.1725,2.2617
8353.4,-438.17,8354.3,-436.5,6.4715,13.491,1.0151,1.851
8358.9,-426.82,8359.6,-425.6,6.5688,13.309,0.80188,1.3146
8365.2,-414.76,8365.5,-414.19,6.66,12.937,0.59491,0.77138
8371.5,-401.28,8371.6,-401.61,6.6373,12.926,0.37865,0.40839
8380.6,-389.2,8379.7,-389.26,7.5027,12.643,0.44523,0.064673
8391.1,-375.69,8389.9,-376.08,9.1532,12.838,0.74752,-0.039025
8396.7,-360.1,8397.7,-361.03,9.1625,13.968,0.58885,0.18684
8407.2,-348,8407.5,-347.41,10.138,14.117,0.75453,0.15601
8414.9,-334.52,8416,-333.84,9.976,14.127,0.54633,0.10389
8422.6,-321.03,8423.7,-320.67,9.1233,13.617,0.13966,-0.1419
8431,-308.25,8431.2,-308.13,8.0117,12.716,-0.34243,-0.48368
8438,-295.47,8438.2,-295.72,7.1185,11.996,-0.61511,-0.69854
8444.9,-282.7,8444.7,-283.09,6.0459,11.794,-0.91944,-0.67116
8452.7,-272.04,8451.8,-271.9,5.7712,10.941,-0.89997,-0.82343
8458.2,-257.86,8457.9,-258.98,5.2697,11.313,-0.90085,-0.59551
8466.6,-247.9,8465.5,-247.8,5.8671,10.875,-0.56265,-0.5946
8472.2,-236.55,8472.1,-236.67,6.0429,10.617,-0.35408,-0.53883
8478.5,-225.9,8478.6,-225.99,6.2211,10.276,-0.17002,-0.51636
8484.8,-216.66,8484.7,-216.26,6.0272,9.7412,-0.17867,-0.51759
8489.7,-207.44,8489.9,-207.27,5.391,8.9224,-0.32004,-0.63729
8494.6,-199.63,8495,-199.52,5.2001,7.6564,-0.24395,-0.89255
8498.1,-191.83,8498.5,-191.91,3.9388,7.0114,-0.57427,-0.86983
8501.6,-185.44,8501.7,-185.46,3.0918,6.0098,-0.69583,-0.96885
8502.3,-183.31,8502.9,-182.26,1.5002,3.7808,-1.0077,-1.3831
8502.9,-179.77,8503.1,-179.65,-0.11587,2.0431,-1.2902,-1.5909
8507.1,-172.67,8505.5,-174.64,0.13776,2.256,-0.9765,-1.2197
8507.8,-170.55,8507,-171.26,0.1595,1.9711,-0.74132,-0.99951
8508.5,-168.42,8508.1,-168.62,0.15649,1.771,-0.53526,-0.74928
8510.6,-166.29,8510.1,-166.62,0.9314,1.3133,-0.10765,-0.66531
8512.7,-162.74,8512.2,-163.38,1.5811,2.0734,0.17239,-0.18893
8514.8,-160.6,8514.8,-160.7,2.5291,2.4002,0.53058,0.057044
8515.5,-158.47,8516.4,-158.27,2.5726,2.6128,0.53825,0.21972
8516.9,-157.05,8517.6,-156.45,2.3304,2.5045,0.41762,0.25172
8517.6,-154.92,8518.4,-154.64,1.773,2.3083,0.20442,0.20309
8517.6,-153.51,8518.2,-153.23,0.75558,1.9241,-0.1435,0.086569
8519,-152.09,8518.7,-152.05,0.33014,1.4309,-0.27624,-0.073886
8520.4,-150.66,8519.8,-150.73,0.32049,1.2709,-0.26278,-0.089984
8521.8,-149.24,8521.4,-149.07,0.89373,1.6305,-0.02185,0.10752
8522.5,-147.11,8522.6,-147.24,1.1312,1.8024,0.08459,0.15839
8523.2,-144.99,8523.2,-145.44,0.85703,1.6588,-0.023945,0.0432
8523.9,-144.28,8524.2,-143.95,1.0464,1.7447,0.082961,0.10612
8525.3,-142.85,8525.4,-142.5,1.3548,1.7876,0.19591,0.14027
8526.7,-141.43,8526.7,-141.14,1.4423,1.7075,0.18743,0.11348
8527.4,-140.72,8527.6,-140.43,1.2158,1.1693,0.077609,-0.07627
8528.1,-140,8528.3,-139.84,0.88514,0.75284,-0.051566,-0.18848
8529.5,-138.58,8529.4,-138.86,0.95532,0.65171,-0.029227,-0.19877
8530.2,-137.87,8530.2,-138.03,0.83926,0.57789,-0.06697,-0.18438
8530.2,-137.87,8530.6,-137.81,0.57902,0.21198,-0.11556,-0.25812
8530.9,-137.16,8531.1,-137.31,0.52172,0.18626,-0.092997,-0.20731
8531.6,-136.45,8531.5,-136.64,0.35731,0.32764,-0.13539,-0.10971
8533,-135.02,8532.6,-135.38,0.52839,0.7881,-0.080226,0.065232
8534.5,-133.6,8534,-133.84,0.89625,1.2939,0.032048,0.22292
8535.1,-131.47,8535.2,-131.79,1.1608,1.8643,0.12451,0.35419
8537.9,-127.21,8537.6,-128.01,1.9863,3.1525,0.3596,0.66258
8542.1,-120.11,8541.5,-121.36,3.3645,5.626,0.70805,1.2744
8549.2,-111.58,8547.9,-112.54,5.585,8.4321,1.2173,1.868
8559,-98.784,8557.6,-99.976,8.7399,12.217,1.9058,2.6274
8565.3,-89.549,8566.2,-88.19,10.452,14.344,2.0979,2.8054
8573,-80.305,8574.7,-77.591,11.216,14.736,1.9493,2.409
8580.7,-69.646,8582.6,-67.247,10.972,14.172,1.4751,1.7136
8588.4,-58.988,8590.1,-57.171,10.138,13.047,0.87154,0.91883
8596.8,-49.031,8597.7,-47.791,9.2158,11.41,0.30739,0.076952
8605.2,-37.661,8605.4,-37.868,8.1954,10.118,-0.22514,-0.55937
8612.9,-27.002,8612.7,-27.834,7.1458,9.1635,-0.66775,-0.96084
8619.9,-17.056,8619.5,-17.988,6.1299,8.499,-0.99413,-1.1467
8627.7,-7.8112,8626.8,-8.414,5.8954,8.2163,-0.97261,-1.0913
8632.6,2.2504e-13,8632.8,0.1398,5.4149,7.8214,-0.92322,-0.99308
