0,0,NaN,NaN,NaN,NaN,NaN,NaN
101.35,-11.887,NaN,NaN,NaN,NaN,NaN,NaN
223.97,-21.383,NaN,NaN,NaN,NaN,NaN,NaN
363.91,-27.288,NaN,NaN,NaN,NaN,NaN,NaN
521.17,-29.6,NaN,NaN,NaN,NaN,NaN,NaN
692.15,-28.489,NaN,NaN,NaN,NaN,NaN,NaN
876,-29.272,NaN,NaN,NaN,NaN,NaN,NaN
1069.6,-31.26,NaN,NaN,NaN,NaN,NaN,NaN
1271.1,-41.484,NaN,NaN,NaN,NaN,NaN,NaN
1476.6,-52.911,NaN,NaN,NaN,NaN,NaN,NaN
1685.5,-66.397,NaN,NaN,NaN,NaN,NaN,NaN
1904.4,-82.461,NaN,NaN,NaN,NaN,NaN,NaN
2128.9,-97.157,NaN,NaN,NaN,NaN,NaN,NaN
2364.4,-114.94,NaN,NaN,NaN,NaN,NaN,NaN
2600.9,-136.85,2595.2,-140.62,231.11,-27.986,0.58396,-5.0516
2843.2,-158.76,2839.1,-161.72,238.72,-27.502,1.7332,-3.7369
3090.3,-182.38,3088,-183.78,246.09,-26.387,2.8038,-2.3185
3339.1,-207.04,3339.4,-207.18,251.88,-25.539,3.3847,-1.2005
3592.4,-232.04,3593.5,-231.8,256.16,-25.358,3.4322,-0.56045
3841.6,-258.06,3845.2,-257.92,256.54,-26.137,2.3407,-0.45234
4088.9,-285.29,4093,-285.26,253.21,-27.273,0.27826,-0.53764
4336.5,-313.89,4338.6,-313.91,248.36,-28.627,-1.9461,-0.70987
4581.6,-340.94,4581.8,-341.39,242.92,-28.371,-3.9223,-0.31135
4819.9,-367.48,4820.2,-368.11,236.77,-27.56,-5.5662,0.15972
5050.3,-393.84,5051.4,-394.19,229.26,-26.433,-7.086,0.63589
5273,-419.17,5274.1,-419.35,219.94,-25.069,-8.7641,1.0721
5490.1,-448.09,5489.8,-446.86,210.6,-25.542,-10.026,0.83651
5700.4,-478.73,5698.3,-476.62,201.26,-27.085,-10.997,0.32751
5900.1,-511.25,5898.4,-508.78,192.21,-29.451,-11.453,-0.33421
6088.4,-547.36,6087.6,-544.82,181.96,-33.39,-12.014,-1.3991
6266.1,-581.75,6265.5,-581.37,170.78,-36.561,-12.624,-2.1148
6434.5,-619.91,6433.2,-620.18,159.68,-39.841,-12.991,-2.7396
6596.9,-660.3,6593.5,-661.16,150.04,-42.982,-12.824,-3.1933
6749.5,-699.48,6746.1,-701.75,142.09,-44.426,-11.994,-3.0217
6895.2,-740.38,6891.8,-742.51,135.49,-44.679,-10.809,-2.4213
7031.4,-777.83,7028.9,-780.64,128.65,-42.634,-9.8635,-1.1732
7156.6,-812.2,7155.8,-815.28,120.81,-38.779,-9.3272,0.40488
7273.8,-844.16,7273.9,-846.53,112.98,-33.86,-8.8263,2.0297
7382.9,-872.34,7383.4,-873.93,105.25,-28.293,-8.357,3.5232
7485.8,-899.15,7485.8,-899.1,97.944,-23.453,-7.8968,4.4805
7580.8,-923.55,7580.4,-922,90.328,-19.19,-7.7133,5.0666
7670.1,-945.72,7668.7,-943.22,83.267,-16.058,-7.4931,5.1199
7750.7,-964.97,7749.7,-962.42,76.487,-13.767,-7.2066,4.7964
7823.9,-980.96,7823.7,-979.01,70.1,-11.813,-6.7955,4.3177
7890.6,-994.2,7891,-993.29,64.073,-10.488,-6.3168,3.5835
7947.7,-1004,7949.5,-1004,56.938,-8.4152,-6.249,3.1812
7995.9,-1013.1,7998.3,-1012.7,48.114,-6.4754,-6.7796,2.8431
8036.9,-1022.6,8038.6,-1021.2,38.832,-5.5776,-7.4267,2.288
8070.9,-1030.1,8071.1,-1028.6,29.491,-4.7536,-8.0806,1.8644
8097.8,-1035.8,8096.8,-1034.8,21.062,-4.2647,-8.3569,1.3838
8116,-1044.4,8115.1,-1042.7,13.278,-5.3542,-8.3173,0.52838
8130.4,-1049.6,8128.4,-1049.4,7.1564,-6.0708,-7.7734,-0.10003
8142.4,-1050.9,8139.3,-1052.9,3.5469,-5.3478,-6.5587,-0.22387
8151.3,-1051.6,8148,-1053.9,1.8286,-3.5005,-4.9858,0.083525
8153.7,-1049.6,8152.4,-1051.9,0.225,-0.47868,-3.6022,0.76356
8154.2,-1048.7,8153.8,-1049.2,-1.1556,2.144,-2.4435,1.3159
8157,-1048,8155.8,-1046.9,-0.62395,3.7158,-1.0003,1.5138
8157.8,-1048.5,8157.2,-1046.2,0.32649,3.6205,0.22332,1.1791
8158.3,-1047.7,8158.3,-1045.9,1.3106,2.755,1.1253,0.60324
8158.3,-1047.7,8159.1,-1046.6,2.345,0.99993,1.8106,-0.21288
8158.3,-1047.7,8159.7,-1047.6,3.1531,-0.71167,2.2133,-0.89378
8158.3,-1047.7,8160,-1048.4,3.4401,-1.9047,2.2673,-1.28
8158.3,-1047.7,8160,-1049.1,3.3072,-2.6081,2.0774,-1.4306
8158.8,-1046.8,8160.3,-1048.7,3.1898,-2.2524,1.8489,-1.1749
8159.9,-1045.1,8161.2,-1046.6,3.4024,-0.41883,1.7287,-0.38078
8159.2,-1042.4,8160.8,-1043.3,2.5743,1.634,1.246,0.36046
8160.2,-1034.8,8160.8,-1036.6,1.7323,4.8526,0.74328,1.2701
8163.3,-1023.8,8162.7,-1025.8,1.9766,9.2414,0.61624,2.3517
8162.5,-1011.7,8163.4,-1012.6,1.8781,13.345,0.5204,3.1301
8161.3,-998.12,8162.7,-997.6,1.0676,16.986,0.23486,3.6498
8161.4,-984.23,8162,-982.15,0.072465,19.302,-0.13847,3.6679
8158.4,-971.88,8159.3,-968.22,-1.583,19.49,-0.61857,3.0216
8157.2,-958.33,8157,-955.12,-2.6573,18.186,-0.86763,1.927
8156.2,-942.55,8155.3,-941.1,-3.0201,16.925,-0.85701,0.94217
8155.8,-923.68,8154.5,-924.5,-2.5963,16.74,-0.59844,0.37734
8160.5,-898.48,8157.7,-902.07,0.011589,19.355,0.26214,0.71489
8164.9,-869.67,8163,-873.9,3.2669,24.291,1.2186,1.7559
8171.8,-838.8,8170.7,-841.51,6.9513,30.197,2.1593,3.0294
8178.5,-804.33,8179.2,-805.1,9.9101,36.557,2.7431,4.324
8184.5,-767.12,8187,-765.75,11.469,42.279,2.8168,5.2467
8192.1,-727.34,8194.6,-724.66,11.654,46.197,2.3481,5.3757
8198.8,-687.04,8201.1,-683.46,10.348,47.709,1.4027,4.6434
8205,-647.6,8206.8,-643.61,8.635,46.692,0.48655,3.176
8210.7,-609.01,8211.6,-605.67,6.4344,43.642,-0.46285,1.2548
8216.2,-572.66,8216,-570.22,4.3118,39.264,-1.2487,-0.75272
8218.4,-537.85,8218.6,-536.65,2.1843,34.833,-1.7881,-2.3647
8220.5,-505.26,8220.1,-505.16,0.28662,30.588,-2.1249,-3.5557
8221.1,-475.25,8220.6,-475.92,-1.1954,26.729,-2.1946,-4.3111
8221.9,-446.61,8221,-448.23,-1.9231,23.688,-1.9826,-4.5914
8223.5,-420.71,8221.7,-422.76,-2.0982,20.897,-1.6697,-4.6755
8224,-396.53,8222.5,-398.79,-1.7093,18.988,-1.1845,-4.3683
8223,-374.92,8222.3,-376.63,-1.6874,17.689,-0.8685,-3.802
8223.5,-356.57,8222.8,-357.34,-0.96373,16.088,-0.37513,-3.3471
8226.8,-343.37,8225.5,-342.72,1.0149,13.183,0.40415,-3.3092
8221.6,-328.62,8223.6,-329.29,0.12513,10.929,0.23838,-3.1362
8223.2,-320.22,8223.5,-320.05,0.30523,7.7416,0.34167,-3.2495
8223.4,-317.99,8223.5,-316.67,0.39881,3.0338,0.35987,-3.764
8223.5,-315.76,8223.5,-315.86,0.34016,-1.119,0.28922,-4.0607
8221.5,-313.36,8222.1,-315.33,-0.54746,-3.4754,-0.023297,-3.786
8221.5,-307.52,8221.4,-311.8,-0.6366,-2.7336,-0.032307,-2.6544
8221.5,-307.52,8221.2,-309.81,-0.46787,-1.916,0.031317,-1.592
8221.1,-306.15,8221.1,-307.56,-0.17231,-0.34388,0.14439,-0.44551
8221.7,-305.3,8221.5,-305.54,0.22692,1.2134,0.24869,0.49914
8221.7,-305.3,8221.7,-304.29,0.38006,2.2589,0.25112,1.109
8221.7,-305.3,8221.9,-303.77,0.55034,2.5793,0.27502,1.3139
8221.7,-305.3,8222.1,-303.79,0.67601,2.3318,0.29121,1.2173
8221.7,-305.3,8221.9,-304.13,0.34995,1.7497,0.12061,0.9496
8221.7,-305.3,8221.6,-304.6,-0.12743,1.073,-0.096561,0.63414
8221.7,-305.3,8222,-305.44,0.38017,-0.066189,0.13476,0.11833
8221.7,-305.3,8221.6,-305.6,-0.086711,-0.20786,-0.073091,0.056056
8221.7,-305.3,8221.5,-305.14,-0.30802,0.45759,-0.1589,0.33737
8221.7,-305.3,8221.4,-304.81,-0.34903,0.86159,-0.16207,0.4799
8221.7,-305.3,8221.6,-304.79,-0.050825,0.81079,-0.01945,0.41545
8221.7,-305.3,8221.6,-305.18,-0.021943,0.22012,-0.005629,0.12345
8222.5,-305.81,8222.2,-305.45,0.31592,0.1261,0.094088,0.099511
8223.4,-306.32,8223.2,-306.1,0.75732,-0.29323,0.21315,-0.051794
8224.2,-306.84,8224.2,-306.8,1.0389,-0.62408,0.25397,-0.15256
8225.1,-307.35,8225.2,-307.43,1.278,-0.76773,0.2836,-0.17036
8225.9,-307.87,8226.2,-308.02,1.3738,-0.82525,0.26321,-0.15811
8225.9,-307.87,8226.5,-308.21,1.0377,-0.62337,0.11852,-0.071197
8226.8,-308.38,8227,-308.51,0.79824,-0.47951,0.010359,-0.0062228
8227.7,-308.9,8227.6,-308.88,0.63744,-0.38292,-0.064786,0.038918
8230.2,-310.44,8229.5,-310,1.144,-0.68725,0.056659,-0.034036
8235.4,-313.53,8233.8,-312.6,2.8079,-1.6868,0.49187,-0.29548
8245,-316.97,8242.5,-316.23,6.2987,-2.98,1.3882,-0.61278
8260.7,-321.78,8257.4,-321.2,12.137,-4.6199,2.8243,-0.98694
8276.4,-322.99,8275.2,-324.3,17.804,-4.7947,4.0176,-0.90201
8297.1,-321.46,8297.1,-324.19,23.609,-3.0663,5.0313,-0.27372
8324.9,-315.98,8324.8,-319.5,30.065,0.87854,5.9768,0.92995
8354.2,-313.77,8355.7,-314.67,35.434,4.0983,6.3802,1.802
8389.2,-307.96,8390.9,-307.9,40.267,7.4202,6.4443,2.5665
8428.3,-301.12,8430,-299.93,44.413,10.195,6.1828,3.0219
8471.5,-293.25,8473,-291.3,48.015,12.03,5.7122,3.0639
8517.7,-282.47,8519.2,-281.02,51.011,13.448,5.1002,2.8643
8564.8,-269.97,8566.9,-269.11,52.74,14.558,4.2005,2.5147
8613,-255.77,8615.5,-255.56,53.408,15.479,3.1627,2.0936
8660.6,-238.81,8663.4,-239.39,52.567,16.989,1.8774,1.8952
8708.6,-221,8710.8,-221.33,50.78,18.811,0.53132,1.8691
8756.1,-204.05,8757.2,-203.11,48.181,20.02,-0.83905,1.7395
8801.9,-186.07,8802.1,-184.47,44.948,20.898,-2.1409,1.5869
8845.5,-167.91,8845.3,-166.27,42.022,20.666,-2.9738,1.0783
8889,-149.75,8887.8,-148.62,39.606,19.568,-3.4445,0.33975
8929.9,-132.28,8928.4,-131.82,37.184,17.801,-3.7524,-0.51311
8967.6,-114.12,8966.7,-114.4,35.052,16.939,-3.7533,-0.87457
9001.2,-96.99,9001.1,-97.568,32.054,15.897,-3.9223,-1.2138
9031.8,-79.171,9031.9,-80.227,28.521,15.594,-4.1621,-1.2161
9057.2,-64.092,9057.6,-64.263,23.916,14.957,-4.6422,-1.2274
9077.1,-50.383,9077.7,-50.046,18.259,13.74,-5.3178,-1.3699
9091.6,-35.813,9092,-36.032,12.014,12.925,-6.0068,-1.3544
9110.3,-26.047,9107.1,-25.211,8.7689,10.856,-5.7161,-1.6776
9120.3,-13.362,9118.1,-14.125,5.6036,9.5181,-5.3322,-1.781
9128.9,-1.0181,9126.6,-2.5851,3.2436,9.0758,-4.7186,-1.5902
9135.9,8.7536,9133.6,7.9043,2.0167,8.6915,-3.816,-1.3441
9141.4,15.954,9139.6,16.116,1.8008,7.5569,-2.708,-1.3247
9143.5,19.383,9143.1,20.739,1.3876,5.1854,-1.8077,-1.6365
9149.6,29.669,9148.1,28.24,2.3646,5.1716,-0.74771,-1.258
9150.2,30.526,9150.5,31.429,2.2694,3.3451,-0.19703,-1.41
9151.2,32.241,9151.8,32.784,1.8909,1.2129,0.10263,-1.6608
9149.6,41.331,9151,38.519,0.65256,2.1471,0.036767,-1.0399
9148.4,43.218,9149.2,42.173,-0.68031,2.1135,-0.13704,-0.76568
9144.7,46.65,9145.7,46.001,-2.2979,2.6456,-0.37864,-0.32113
9141.9,51.797,9142.3,51.062,-3.1359,3.9694,-0.36341,0.28735
9139.2,56.943,9139.1,56.68,-3.4273,5.3521,-0.21721,0.79751
9134.6,60.89,9134.3,61.946,-4.7056,6.4439,-0.5023,1.1812
9128.6,64.495,9128.9,65.906,-5.365,6.0949,-0.45663,0.95861
9126,66.039,9125.1,67.795,-4.8204,4.4296,-0.10253,0.32064
9122.6,68.099,9121.9,69.114,-3.9228,2.7805,0.29987,-0.23772
9118.3,70.674,9118.5,70.742,-3.2303,1.7669,0.58792,-0.52055
9112.3,74.278,9113.6,73.462,-3.3504,1.7225,0.59929,-0.46295
9110.6,75.308,9110.2,74.645,-3.1361,0.62852,0.55856,-0.78888
9107.1,77.368,9107.2,76.976,-2.5601,1.2356,0.68168,-0.38587
9105.4,78.398,9105.2,78.54,-1.8417,1.334,0.77831,-0.20852
9102,80.458,9102.6,79.941,-1.5684,0.97367,0.75173,-0.30281
9096,84.062,9097.7,83.39,-2.751,2.354,0.29179,0.24342
9092.6,86.122,9093.3,86.288,-3.4092,3.0483,0.044627,0.48157
9087.2,86.983,9087.8,87.813,-4.6805,2.6472,-0.3817,0.3167
9082.8,87.328,9082.5,88.245,-5.5666,1.6387,-0.63949,-0.028121
9079.2,87.158,9078.3,87.872,-5.4496,0.44606,-0.5226,-0.3773
9071.3,89.563,9071.8,88.916,-6.3035,0.30815,-0.64906,-0.38198
9060.5,89.055,9061.8,89.099,-8.8827,-0.010563,-1.2876,-0.38514
9046.9,87.861,9048.5,88.174,-12.265,-0.79809,-2.0197,-0.52857
9028.8,84.784,9030.8,85.412,-16.712,-2.3265,-2.8911,-0.87207
9009.7,76.39,9010.6,78.219,-20.878,-5.6814,-3.5221,-1.6754
8988.3,71.771,8987.6,71.653,-25.148,-7.5253,-4.1396,-1.8932
8965.3,64.58,8963.3,64.005,-28.224,-9.1629,-4.2557,-2.0052
8936,56.535,8934.7,55.676,-31.921,-10.275,-4.4656,-1.9059
8904.7,47.291,8903.6,46.318,-34.826,-11.312,-4.2933,-1.7987
8870.3,36.504,8869.7,35.638,-37.172,-12.438,-3.8703,-1.7287
8831.8,26.921,8831.9,25.604,-40.084,-12.374,-3.6685,-1.2756
8792.6,17.852,8792.1,16.562,-42.299,-11.264,-3.2793,-0.54464
8752.4,9.2979,8751.1,8.4337,-44.01,-9.5878,-2.871,0.24992
8714.5,0.57132,8711.5,0.48441,-44.016,-8.131,-2.1069,0.829
8680.4,-5.7562,8676.1,-6.222,-40.941,-6.6831,-0.54627,1.2046
8647.8,-9.5121,8644.2,-10.336,-36.069,-4.3034,1.319,1.7633
8619.7,-13.613,8617.1,-13.61,-29.526,-2.3145,3.3785,2.0852
8594.6,-12.571,8594.1,-13.173,-22.384,0.8853,5.2742,2.6782
8576.3,-6.2161,8576.5,-7.3188,-14.97,5.9192,6.79,3.7097
8555.7,-11.35,8559.2,-7.4701,-10.398,5.7455,7.1018,3.0117
8540.6,-9.2843,8544.2,-6.5345,-7.2919,5.4513,6.7198,2.3053
8529.7,-6.1916,8532.7,-4.603,-4.6047,5.0408,6.1354,1.6002
8520,-2.7566,8522.7,-1.9512,-3.3303,4.6065,5.0763,0.97384
8512.2,-0.35146,8514.4,0.36443,-2.8631,3.784,3.8815,0.34916
8509.4,-1.036,8509.9,0.20423,-1.4044,1.5485,3.1527,-0.57986
8500.5,-0.34534,8503.1,-0.2341,-2.3099,-0.38924,1.9223,-1.2576
8497.6,-3.2593,8498.5,-2.8614,-2.4132,-2.7981,1.1469,-1.8853
8496.2,-3.6016,8496,-4.5848,-2.0057,-3.7792,0.66248,-1.9302
8494.8,-3.9438,8494.4,-5.5966,-1.6505,-3.8208,0.28149,-1.6489
8493.5,-4.2861,8493.3,-5.9882,-1.286,-3.1717,0.051494,-1.1617
8491.8,-3.2562,8491.8,-4.933,-1.4622,-1.551,-0.261,-0.41834
8490.9,-2.7413,8490.7,-3.9546,-1.6241,-0.5089,-0.48531,-0.018333
8490.9,-2.7413,8490,-3.3076,-1.706,0.080518,-0.6503,0.17479
8490.9,-2.7413,8490.4,-1.8058,-0.91405,1.8507,-0.39589,0.88976
8490.9,-2.7413,8490.5,-1.4475,-0.57424,2.0051,-0.32296,0.87267
8490.9,-2.7413,8490.6,-1.6713,-0.52815,1.438,-0.34994,0.56362
8490.9,-2.7413,8490.6,-2.2547,-0.45854,0.49569,-0.33714,0.12668
8490.9,-2.7413,8490.6,-2.8174,-0.503,-0.29912,-0.35459,-0.21024
8490.9,-2.7413,8490.5,-3.0612,-0.75944,-0.57942,-0.45009,-0.3014
8490.9,-2.7413,8490.9,-3.231,-0.06125,-0.73593,-0.11507,-0.33818
8490.9,-2.7413,8490.9,-2.9415,-0.16785,-0.26781,-0.14981,-0.10632
8491.4,-1.8841,8491,-2.2479,-0.21215,0.21345,-0.18089,0.063189
8492.8,-1.5418,8492.1,-1.5587,0.25181,0.6205,-0.04748,0.19653
8493.3,-0.68455,8493.1,-0.63635,0.66377,1.0151,0.080128,0.29748
8495.5,-0.85722,8495.1,-0.45444,1.5925,0.78258,0.3513,0.17491
8496,-1.1369e-13,8496.5,0.091078,1.8456,0.76082,0.38424,0.12737
