0,0,NaN,NaN,NaN,NaN,NaN,NaN
48.502,-10.608,NaN,NaN,NaN,NaN,NaN,NaN
107.18,-20.514,NaN,NaN,NaN,NaN,NaN,NaN
177.26,-30.418,NaN,NaN,NaN,NaN,NaN,NaN
259.26,-42.251,NaN,NaN,NaN,NaN,NaN,NaN
353.9,-54.784,NaN,NaN,NaN,NaN,NaN,NaN
460.2,-68.282,NaN,NaN,NaN,NaN,NaN,NaN
578.34,-79.585,NaN,NaN,NaN,NaN,NaN,NaN
704.2,-88.783,NaN,NaN,NaN,NaN,NaN,NaN
841.9,-95.787,NaN,NaN,NaN,NaN,NaN,NaN
987.05,-99.721,NaN,NaN,NaN,NaN,NaN,NaN
1138.8,-104.97,NaN,NaN,NaN,NaN,NaN,NaN
1303.6,-108.73,NaN,NaN,NaN,NaN,NaN,NaN
1478.3,-110.82,NaN,NaN,NaN,NaN,NaN,NaN
1662.5,-113.43,1660.6,-111.05,185.62,2.0476,8.0132,2.5232
1858.8,-114.82,1855.8,-112.74,196.29,1.9026,8.4304,1.9359
2061.4,-116.55,2060.1,-115.01,206.9,0.71493,8.9114,1.0446
2270,-117.67,2271.1,-117.2,216.12,-0.67038,9.0095,0.1912
2489.1,-119.06,2490.5,-119.19,224.86,-1.722,8.9595,-0.38544
2713.5,-121.05,2715.8,-121.31,231.84,-2.4838,8.3771,-0.71111
2945,-122.17,2946.9,-122.71,237.46,-2.4438,7.4401,-0.66758
3179.3,-122.5,3181.6,-123.31,240.91,-1.9254,5.9926,-0.46244
3417,-119.85,3419.1,-121.5,242.9,-0.24936,4.3973,0.052842
3659.6,-108.6,3660.2,-112.7,244.27,4.5722,2.8836,1.3648
3901.2,-93.496,3902.2,-97.682,244.6,11.293,1.4775,3.0215
4146,-75.407,4146.4,-77.614,245.13,18.897,0.51645,4.7437
4389.7,-56.616,4390.1,-55.611,244.27,24.971,-0.61333,5.7401
4635.8,-39.228,4635,-34.865,243.67,27.812,-1.3821,5.5761
4878.7,-21.665,4878.4,-15.838,242.07,27.764,-2.1913,4.4927
5122.1,-1.9098,5121,2.7046,240.18,25.962,-2.8835,2.8922
5360.4,17.495,5360.3,20.455,237.47,22.957,-3.5093,1.0756
5593.6,36.548,5594.8,37.489,233.28,19.415,-4.3055,-0.67578
5825.6,56.302,5825.6,55.088,228.5,16.74,-5.1233,-1.8599
6053,73.776,6052.5,72.155,223.5,14.757,-5.7796,-2.4981
6273.1,91.337,6273,89.508,217.22,14.042,-6.622,-2.4811
6487.3,104.16,6487.1,104.28,210.43,12.996,-7.3456,-2.3467
6693.5,115.84,6693.6,116.72,202.64,11.478,-8.1381,-2.2848
6895.2,125.25,6894,125.96,195.03,8.6204,-8.6895,-2.6892
7090.3,131.84,7088.7,132.09,188.29,5.0408,-8.7504,-3.2606
7278,135.37,7276.4,135,181.41,1.0431,-8.7573,-3.8628
7452.9,136.44,7453.5,135.4,172.78,-2.5329,-9.1286,-4.185
7617.4,133.64,7618.9,132.82,162.07,-5.7248,-10.015,-4.2258
7771.3,127.96,7772.8,127.24,150.26,-8.7028,-11.002,-4.1246
7916.1,121.83,7916.2,120.27,138.02,-10.837,-11.958,-3.7825
8051.6,115.26,8050.3,113.08,126.76,-11.577,-12.374,-3.0488
8173.3,105.98,8172.5,104.45,115.01,-12,-12.75,-2.3044
8287,99.674,8284.9,97.287,103.74,-10.934,-12.908,-1.2785
8387.6,91.877,8385.8,90.371,92.498,-9.3434,-12.93,-0.24626
8476.3,81.886,8475.3,81.987,81.484,-8.5811,-12.737,0.35564
8556.6,72.684,8555.1,73.514,71.526,-7.6926,-12.187,0.89404
8623.1,60.762,8623,62.773,61.102,-8.2785,-11.771,0.84041
8679.4,48.138,8679.3,50.22,50.084,-9.8377,-11.642,0.41982
8724.3,35.512,8724,36.755,38.565,-11.651,-11.729,-0.096151
8759.4,24.377,8758.3,24.047,27.435,-12.681,-11.719,-0.36896
8785.8,14.994,8784,13.275,17.932,-12.351,-11.172,-0.22748
8804.7,6.6641,8802.3,4.6997,10.086,-10.607,-10.205,0.35495
8817.7,0.87667,8814.8,-0.96008,4.2059,-7.4931,-8.8139,1.2882
8819.9,0.43833,8818.7,-1.7885,-1.9515,-2.6435,-7.7333,2.5644
8820.4,-1.4911,8818.4,-1.385,-6.3195,1.5033,-6.3807,3.4525
8825.3,-4.2973,8820.7,-1.6195,-5.884,3.907,-3.9145,3.6882
8826.1,-7.1915,8822.5,-3.5296,-4.0024,3.7979,-1.519,3.0042
8826.1,-7.1915,8824.3,-4.6825,-0.92247,3.2538,0.79374,2.1891
8826.1,-7.1915,8826.3,-5.5988,2.3279,2.2583,2.658,1.3006
8826.1,-7.1915,8827.8,-6.621,4.7456,0.79386,3.7685,0.35157
8826.1,-7.1915,8829.1,-7.3105,6.533,-0.27338,4.3621,-0.28355
8826.1,-7.1915,8829.8,-7.7154,7.0446,-0.91986,4.2709,-0.63341
8826.1,-7.1915,8829.8,-7.8192,6.5489,-1.1016,3.7139,-0.71611
8826.1,-7.1915,8829.1,-7.7319,5.18,-0.9849,2.8131,-0.63716
8826.1,-7.1915,8828.1,-7.5031,3.3695,-0.65727,1.7936,-0.45597
8824.9,-6.49,8826.2,-6.7488,1.2137,-0.015627,0.77481,-0.17992
8823.9,-6.7532,8824.4,-6.6586,-0.35108,-0.012643,0.10474,-0.15803
8823.6,-5.7884,8823.9,-6.4061,-0.27808,-0.26795,0.1554,-0.29575
8822.2,-4.1222,8822.7,-5.0134,-0.5882,0.3295,0.077282,-0.11149
8821.9,-3.1574,8821.5,-3.4202,-1.1754,1.0926,-0.17124,0.15128
8821.9,-3.1574,8821.3,-2.5659,-0.85672,1.3321,-0.05499,0.24304
8821.6,-2.1927,8821.3,-1.8497,-0.39204,1.1967,0.10888,0.15478
8821.4,-1.2279,8821.3,-1.0637,0.0084583,1.0632,0.23502,0.071341
8821.4,-1.2279,8821.5,-0.88553,0.3642,0.60218,0.32593,-0.09439
8821.1,-0.2632,8821.5,-0.38263,0.48452,0.38996,0.32699,-0.16996
8821.1,-0.2632,8821.4,-0.27756,0.47785,0.042125,0.27402,-0.26432
8821.1,-0.2632,8821.3,-0.34303,0.33633,-0.26386,0.17182,-0.3225
8821.1,-0.2632,8821.2,-0.43101,0.11161,-0.43295,0.04717,-0.32005
8821.1,-0.2632,8821,-0.4727,-0.085205,-0.45256,-0.051135,-0.26296
8821.1,-0.2632,8821,-0.47855,-0.083481,-0.39251,-0.05232,-0.18774
8822.1,1.3056e-13,8821.7,-0.17407,0.23694,-0.061724,0.034408,-0.025901
8822.1,1.3056e-13,8822,-0.065897,0.32239,0.022969,0.046377,0.017138
8822.1,1.3056e-13,8822.3,-0.05673,0.42787,-0.0039303,0.087908,0.0079025
8822.1,1.3056e-13,8822.3,0.019883,0.26747,0.079485,0.023152,0.046463
8822.1,1.3056e-13,8822.2,0.13951,0.054775,0.22362,-0.054154,0.1081
8822.1,1.3056e-13,8822.1,0.11296,-0.094251,0.16485,-0.097696,0.076886
8822.1,1.3056e-13,8822,0.062362,-0.19703,0.083234,-0.12059,0.037995
8822.1,1.3056e-13,8821.9,0.057655,-0.25984,0.072791,-0.12852,0.032685
8822.1,1.3056e-13,8821.9,-0.039481,-0.22266,-0.060746,-0.096661,-0.026371
8822.1,1.3056e-13,8821.9,-0.033976,-0.16507,-0.045035,-0.061929,-0.016896
8822.1,1.3056e-13,8822,-0.018149,-0.06701,-0.018282,-0.014672,-0.004003
8822.1,1.3056e-13,8822.1,0.0028385,0.043636,0.011905,0.033312,0.0090882
8822.1,1.3056e-13,8822.1,0.020815,0.1275,0.034785,0.065982,0.018002
8822.1,1.3056e-13,8822.2,0.0246,0.13373,0.036484,0.063055,0.017203
8822.1,1.3056e-13,8822.1,1.3056e-13,0,-6.3109e-30,-5.6843e-13,-9.4663e-30
