0,0,NaN,NaN,NaN,NaN,NaN,NaN
29.685,2.9696,NaN,NaN,NaN,NaN,NaN,NaN
62.191,7.3669,NaN,NaN,NaN,NaN,NaN,NaN
98.236,11.074,NaN,NaN,NaN,NaN,NaN,NaN
137.1,16.208,NaN,NaN,NaN,NaN,NaN,NaN
178.09,20.646,NaN,NaN,NaN,NaN,NaN,NaN
224.03,25.814,NaN,NaN,NaN,NaN,NaN,NaN
272.8,30.996,NaN,NaN,NaN,NaN,NaN,NaN
327.22,37.619,NaN,NaN,NaN,NaN,NaN,NaN
385.16,44.965,NaN,NaN,NaN,NaN,NaN,NaN
448.76,53.753,NaN,NaN,NaN,NaN,NaN,NaN
517.31,63.272,NaN,NaN,NaN,NaN,NaN,NaN
590.79,74.935,NaN,NaN,NaN,NaN,NaN,NaN
670.65,84.507,NaN,NaN,NaN,NaN,NaN,NaN
756.88,91.988,756.75,94.105,89.108,11.567,6.4469,0.83561
849.5,94.55,849.45,98.227,95.937,8.3063,6.8346,-0.28737
947.09,93.6,947.68,97.272,102.34,2.8811,6.9943,-1.9078
1050.3,89.848,1051.3,92.167,108.22,-3.361,6.922,-3.5229
1157.2,82.578,1158.9,83.086,113.06,-9.8882,6.5375,-4.9684
1268.2,73.913,1270.4,72.116,117.02,-14.997,5.9401,-5.7002
1383.5,65.269,1385.3,61.282,120.08,-17.674,5.1245,-5.5086
1503.8,57.355,1504.7,52.199,123.16,-17.377,4.4294,-4.3347
1627.5,50.166,1627.8,45.263,125.93,-14.691,3.7424,-2.5144
1755.6,44.41,1755.2,40.801,129.07,-10.233,3.3172,-0.35743
1885.7,39.372,1885.5,37.895,131.87,-5.4334,2.9104,1.5849
2018.6,34.347,2018.7,35.197,134.57,-1.6641,2.6128,2.8593
2154.4,30.75,2154.6,32.627,137.22,0.64141,2.4209,3.3317
2293.8,26.463,2293.6,29.235,139.94,1.2776,2.3058,3.1019
2434.5,19.354,2434.6,23.01,142.14,-0.49094,2.0805,2.0779
2578.1,10.844,2577.9,14.265,144.13,-3.6781,1.8383,0.72572
2721.7,0.92024,2722,3.2496,145.34,-7.6618,1.4442,-0.70624
2866.7,-8.997,2867,-8.5655,146.01,-11.158,0.97941,-1.7863
3012.4,-16.79,3012.7,-18.647,146.46,-12.54,0.58471,-2.03
3158.1,-23.168,3158.5,-26.307,146.46,-11.807,0.16586,-1.5429
3302.3,-25.31,3303.2,-29.5,145.51,-8.4031,-0.4169,-0.2855
3445.2,-23.217,3446.1,-27.374,143.55,-2.6453,-1.1791,1.5243
3586.6,-19.716,3587.1,-21.786,141.03,3.6719,-1.9459,3.2696
3728,-16.215,3727.4,-15.23,138.77,8.6421,-2.4857,4.346
3869.4,-15.543,3867.9,-11.131,137.53,10.397,-2.5645,4.2637
4009.4,-19.12,4007.8,-12.316,136.8,7.896,-2.3931,2.8357
4147.3,-23.414,4146.3,-17.666,136,2.5388,-2.193,0.59613
4282.4,-24.893,4282.3,-23.149,134.48,-2.4475,-2.1807,-1.3369
4418.9,-27.78,4418.1,-28.752,133.73,-6.4116,-1.9195,-2.6635
4556.1,-28.542,4554.6,-32.189,133.83,-7.9278,-1.4575,-2.992
4694,-28.593,4692.3,-33.069,134.97,-6.9097,-0.73744,-2.3566
4833.3,-30.052,4831.5,-33.062,136.85,-4.7327,0.067202,-1.2812
4973.3,-29.386,4971.9,-31.222,139.03,-1.4411,0.81614,0.076062
5111.9,-28.727,5112,-28.652,140.49,1.8157,1.2325,1.2807
5251.9,-30.89,5252.6,-28.474,141.83,2.7483,1.5344,1.56
5389.8,-36.598,5391.8,-32.742,141.96,0.44388,1.4253,0.71374
5526.3,-46.556,5529,-42.474,140.69,-4.7795,0.87523,-0.97676
5662.1,-58.638,5664.3,-56.258,138.27,-11.156,-0.019766,-2.8257
5793,-71.451,5795.4,-71.65,133.89,-16.447,-1.4006,-4.0419
5923.9,-84.264,5924.5,-86.679,129.63,-19.328,-2.5438,-4.2482
6051.2,-93.558,6051.2,-98.407,125.58,-18.838,-3.3703,-3.3596
6174.3,-100.04,6174.4,-105.92,121.55,-15.403,-3.9327,-1.6842
6293.8,-103.01,6293.7,-108.22,117.25,-9.0778,-4.4256,0.70212
6411.2,-102.45,6410.4,-105.82,113.48,-1.436,-4.6189,3.1355
6528.6,-100.48,6526.4,-100.66,111.26,5.7664,-4.2847,5.0648
6645.2,-97.805,6642.2,-94.693,110.5,11.032,-3.537,6.0592
6762.6,-97.247,6759.2,-91.457,111.48,12.149,-2.3536,5.4765
6877.9,-97.406,6875.9,-91.263,113,9.7817,-1.1285,3.7324
6992.4,-98.275,6991.7,-93.536,114.23,5.3724,-0.19879,1.4933
7101.3,-96.343,7103.5,-95.062,113.47,1.5784,0.023468,-0.31596
7208.1,-96.543,7211.3,-96.921,110.93,-1.624,-0.37861,-1.6174
7314.1,-93.21,7316.5,-96.052,107.59,-2.4012,-1.0715,-1.9203
7418.1,-89.18,7419.4,-92.624,104.1,-1.0816,-1.754,-1.4077
7525.5,-85.841,7523.7,-88.025,102.15,1.1844,-2.0104,-0.52481
7631.6,-81.094,7628.8,-82.208,101.64,3.8252,-1.7811,0.40522
7735.5,-77.064,7733.5,-76.541,101.9,5.8156,-1.2546,1.0375
7841.5,-70.903,7839.9,-70.141,103.68,7.371,-0.28473,1.382
7946.9,-65.453,7946.5,-64.306,105.75,7.7021,0.67228,1.2237
8054.3,-59.285,8054.5,-58.523,108.04,7.4051,1.4996,0.82749
8163.2,-53.11,8163.6,-52.797,110.23,6.7783,2.0846,0.35644
8271.4,-49.06,8272.5,-48.269,111.18,5.6581,2.0988,-0.13692
8380.2,-45.714,8381.4,-44.874,111.44,4.2344,1.8181,-0.60647
8488.4,-43.078,8489.6,-42.461,110.81,2.7288,1.2502,-0.99522
8594.5,-41.16,8596.4,-41.081,109.55,1.0437,0.63603,-1.3845
8700.5,-37.827,8702.2,-38.76,107.9,0.60506,-0.00043454,-1.2972
8805.9,-33.791,8806.9,-35.578,106.03,0.77181,-0.61565,-1.0725
8911.9,-26.215,8911.9,-29.147,104.72,2.8696,-0.9685,-0.29653
9018.6,-16.515,9017.2,-19.311,103.79,6.5841,-1.2097,0.89071
9123.9,-6.8222,9122.6,-7.9712,103.49,10.267,-1.1501,1.9175
9225.7,6.3897,9225.9,6.1289,102.69,14.395,-1.1256,2.9162
9327.5,21.016,9327.9,21.834,101.62,17.794,-1.1677,3.474
9425.7,37.746,9427,39.229,99.717,20.574,-1.3958,3.6927
9521.7,55.174,9523.1,57.167,96.781,22.011,-1.9196,3.3758
9615.7,71.885,9616.5,74.365,93.293,21.785,-2.5541,2.5401
9705.4,88.575,9706.1,90.899,89.119,20.566,-3.2714,1.5102
9793,103.13,9792.7,105.43,84.916,18.025,-3.8838,0.2421
9876.4,116.26,9875.9,117.99,80.744,14.788,-4.3225,-1.0088
9957,127.96,9956.2,128.84,77.201,11.455,-4.4091,-2.0375
10034,137.51,10033,137.63,73.905,8.0437,-4.3399,-2.8715
10109,147.77,10108,146.34,71.227,5.8426,-4.0486,-3.1549
10182,157.31,10180,154.93,68.968,4.5787,-3.6774,-3.0678
10247,173.17,10247,168.37,65.111,6.822,-3.805,-1.9105
10312,183.38,10311,181.19,61.874,9.068,-3.7298,-0.76789
10367,198.5,10369,196.51,57.086,12.388,-4.0518,0.51883
10408,222.73,10413,219.17,47.465,18.827,-5.7046,2.4716
10467,220.89,10464,227.75,44.182,16.284,-5.3925,1.6148
10507,233.81,10506,237.48,38.853,14.275,-5.6358,0.85466
10545,238.94,10544,242.81,34.07,9.9996,-5.6574,-0.53751
10579,242.64,10578,244.88,29.589,4.6765,-5.5078,-2.1207
10606,247.01,10605,246.37,24.632,0.43377,-5.4647,-3.1751
10626,250.64,10627,247.96,19.201,-2.2336,-5.4942,-3.5625
10641,254.24,10642,250.55,13.246,-2.8397,-5.6566,-3.1687
10649,259.23,10650,255.41,6.4212,-0.99009,-6.0509,-1.9595
10651,259.95,10651,258.81,-0.98726,0.58547,-6.6147,-0.87529
10651,259.24,10649,260.33,-6.9199,1.4145,-6.7269,-0.10906
10654,258.55,10649,260.11,-9.0108,1.0073,-5.6706,0.064683
10656,258.56,10650,259.93,-7.9445,0.9468,-3.8665,0.2947
10656,258.56,10652,258.74,-4.3734,-0.37869,-1.393,-0.12115
10656,258.56,10656,257.17,0.48753,-2.1341,1.2106,-0.76606
10656,258.56,10657,258.11,2.1665,-0.43723,2.0543,0.079398
10656,258.56,10659,257.83,4.8463,-0.63578,3.1541,-0.0039084
10651,253.59,10656,255.07,3.8803,-1.4491,2.7952,-0.098048
10640,246.46,10647,249.05,-1.0628,-3.6192,1.1637,-0.55896
10618,232.21,10626,236.35,-11.203,-8.7693,-1.8546,-1.8403
10595,220.79,10599,222.19,-21.964,-13.392,-4.733,-2.8509
10566,211.46,10567,209.31,-32.489,-16.029,-7.1011,-3.1989
10538,198.6,10534,195.6,-39.24,-17.946,-7.8833,-3.2612
10507,184.31,10501,181.63,-42.42,-18.417,-7.2875,-2.7319
10472,168.59,10467,166.92,-43.74,-18.171,-6.0477,-1.9549
10436,154.28,10432,152.92,-43.115,-16.871,-4.3226,-0.94081
10400,138.54,10397,138.37,-41.219,-15.679,-2.3968,-0.10283
10361,125.64,10361,125.29,-38.779,-13.812,-0.53461,0.74933
10325,112.73,10325,112.78,-36.357,-12.206,0.93334,1.3079
10286,99.113,10288,99.711,-35.597,-11.627,1.5069,1.3715
10248,87.618,10249,87.566,-36.037,-11.121,1.4046,1.2936
10215,69.783,10214,72.01,-34.994,-12.477,1.5948,0.73499
10176,60.405,10177,60.105,-34.971,-11.698,1.4718,0.83769
10143,46.812,10143,47.835,-32.993,-11.013,1.9772,0.98861
10109,35.338,10109,35.78,-31.634,-10.93,2.1329,0.81737
10071,28.795,10074,27.103,-31.78,-9.5811,1.8433,0.93171
10040,16.623,10040,16.963,-31.591,-9.2309,1.5421,0.82393
10002,10.081,10004,9.5031,-33.024,-7.6413,0.81472,1.0998
9963.9,2.8288,9966.1,2.9533,-35.202,-6.0125,-0.0058693,1.3786
9925.1,-5.1342,9926.4,-4.0553,-37.961,-5.3065,-0.91145,1.3327
9887.7,-14.505,9887.3,-12.455,-39.749,-5.7359,-1.3948,0.96817
9850.2,-22.461,9848.8,-21.238,-40.464,-6.8359,-1.4495,0.36904
9813.5,-32.535,9811.4,-31.475,-40.158,-8.7015,-1.1642,-0.37748
9778.2,-41.188,9776.1,-41.388,-38.311,-10.045,-0.37692,-0.8597
9744.3,-49.835,9742.6,-50.905,-35.722,-10.824,0.53118,-1.0856
9711.8,-58.475,9710.6,-59.426,-33.083,-10.283,1.2753,-0.74595
9680,-66.404,9680.3,-67.769,-29.945,-10.028,2.1372,-0.61573
9649.6,-72.913,9650.4,-74.156,-28.003,-8.2776,2.3812,0.048727
9622.1,-79.408,9622.7,-80.008,-25.889,-6.679,2.5807,0.56071
9595.9,-84.482,9596.7,-84.982,-23.839,-5.253,2.6928,0.88957
9570.5,-88.845,9571.1,-88.572,-23.126,-3.211,2.244,1.4256
9547.9,-93.196,9548.1,-92.528,-21.477,-2.4913,2.1817,1.3729
9527.4,-96.829,9527.4,-96.108,-19.5,-2.0544,2.2149,1.2179
9506.9,-100.46,9507.6,-99.64,-17.989,-1.9746,2.1173,0.96679
9489.3,-102.67,9489.6,-102.29,-16.491,-1.6884,1.9968,0.80234
9472.3,-105.58,9472.8,-105.18,-15.172,-1.91,1.8496,0.48942
9456.8,-108.48,9457.3,-108.03,-14.038,-2.1069,1.6664,0.26609
9444,-109.95,9443.9,-110.16,-12.573,-2.0994,1.5859,0.11446
9430.6,-112.14,9431,-112.25,-11.692,-2.1003,1.3566,0.01073
9420,-112.9,9419.9,-113.35,-10.489,-1.5916,1.2573,0.092723
9413,-115.76,9412,-115.41,-8.224,-1.7203,1.4964,0.0039663
9408.7,-115.78,9407.5,-116.21,-5.1468,-1.2656,1.9439,0.083571
9400.2,-111.58,9401.3,-113.4,-4.083,0.94253,1.7665,0.65564
9396.7,-110.89,9397.2,-111.15,-2.6993,2.2423,1.6978,0.89795
9393.1,-111.61,9394,-110.42,-1.6488,2.2884,1.5501,0.75446
9387.5,-114.46,9389.2,-112.18,-2.2043,0.86562,0.93833,0.21289
9378.3,-112.39,9381,-112.15,-4.8773,0.46778,-0.19282,-0.0071256
9374.1,-113.82,9374.3,-113.31,-6.3703,-0.55192,-0.82295,-0.37073
9368.4,-113.85,9367.6,-114.24,-7.6604,-1.3313,-1.295,-0.63445
9362.7,-113.88,9361.3,-114.71,-8.2554,-1.5552,-1.4273,-0.66396
9358.5,-113.9,9356.5,-114.83,-7.7344,-1.3958,-1.1517,-0.54589
9352.1,-113.22,9351,-114.27,-7.3175,-0.8152,-0.86845,-0.306
9349.3,-111.82,9347.9,-112.65,-5.3623,0.42495,-0.09661,0.14134
9346.5,-111.83,9345.7,-111.56,-3.3626,1.1908,0.57348,0.41153
9345.1,-111.84,9344.6,-110.78,-1.5299,1.7359,1.0421,0.60982
9345.1,-111.84,9344.7,-110.84,0.28932,1.2843,1.3949,0.38848
9344.3,-111.13,9345.2,-111.1,1.8501,0.34802,1.6655,-0.05234
9343.6,-110.43,9344.8,-110.76,1.8249,0.11071,1.3058,-0.17051
9343.6,-110.43,9344.5,-110.52,1.4611,0.043087,0.86573,-0.17398
9343.6,-110.43,9344.4,-110.32,1.2057,0.11066,0.55611,-0.10358
9343.6,-110.43,9344.4,-110.6,1.063,-0.36213,0.36732,-0.27016
9343.6,-110.43,9343.9,-110.52,0.13837,-0.24507,-0.10823,-0.17121
9343.6,-110.43,9343.5,-110.53,-0.47229,-0.22103,-0.38524,-0.12645
9342.9,-109.73,9342.7,-110.01,-1.0802,0.11325,-0.58668,0.0046381
9342.9,-109.73,9342.3,-109.71,-1.2823,0.27413,-0.61449,0.068625
9342.9,-109.73,9342.5,-109.65,-0.83775,0.19901,-0.37252,0.035862
9342.9,-109.73,9342.5,-109.71,-0.60624,0.024265,-0.24973,-0.032892
9342.2,-109.02,9342.2,-109.19,-0.50293,0.30306,-0.15659,0.063108
9342.2,-109.02,9342.1,-108.89,-0.416,0.41207,-0.10197,0.101
9342.2,-109.02,9342,-108.79,-0.36542,0.36196,-0.081211,0.080442
9342.2,-109.02,9342.1,-108.89,-0.13218,0.13093,0.010984,-0.01088
9342.2,-109.02,9342.2,-109.02,0.084613,-0.083812,0.088087,-0.087253
9342.2,-109.02,9342.3,-109.08,0.15534,-0.15387,0.09819,-0.097261
9341.5,-108.32,9341.8,-108.64,-0.075923,0.075204,0.019021,-0.018841
9341.5,-108.32,9341.5,-108.37,-0.19139,0.18958,-0.023983,0.023756
9341.5,-108.32,9341.4,-108.23,-0.22245,0.22035,-0.039138,0.038768
9341.5,-108.32,9341.4,-108.19,-0.17511,0.17345,-0.025386,0.025146
9341.5,-108.32,9341.4,-108.26,-0.030011,0.029727,0.027708,-0.027446
9341.5,-108.32,9341.5,-108.28,0.0016393,-0.0016238,0.028053,-0.027787
9341.5,-108.32,9341.5,-108.3,0.025588,-0.025346,0.026955,-0.0267
9341.5,-108.32,9341.5,-108.34,0.066007,-0.065382,0.035541,-0.035205
9341.5,-108.32,9341.6,-108.42,0.16397,-0.16242,0.071184,-0.07051
9341.5,-108.32,9341.6,-108.41,0.12156,-0.12041,0.045606,-0.045175
9341.5,-108.32,9341.6,-108.37,0.049348,-0.048881,0.010805,-0.010703
9341.5,-108.32,9341.5,-108.31,-0.032135,0.031831,-0.024532,0.024299
9341.5,-108.32,9341.4,-108.26,-0.093893,0.093005,-0.048591,0.048131
9341.5,-108.32,9341.4,-108.25,-0.098482,0.09755,-0.046435,0.045996
9341.5,-108.32,9341.5,-108.32,9.0949e-13,7.1054e-15,-5.6843e-13,5.3291e-15
9341.5,-108.32,9341.5,-108.32,9.0949e-13,7.1054e-15,-5.6843e-13,5.3291e-15
9341.5,-108.32,9341.5,-108.32,9.0949e-13,7.1054e-15,-5.6843e-13,5.3291e-15
9341.5,-108.32,9341.5,-108.32,9.0949e-13,7.1054e-15,-5.6843e-13,5.3291e-15
9341.5,-108.32,9341.5,-108.32,9.0949e-13,7.1054e-15,-5.6843e-13,5.3291e-15
9341.5,-108.32,9341.5,-108.32,9.0949e-13,7.1054e-15,-5.6843e-13,5.3291e-15
9341.5,-108.32,9341.5,-108.32,9.0949e-13,7.1054e-15,-5.6843e-13,5.3291e-15
9341.5,-108.32,9341.5,-108.32,9.0949e-13,7.1054e-15,-5.6843e-13,5.3291e-15
9341.5,-108.32,9341.5,-108.32,9.0949e-13,7.1054e-15,-5.6843e-13,5.3291e-15
9341.5,-108.32,9341.5,-108.32,9.0949e-13,7.1054e-15,-5.6843e-13,5.3291e-15
9341.5,-108.32,9341.5,-108.32,9.0949e-13,7.1054e-15,-5.6843e-13,5.3291e-15
9341.5,-108.32,9341.5,-108.32,9.0949e-13,7.1054e-15,-5.6843e-13,5.3291e-15
9341.5,-108.32,9341.5,-108.32,9.0949e-13,7.1054e-15,-5.6843e-13,5.3291e-15
9341.5,-108.32,9341.5,-108.32,9.0949e-13,7.1054e-15,-5.6843e-13,5.3291e-15
9341.5,-108.32,9341.5,-108.32,9.0949e-13,7.1054e-15,-5.6843e-13,5.3291e-15
9341.5,-108.32,9341.5,-108.32,9.0949e-13,7.1054e-15,-5.6843e-13,5.3291e-15
9341.5,-108.32,9341.5,-108.32,9.0949e-13,7.1054e-15,-5.6843e-13,5.3291e-15
9341.5,-108.32,9341.5,-108.32,9.0949e-13,7.1054e-15,-5.6843e-13,5.3291e-15
9341.5,-108.32,9341.5,-108.32,9.0949e-13,7.1054e-15,-5.6843e-13,5.3291e-15
9340.8,-107.62,9341,-107.85,-0.24475,0.24244,-0.067331,0.066694
9340.8,-107.62,9340.8,-107.58,-0.32375,0.32068,-0.081428,0.080657
9340.8,-107.62,9340.6,-107.47,-0.29253,0.28976,-0.061731,0.061147
9340.8,-107.62,9340.6,-107.46,-0.19819,0.19631,-0.024557,0.024325
9340.8,-107.62,9340.7,-107.51,-0.079359,0.078608,0.016903,-0.016743
9340.1,-106.91,9340.3,-107.11,-0.21098,0.20898,-0.014747,0.014607
9340.1,-106.91,9340.1,-106.92,-0.20427,0.20233,-0.005881,0.0058253
9340.1,-106.91,9340,-106.85,-0.12804,0.12683,0.020245,-0.020054
9340.1,-106.91,9340,-106.86,-0.034216,0.033892,0.046627,-0.046185
9340.1,-106.91,9340.1,-106.9,0.042204,-0.041805,0.062509,-0.061918
9340.1,-106.91,9340.1,-106.93,0.083122,-0.082336,0.063389,-0.062789
9340.1,-106.91,9340.1,-106.94,0.087347,-0.08652,0.051015,-0.050532
9340.1,-106.91,9340.1,-106.94,0.070595,-0.069927,0.033385,-0.033069
9340.1,-106.91,9340.1,-106.95,0.06549,-0.06487,0.024749,-0.024514
9340.1,-106.91,9340.2,-107,0.12156,-0.12041,0.045606,-0.045175
9339.4,-107.62,9339.7,-107.44,-0.19309,-0.29363,-0.055889,-0.078034
9339.4,-107.62,9339.3,-107.65,-0.35282,-0.29192,-0.10519,-0.057128
9339.4,-107.62,9339.2,-107.71,-0.38365,-0.19953,-0.10974,-0.0136
9339.4,-107.62,9339.2,-107.71,-0.29479,-0.10064,-0.07076,0.021439
9339.4,-107.62,9339.3,-107.73,-0.078608,-0.079359,0.016743,0.016903
9339.4,-107.62,9339.3,-107.66,0.033454,0.033774,0.052087,0.052584
9339.4,-107.62,9339.4,-107.58,0.11835,0.11948,0.074832,0.075547
9339.4,-107.62,9339.5,-107.53,0.16293,0.16449,0.0812,0.081976
9339.4,-107.62,9339.5,-107.52,0.16242,0.16397,0.07051,0.071184
9339.4,-107.62,9339.5,-107.53,0.12041,0.12156,0.045175,0.045606
9339.4,-107.62,9339.4,-107.57,0.048881,0.049348,0.010703,0.010805
9339.4,-107.62,9339.4,-107.63,-0.031831,-0.032135,-0.024299,-0.024532
9339.4,-107.62,9339.3,-107.68,-0.093005,-0.093893,-0.048131,-0.048591
9339.4,-107.62,9339.3,-107.69,-0.09755,-0.098482,-0.045996,-0.046435
9339.4,-107.62,9339.4,-107.62,-4.5475e-13,7.1054e-15,-4.5475e-13,3.5527e-15
9339.4,-107.62,9339.4,-107.62,-4.5475e-13,7.1054e-15,-4.5475e-13,3.5527e-15
9339.4,-107.62,9339.4,-107.62,-4.5475e-13,7.1054e-15,-4.5475e-13,3.5527e-15
9339.4,-107.62,9339.4,-107.62,-4.5475e-13,7.1054e-15,-4.5475e-13,3.5527e-15
9339.4,-107.62,9339.4,-107.62,-4.5475e-13,7.1054e-15,-4.5475e-13,3.5527e-15
9339.4,-107.62,9339.4,-107.62,-4.5475e-13,7.1054e-15,-4.5475e-13,3.5527e-15
9339.4,-107.62,9339.4,-107.62,-4.5475e-13,7.1054e-15,-4.5475e-13,3.5527e-15
9339.4,-107.62,9339.4,-107.62,-4.5475e-13,7.1054e-15,-4.5475e-13,3.5527e-15
9339.4,-107.62,9339.4,-107.62,-4.5475e-13,7.1054e-15,-4.5475e-13,3.5527e-15
9339.4,-107.62,9339.4,-107.62,-4.5475e-13,7.1054e-15,-4.5475e-13,3.5527e-15
9339.4,-107.62,9339.4,-107.62,-4.5475e-13,7.1054e-15,-4.5475e-13,3.5527e-15
9339.4,-107.62,9339.4,-107.62,-4.5475e-13,7.1054e-15,-4.5475e-13,3.5527e-15
9339.4,-107.62,9339.4,-107.62,-4.5475e-13,7.1054e-15,-4.5475e-13,3.5527e-15
9339.4,-107.62,9339.4,-107.62,-4.5475e-13,7.1054e-15,-4.5475e-13,3.5527e-15
9339.4,-107.62,9339.4,-107.62,-4.5475e-13,7.1054e-15,-4.5475e-13,3.5527e-15
9339.4,-107.62,9339.4,-107.62,-4.5475e-13,7.1054e-15,-4.5475e-13,3.5527e-15
9339.4,-107.62,9339.4,-107.62,-4.5475e-13,7.1054e-15,-4.5475e-13,3.5527e-15
9339.4,-107.62,9339.4,-107.62,-4.5475e-13,7.1054e-15,-4.5475e-13,3.5527e-15
9339.4,-107.62,9339.4,-107.62,-4.5475e-13,7.1054e-15,-4.5475e-13,3.5527e-15
9339.4,-107.62,9339.4,-107.62,-4.5475e-13,7.1054e-15,-4.5475e-13,3.5527e-15
9339.4,-107.62,9339.4,-107.62,-4.5475e-13,7.1054e-15,-4.5475e-13,3.5527e-15
9338.7,-106.92,9338.9,-107.15,-0.24475,0.24244,-0.067331,0.066694
9338.7,-106.92,9338.6,-106.89,-0.32375,0.32068,-0.081428,0.080657
9338,-106.21,9338,-106.3,-0.53728,0.5322,-0.12906,0.12784
9338,-106.21,9337.8,-106.03,-0.52194,0.517,-0.10598,0.10498
9338,-106.21,9337.7,-105.96,-0.37189,0.36837,-0.044828,0.044404
9337.2,-105.51,9337.3,-105.55,-0.40917,0.40529,-0.039304,0.038932
9337.2,-105.51,9337.1,-105.41,-0.28363,0.28094,0.011022,-0.010918
9336.5,-104.81,9336.7,-104.95,-0.33902,0.33581,0.0054983,-0.0054462
9336.5,-104.81,9336.5,-104.76,-0.23848,0.23623,0.040746,-0.04036
9335.8,-104.1,9336,-104.26,-0.33059,0.32746,0.015423,-0.015277
9334.4,-104.11,9334.8,-104.04,-0.76203,0.26992,-0.10544,-0.028955
9333.7,-104.82,9333.7,-104.46,-1.0498,-0.086381,-0.17699,-0.11941
9332.3,-103.41,9332.3,-103.8,-1.437,0.20241,-0.26598,-0.020158
9329.5,-103.43,9329.8,-103.47,-2.2327,0.26955,-0.44827,0.0062866
9329.5,-103.43,9328.8,-103.38,-2.0023,0.15066,-0.30673,-0.033975
9328,-103.43,9327.6,-103.36,-1.8252,0.073629,-0.19638,-0.045805
9326.6,-103.44,9326.4,-103.43,-1.5541,-0.068525,-0.054552,-0.084135
9325.9,-102.74,9325.6,-102.96,-1.1547,0.17094,0.091573,0.004727
9324.5,-102.74,9324.6,-102.71,-0.93404,0.25267,0.17076,0.038306
9323.1,-101.34,9323.4,-101.71,-0.81444,0.65459,0.2145,0.14176
9321,-100.64,9321.5,-100.69,-1.1798,1.0043,0.091107,0.2283
9318.8,-99.942,9319.3,-99.82,-1.667,1.1198,-0.05738,0.22218
9316,-98.541,9316.4,-98.52,-2.5096,1.4173,-0.31042,0.27188
9312.5,-96.437,9312.7,-96.629,-3.4559,1.8568,-0.54672,0.33805
9307.5,-92.925,9307.9,-93.404,-4.699,2.8788,-0.81712,0.56906
9303.2,-92.945,9302.9,-91.945,-5.612,2.6928,-0.95814,0.43591
9296.9,-88.025,9296.8,-88.513,-6.607,3.2783,-1.056,0.47486
9288.4,-83.823,9288.9,-84.202,-8.0167,4.1769,-1.2148,0.62145
9279.8,-78.207,9279.8,-78.657,-9.6225,5.3938,-1.444,0.83528
9274.9,-77.523,9273.1,-75.903,-9.2555,4.7638,-1.0511,0.51028
9264.2,-71.21,9264.1,-71.146,-9.8387,5.1132,-0.94559,0.47656
9252.9,-65.607,9253.3,-65.769,-10.98,5.524,-1.0126,0.44948
9244.4,-61.404,9243.6,-60.99,-10.973,5.4469,-0.74369,0.30265
9239.5,-60.721,9237.2,-59.139,-9.0864,3.6919,0.0077786,-0.30879
9227.4,-54.414,9227.9,-54.97,-8.9106,3.5337,0.19807,-0.37905
9218.9,-51.626,9219.1,-51.701,-8.5242,3.0195,0.3824,-0.5094
9210.4,-48.838,9210.6,-48.951,-8.0957,2.3994,0.52458,-0.63976
9206.2,-48.858,9205.1,-48.281,-6.322,0.93941,0.98616,-0.96859
9196.9,-43.952,9197.8,-45.3,-5.9561,1.1479,0.9797,-0.77436
9187.7,-43.289,9189.1,-43.358,-6.6724,1.2277,0.61335,-0.54509
9181.4,-41.198,9181.7,-41.663,-6.6219,0.98564,0.51158,-0.51674
9175,-41.935,9175.1,-41.567,-6.2328,0.16518,0.52561,-0.62466
9166.5,-36.319,9167.2,-38.072,-6.837,1.3976,0.22215,-0.15075
9161.5,-32.807,9160.7,-33.599,-6.8851,3.2833,0.049283,0.53268
9157.3,-32.827,9156.3,-31.928,-5.414,2.8863,0.45738,0.36791
9153,-32.847,9152.7,-31.578,-3.8966,1.8595,0.8393,0.04104
9148.8,-32.867,9148.9,-31.811,-3.1951,0.84426,0.86704,-0.2229
9144.6,-32.887,9144.9,-32.209,-3.1141,0.11274,0.67148,-0.35072
9136.8,-27.975,9138.9,-29.892,-3.6935,0.5434,0.45253,-0.26527
9133.2,-27.284,9133.9,-28.066,-4.1291,0.9423,0.20285,-0.11369
9127.6,-24.483,9128,-25.3,-5.097,1.8461,-0.19537,0.1796
9121.9,-23.096,9121.6,-22.868,-6.4814,2.5579,-0.71875,0.42583
9116.2,-20.294,9115.7,-20.297,-6.8146,2.8497,-0.74443,0.43294
9111.3,-18.196,9110.4,-17.553,-6.5939,3.4142,-0.5783,0.59178
9107,-15.388,9105.8,-14.714,-6.0432,3.7309,-0.35174,0.62096
9102.8,-13.994,9102,-12.768,-5.0173,3.4247,0.032894,0.46268
9098.5,-12.6,9098.5,-12.109,-3.7473,1.8272,0.49166,-0.20164
9095,-10.496,9095.2,-10.93,-3.0083,0.93194,0.66074,-0.53823
9091.4,-8.391,9091.8,-9.0404,-2.6315,0.95617,0.66628,-0.47321
9088.6,-6.9903,9088.8,-7.2965,-2.3416,1.087,0.61617,-0.34474
9086.5,-6.2933,9086.4,-6.0942,-1.989,1.0626,0.56838,-0.24864
9084.3,-5.5963,9084.4,-5.3099,-1.6479,0.84481,0.52736,-0.23119
9082.2,-4.8993,9082.6,-5.0595,-1.1662,0.14034,0.57784,-0.434
9080.1,-4.2022,9080.4,-4.3905,-1.4732,0.16937,0.31493,-0.32024
9079.4,-3.4985,9079.2,-3.81,-1.1212,0.1137,0.31165,-0.27278
9078.7,-2.7948,9078.5,-3.0267,-0.66808,0.33799,0.34744,-0.12594
9077.2,-2.8015,9077.5,-2.792,-0.54082,0.18811,0.29572,-0.1285
9076.5,-3.512,9076.7,-3.2059,-0.50115,-0.18862,0.21387,-0.18577
9075.1,-2.1045,9075.4,-2.5968,-0.80904,0.047482,0.040489,-0.079811
9075.1,-2.1045,9074.9,-2.1415,-0.69527,0.30264,0.017409,0.04781
9073.7,-2.1112,9073.9,-1.932,-0.86817,0.36974,-0.065432,0.094585
9073,-1.4075,9073,-1.4883,-0.97375,0.45149,-0.11702,0.10818
9073,-1.4075,9072.7,-1.3344,-0.72378,0.33482,-0.050153,0.056123
9073,-1.4075,9072.6,-1.2768,-0.412,0.23103,0.024124,0.024074
9072.3,-0.70374,9072.3,-0.77796,-0.37311,0.4183,0.014613,0.085583
9071.6,3.14e-12,9071.7,-0.078943,-0.40535,0.65299,0.00015104,0.14714
9071.6,3.14e-12,9071.6,0.22,-0.21863,0.59677,0.056865,0.11311
9071.6,3.14e-12,9071.6,0.25075,-0.0081493,0.36805,0.11049,0.025767
9071.6,3.14e-12,9071.5,0.13471,-0.0051813,0.080304,0.070169,-0.073346
9071.6,3.14e-12,9071.5,-0.0074216,0.0070572,-0.14728,0.041826,-0.13934
9071.6,3.14e-12,9071.6,-0.04961,0.087712,-0.18422,0.052067,-0.12216
