0,0,NaN,NaN,NaN,NaN,NaN,NaN
49.618,-1.7491,NaN,NaN,NaN,NaN,NaN,NaN
104.95,-5.594,NaN,NaN,NaN,NaN,NaN,NaN
168.71,-10.784,NaN,NaN,NaN,NaN,NaN,NaN
241.41,-16.451,NaN,NaN,NaN,NaN,NaN,NaN
324.4,-22.218,NaN,NaN,NaN,NaN,NaN,NaN
417.57,-30.319,NaN,NaN,NaN,NaN,NaN,NaN
521.53,-37.652,NaN,NaN,NaN,NaN,NaN,NaN
634.91,-44.591,NaN,NaN,NaN,NaN,NaN,NaN
758.33,-48.035,NaN,NaN,NaN,NaN,NaN,NaN
894.78,-50.83,NaN,NaN,NaN,NaN,NaN,NaN
1042,-52.856,NaN,NaN,NaN,NaN,NaN,NaN
1197.4,-52.631,NaN,NaN,NaN,NaN,NaN,NaN
1365.7,-53.99,NaN,NaN,NaN,NaN,NaN,NaN
1539.9,-55.211,1542.4,-52.755,184.32,3.4686,11.416,2.295
1725,-53.431,1726.8,-51.984,192.41,3.6562,10.515,1.8809
1926,-53.848,1925.1,-52.114,202.86,2.8641,10.424,1.2138
2138,-51.263,2136.2,-50.928,214.64,2.4953,10.743,0.72067
2361.7,-46.172,2359.9,-47.337,227.34,3.1306,11.318,0.56594
2595.5,-37.585,2594.9,-39.973,239.85,5.4387,11.772,0.93827
2833.8,-29.235,2836.3,-30.552,249.71,8.3951,11.435,1.5493
3079.6,-21.737,3083.7,-21.135,257.14,10.508,10.437,1.8776
3332,-16.83,3336.5,-14.023,262.56,10.605,8.9978,1.5933
3586.1,-12.91,3591.2,-9.5851,264.73,8.6297,6.8195,0.67343
3844.2,-10.098,3847.9,-7.3836,264.42,5.5009,4.1859,-0.49037
4102.8,-6.4163,4105.1,-5.7296,262.26,2.4979,1.4616,-1.4952
4369,-3.586,4367.4,-4.5893,261.86,-0.15419,-0.21424,-2.261
4637,0.48876,4633.5,-2.0505,262.72,-0.98123,-1.087,-2.2886
4904,0.59194,4901.6,-0.9937,264.5,-1.7902,-1.1872,-2.1822
5170.9,0.69512,5169.9,-0.58047,265.9,-2.2095,-1.1396,-1.8978
5435,-2.1849,5435.7,-1.9006,265.14,-2.5813,-1.6288,-1.4888
5698.3,-10.4,5699.3,-8.0936,263.23,-5.0678,-2.2789,-1.7319
5959.5,-16.263,5960.2,-15.417,260.05,-7.4588,-3.1701,-1.9905
6214.7,-26.73,6215.7,-26.199,254.89,-11.03,-4.4324,-2.6282
6464.5,-36.464,6465.6,-37.671,248.54,-13.729,-5.717,-2.9373
6713.9,-47.067,6712.5,-49.304,242.73,-15.21,-6.6131,-2.8068
6954.7,-66.62,6953.4,-66.245,236.15,-18.135,-7.4661,-2.9733
7190.1,-85.441,7188.8,-85.289,229.95,-20.637,-7.8731,-2.9392
7418.9,-103.9,7417.9,-104.68,223.67,-21.939,-8.077,-2.5395
7639.6,-122.39,7639.6,-123.94,216.87,-22.271,-8.2323,-1.943
7859.5,-138.14,7857.2,-140.86,210.98,-20.78,-8.139,-0.93792
8069.9,-156.52,8068.2,-158.19,204.82,-19.521,-8.0505,-0.18178
8270.9,-175.3,8270.6,-175.7,197.73,-18.204,-8.1262,0.50366
8458.4,-195.59,8460.6,-194.7,187.79,-17.914,-8.9275,0.74096
8630.3,-212.82,8634.9,-212.31,174.18,-16.842,-10.587,1.1411
8791,-231.68,8794.7,-230.24,158.29,-16.073,-12.668,1.3917
8940,-250.82,8941.3,-249.31,141.86,-16.615,-14.576,1.0803
9075.6,-269.24,9075,-268.28,125.86,-17.18,-15.936,0.75714
9196.9,-288.69,9195,-288.25,110.13,-18.61,-16.871,0.1246
9303.1,-304.21,9300.4,-305.72,94.268,-18.473,-17.595,0.017417
9391.4,-318.77,9389.8,-320.25,78.454,-16.192,-17.918,0.70948
9465.1,-330.76,9463.8,-332.13,62.987,-13.109,-17.894,1.5262
9525.4,-342.04,9523.8,-342.41,48.658,-10.105,-17.38,2.188
9573.7,-352.22,9571.4,-351.65,35.759,-7.6763,-16.45,2.5428
9610,-359.09,9606.7,-358.8,23.329,-5.4518,-15.623,2.681
9635.9,-370.32,9631.7,-367.8,12.724,-5.0972,-14.382,2.2828
9653.4,-377.97,9648.5,-376.05,4.465,-5.0415,-12.649,1.8002
9664.8,-382.16,9659.9,-381.78,-0.50262,-4.2413,-10.167,1.5511
9668.5,-379.67,9665.5,-382.09,-3.4286,-1.5569,-7.4181,1.7748
9669,-378.8,9667,-380.29,-4.9187,1.3381,-4.7978,2.0879
9672.1,-379.41,9669.1,-378.82,-3.5963,3.0718,-1.9909,2.0821
9672.1,-379.41,9670.4,-377.66,-1.4066,3.8543,0.42741,1.8351
9672.1,-379.41,9671.7,-376.99,1.2561,3.847,2.382,1.4262
9672.1,-379.41,9673.1,-377.29,3.9505,2.6446,3.8281,0.66192
9668.5,-379.67,9672.3,-378.3,5.2006,0.90479,4.4799,-0.16985
9662.3,-378.44,9667.9,-378.78,4.0915,-0.55081,4.1267,-0.8362
9652.6,-375.24,9659,-377.28,0.35711,-0.69421,2.8337,-1.0002
9635.5,-368.95,9642.5,-372.36,-6.8883,1.0841,0.53077,-0.53253
9606.2,-355.75,9614.2,-360.78,-18.669,6.1095,-2.8301,0.8648
9578.5,-345.76,9581.6,-347.25,-29.627,11.632,-5.5443,2.432
9547.1,-338.27,9545.9,-335.76,-38.575,14.496,-7.244,3.0154
9514.7,-332.51,9509.9,-327.74,-43.893,14.029,-7.5033,2.4422
9483,-323.65,9476.2,-320.52,-44.439,11.999,-6.0926,1.2747
9452.9,-315.78,9446,-313.93,-41.018,9.5742,-3.5658,0.12094
9423.4,-307.04,9418.2,-306.95,-35.731,7.606,-0.81056,-0.74366
9398.9,-295.43,9395.4,-297.65,-27.924,7.1467,2.3154,-1.0487
9371.9,-290.41,9372.6,-291.04,-21.716,5.6324,4.4363,-1.499
9350,-280.29,9352.2,-282.23,-16.46,6.018,5.7363,-1.2405
9330.4,-270.28,9333.5,-271.89,-12.605,7.6658,6.1905,-0.52751
9313.4,-261.76,9316.3,-261.84,-10.428,9.1361,5.7986,0.11047
9297.1,-255.97,9299.8,-254.18,-9.9099,9.056,4.7699,0.21627
9282.6,-251.17,9284.8,-249.08,-9.6157,7.2671,3.7839,-0.28977
9271.6,-248.34,9273,-247.05,-8.0924,3.686,3.3668,-1.3955
9261.5,-243.77,9262.5,-244.44,-7.3269,1.5471,2.6985,-1.8784
9251.8,-240.57,9252.9,-241.81,-6.7325,0.47813,2.1248,-1.8885
9243,-237.86,9244.1,-239.15,-6.4542,0.23633,1.5686,-1.5789
9234.7,-234.28,9235.6,-235.98,-6.5707,0.58207,0.99454,-1.1517
9229.4,-233.55,9229.1,-233.99,-6.0986,0.70961,0.6766,-0.78299
9216.7,-227.5,9218.7,-229.23,-7.9885,2.4401,-0.19789,-0.035433
9208.2,-226.15,9208.6,-226.09,-9.68,3.042,-0.91454,0.27791
9199.4,-223.45,9199.1,-222.55,-10.365,4.1495,-1.1183,0.76869
9191.5,-221.23,9190.2,-220.2,-10.72,3.8564,-1.2067,0.63083
9184.4,-219.51,9182.6,-218.66,-10.202,2.9515,-0.98248,0.2695
9180.8,-219.77,9178,-218.73,-7.9926,1.35,-0.2612,-0.25308
9172.5,-216.19,9172.2,-216.86,-6.6786,1.2285,0.20124,-0.27195
9168.9,-216.44,9168.4,-216.32,-4.6321,0.57966,0.80704,-0.40768
9166.7,-216.33,9166.2,-216.18,-2.4719,0.054908,1.3101,-0.46061
9163.6,-215.71,9164.1,-216.07,-0.97481,-0.38441,1.5374,-0.51222
9158.7,-214.11,9160.6,-214.93,-0.93844,0.024393,1.2882,-0.28385
9153.9,-212.51,9155.8,-213.19,-2.0414,0.81152,0.68352,0.039261
9146.1,-208.06,9148.2,-209.3,-4.798,2.5731,-0.35896,0.58289
9136.9,-203.99,9138.2,-204.4,-8.461,4.5632,-1.548,1.1437
9124.7,-197.07,9125.9,-197.84,-11.804,6.4495,-2.313,1.4791
9115.1,-191.63,9113.9,-190.97,-14.166,8.1258,-2.7235,1.768
9104.7,-185.7,9102.4,-184.39,-15.128,8.8049,-2.5887,1.6652
9092.5,-178.78,9090.5,-177.51,-15.483,9.0798,-2.2164,1.419
9080.4,-171.87,9078.5,-170.67,-15.146,8.8978,-1.6353,1.0456
9065.6,-163.46,9065,-162.97,-15.26,8.8949,-1.2294,0.75549
9050.8,-155.06,9051.1,-155.2,-14.733,8.395,-0.58897,0.29011
9035.3,-143.94,9035.9,-144.99,-15.145,9.3838,-0.41634,0.39387
9018,-131.82,9018.8,-132.99,-16.41,11.003,-0.581,0.69224
8999.9,-119.21,9000.4,-119.82,-17.981,12.778,-0.84634,1.0263
8982.6,-107.09,8982.2,-106.63,-18.971,14.002,-0.93301,1.1766
8964.5,-94.48,8963.6,-93.396,-19.722,14.746,-0.95712,1.1718
8946.3,-81.87,8945.4,-80.648,-19.665,14.597,-0.6917,0.85412
8929.4,-71.116,8928.3,-69.455,-18.625,13.382,-0.14896,0.26713
8912.2,-59,8911.8,-58.483,-17.211,11.918,0.46159,-0.3682
8897,-49.235,8896.5,-48.75,-15.727,10.197,0.91556,-0.93389
8883.2,-39.095,8882.7,-39.374,-13.834,8.7525,1.3884,-1.313
8872,-30.438,8871.4,-30.914,-11.259,7.3718,1.9568,-1.5721
8862.1,-23.638,8861.9,-23.848,-8.7173,5.9705,2.3811,-1.7249
8854.4,-16.958,8854.6,-17.446,-5.9476,4.9034,2.7874,-1.717
8852.3,-14.606,8851.6,-13.978,-2.2219,3.0147,3.3235,-1.8804
8850.2,-12.254,8850.5,-12.138,1.007,0.94576,3.6024,-2.0908
8848.1,-9.9019,8849.9,-10.73,3.0571,-0.49665,3.4841,-2.0874
8845.1,-7.0558,8848.2,-8.7704,3.2487,-0.86108,2.8058,-1.7577
8842.1,-4.2097,8845.2,-6.0965,1.8433,-0.25246,1.6942,-1.1598
8839.5,-2.7271,8841.6,-3.8306,-0.14942,0.39468,0.5505,-0.61845
8838.6,-2.2329,8838.9,-2.3716,-1.6889,0.79891,-0.30814,-0.21107
8838.2,-0.86935,8837.2,-0.70366,-2.5839,1.4874,-0.83004,0.22221
8838.2,-0.86935,8836.6,-0.10862,-2.5354,1.408,-0.91046,0.31339
8838.2,-0.86935,8836.7,0.022671,-2.0096,1.1544,-0.76331,0.31703
8838.2,-0.86935,8837.3,-0.32817,-1.101,0.51975,-0.43482,0.13378
8838.2,-0.86935,8838,-0.77466,-0.16574,-0.070298,-0.087962,-0.044429
8838.2,-0.86935,8838.7,-1.1352,0.67061,-0.45515,0.22252,-0.14946
8838.2,-0.86935,8839,-1.3574,0.91596,-0.62735,0.28266,-0.18075
8838.2,-0.86935,8838.6,-1.063,0.23365,-0.11554,-0.042566,0.06755
8838.2,-0.86935,8838.1,-0.76431,-0.40572,0.32865,-0.31215,0.25576
8838.2,-0.86935,8837.8,-0.57236,-0.80117,0.57008,-0.45177,0.33682
8838.7,-8.793e-13,8838.1,0.010178,-0.60122,0.81758,-0.35084,0.36613
8838.7,-8.793e-13,8838.4,0.23298,-0.26819,0.72865,-0.18623,0.27742
8838.7,-8.793e-13,8838.7,0.33216,0.033392,0.60666,-0.03954,0.2011
8838.7,-8.793e-13,8838.8,0.31808,0.085853,0.43152,-0.007439,0.11917
