0,0,NaN,NaN,NaN,NaN,NaN,NaN
74.97,2.1326,NaN,NaN,NaN,NaN,NaN,NaN
161.93,4.6065,NaN,NaN,NaN,NaN,NaN,NaN
260.15,-1.6033,NaN,NaN,NaN,NaN,NaN,NaN
377.5,-12.271,NaN,NaN,NaN,NaN,NaN,NaN
503.85,-22.682,NaN,NaN,NaN,NaN,NaN,NaN
641.19,-32.781,NaN,NaN,NaN,NaN,NaN,NaN
784.56,-43.709,NaN,NaN,NaN,NaN,NaN,NaN
928.93,-54.608,NaN,NaN,NaN,NaN,NaN,NaN
1083.4,-68.222,NaN,NaN,NaN,NaN,NaN,NaN
1246.8,-81.58,NaN,NaN,NaN,NaN,NaN,NaN
1420.3,-94.653,NaN,NaN,NaN,NaN,NaN,NaN
1602.8,-109.47,NaN,NaN,NaN,NaN,NaN,NaN
1792.3,-125.09,NaN,NaN,NaN,NaN,NaN,NaN
1990.8,-141.45,1986.6,-139.53,196.59,-13.788,5.7586,0.60208
2201.4,-158.47,2197.6,-157.35,209.14,-15.882,7.5326,-0.082152
2431,-177.95,2426.1,-177.39,226.03,-18.849,10.371,-0.99446
2666.7,-198.25,2665.5,-198.02,242.28,-20.738,12.627,-1.3297
2904.4,-220.5,2908.4,-220.07,252.88,-22.355,12.719,-1.458
3145.2,-244.66,3152.6,-244.21,258.13,-24.413,11.115,-1.7009
3385.1,-270.86,3394.2,-270.56,257.14,-26.845,7.7733,-2.0246
3629.9,-297.9,3636.6,-298.24,253.94,-28.967,4.2313,-2.2014
3879.8,-324.81,3882.5,-326.08,251.49,-30.189,1.5203,-2.0812
4134.7,-351.57,4133,-353.26,250.28,-30.078,-0.40256,-1.5331
4387.5,-378.39,4384.7,-380.02,249.15,-29.326,-1.8343,-0.87574
4643.3,-400.13,4639.1,-402.99,249.39,-26.453,-2.4251,0.27138
4892,-421.07,4890.7,-423.18,248.5,-22.482,-2.8991,1.5856
5133.6,-439.21,5136.1,-440.4,245.39,-17.923,-3.5698,2.8442
5369.1,-454.51,5373.8,-454.7,239.52,-13.287,-4.7378,3.8688
5592.7,-472.16,5598.9,-469.76,228.5,-10.775,-7.2123,4.0545
5813.2,-485.9,5815.1,-483.37,215.06,-8.927,-10.226,3.9125
6026.6,-496.84,6024.3,-495.04,202.41,-7.5326,-12.474,3.5227
6231.9,-507,6227,-505.52,191.77,-6.7543,-13.53,2.9307
6433.1,-511.28,6426.1,-511.74,184.76,-4.7445,-13.049,2.7176
6632.3,-514.62,6624.4,-515.2,182.62,-2.3593,-10.846,2.6544
6824.5,-518.16,6819,-517.72,182,-0.59502,-8.2942,2.4557
7005.6,-519.01,7004.8,-518.43,179.39,1.1608,-6.5835,2.3067
7176.7,-520.14,7179.6,-518.69,173.34,2.2734,-6.157,2.0385
7334.7,-517.65,7340.4,-516.77,163.05,3.7299,-7.0899,1.9121
7482.7,-514.44,7487.6,-513.92,149.1,4.4824,-9.1707,1.5295
7622.6,-511.46,7624.6,-510.82,134.95,4.6605,-11.069,1.0461
7752.6,-507.76,7751.7,-507.51,121.39,4.3409,-12.505,0.47392
7870.5,-504.41,7868.2,-504.31,108.45,3.7097,-13.439,-0.071981
7975.4,-498.42,7973.5,-499.05,96.388,4.4477,-13.721,-0.029075
8070,-483.73,8067.8,-487.21,84.927,8.2071,-13.667,0.86068
8149.6,-468.46,8149.1,-471.38,73.263,13.039,-13.468,1.9797
8217.2,-452.53,8217.7,-453.45,61.551,17.604,-13.167,2.9085
8275.7,-435.86,8275.3,-435.05,50.108,20.528,-12.868,3.1587
8324.2,-417.47,8322.4,-415.68,38.791,22.622,-12.691,3.118
8365.8,-400.28,8362,-397.18,29.454,23.09,-12.003,2.6031
8398.3,-382.35,8394.3,-379.45,22.104,22.13,-10.774,1.6691
8425.7,-363.56,8421.6,-361.75,17.313,20.677,-8.9382,0.68397
8445.3,-347,8443,-345.91,13.972,17.85,-6.8718,-0.61815
8461.8,-331.52,8460.4,-331.42,11.898,14.771,-4.8155,-1.7638
8473.5,-318.19,8473.2,-318.54,9.7651,11.859,-3.2493,-2.5731
8482.2,-306.93,8482.4,-307.37,7.7577,9.3319,-2.0665,-3.0003
8488.9,-296.74,8489.1,-297.24,6.2104,7.6697,-1.1032,-2.9563
8490.6,-287.69,8492,-288.39,3.9961,6.2523,-0.62414,-2.797
8492.4,-281.63,8493.1,-282.41,2.1111,3.7852,-0.30825,-3.0223
8494.4,-278.58,8494.5,-279.06,1.7017,1.213,0.31611,-3.1679
8497.3,-277.49,8497,-277.98,2.6164,-1.2023,1.1318,-3.1848
8499.3,-275.44,8499.5,-276.99,3.6505,-2.3832,1.7514,-2.8144
8502.2,-271.35,8502.8,-274.21,5.038,-1.7052,2.2926,-1.9569
8503.1,-270.32,8504.9,-271.94,5.4335,-0.701,2.3633,-1.0681
8505.1,-269.27,8507.1,-270.08,5.6783,0.23798,2.3053,-0.34788
8506.1,-269.24,8508.3,-269.18,5.0469,0.64521,1.8979,0.070425
8507.1,-269.21,8509.2,-268.66,4.2085,0.97528,1.4455,0.38538
8509.1,-268.15,8510.1,-267.77,3.2398,1.4337,0.92028,0.63254
8511.1,-268.1,8511.4,-267.34,2.5459,1.5497,0.52567,0.70557
8512.1,-268.07,8512.3,-267.28,1.6865,1.3243,0.13057,0.61507
8513.1,-268.04,8513,-267.58,1.046,0.75064,-0.12209,0.36734
8515.1,-267.98,8514.8,-267.96,1.4498,0.14073,0.046364,0.10667
8516,-266.96,8516.3,-267.4,1.5904,0.30104,0.11915,0.13251
8518,-266.9,8518.1,-266.81,1.8506,0.6837,0.19755,0.27487
8521,-265.81,8520.6,-265.63,2.3193,1.3729,0.28989,0.49834
8524.9,-263.7,8524.3,-263.79,3.2724,2.0186,0.50895,0.61761
8531.9,-261.5,8530.5,-261.7,5.1539,2.371,0.93474,0.57824
8540.8,-258.25,8539.5,-258.47,8.0343,3.2987,1.611,0.74413
8553.6,-251.88,8552.1,-252.79,11.865,5.1437,2.4304,1.1293
8561.4,-243.66,8563.1,-244.59,13.651,7.7511,2.5715,1.6809
8570.1,-233.4,8572.9,-234.05,13.88,10.665,2.1942,2.2161
8579.9,-225.12,8582.3,-224.06,13.114,12.159,1.4956,2.2386
8588.6,-216.87,8590.6,-214.78,11.422,12.508,0.58073,1.9141
8597.4,-207.62,8598.4,-205.67,9.502,12.158,-0.2795,1.389
8606.1,-196.37,8606,-195.51,7.7073,11.932,-0.97733,0.92843
8613.8,-186.14,8613,-185.56,6.0755,11.266,-1.4899,0.39181
8619.4,-173.98,8618.9,-174.49,4.6093,11.031,-1.7704,0.04434
8626,-159.78,8625,-161.21,3.9886,11.972,-1.6908,0.13134
8632.7,-146.59,8631.5,-147.47,4.2246,12.901,-1.2973,0.2509
8634.3,-132.54,8635,-132.99,3.2502,14.017,-1.2374,0.45875
8635.9,-118.49,8636.6,-118.16,1.6132,15.105,-1.4084,0.68678
8638.5,-105.41,8638.1,-104.15,0.30641,15.368,-1.5137,0.65343
8642.1,-93.299,8640.3,-91.727,-0.18503,14.34,-1.4186,0.19347
8645.8,-82.19,8644,-80.94,0.93213,12.35,-0.75355,-0.52687
8648.6,-73.108,8647.6,-72.283,2.004,9.5406,-0.18564,-1.3979
8651.4,-66.026,8651.1,-65.513,2.9028,6.7139,0.23951,-2.0696
8654.3,-62.942,8654.6,-62.152,3.7369,3.156,0.58393,-2.7853
8657,-53.86,8657.8,-56.231,4.1324,2.1706,0.71339,-2.6452
8658.9,-50.804,8660.1,-52.324,3.8085,0.96151,0.57019,-2.512
8659.7,-42.779,8661.1,-45.659,2.76,2.2042,0.20737,-1.6175
8661.7,-41.723,8662.2,-42.084,1.9196,2.0588,-0.07676,-1.1971
8661.7,-40.723,8662,-40.308,0.34576,1.3336,-0.58473,-1.0074
8662.6,-39.695,8662,-39.226,-0.67158,0.7929,-0.85679,-0.78502
8662.6,-37.696,8662.1,-37.899,-0.81623,0.63718,-0.71819,-0.53845
8662.5,-34.697,8662.2,-35.605,-0.76436,1.1277,-0.51936,-0.18981
8663.5,-34.669,8662.9,-34.646,-0.32477,0.93237,-0.25315,-0.10307
8663.5,-33.669,8663.2,-33.798,-0.11904,0.76849,-0.10414,-0.053367
8663.4,-32.669,8663.4,-32.903,0.046819,0.73838,0.012478,0.0096958
8663.4,-32.669,8663.6,-32.446,0.26791,0.68151,0.13591,0.078377
8663.4,-32.669,8663.7,-32.133,0.34943,0.77386,0.18177,0.20577
8663.4,-32.669,8663.6,-31.883,0.28079,0.96597,0.15272,0.35554
8663.4,-32.669,8663.5,-32.414,0.15523,0.19027,0.096069,0.056766
8663.4,-32.669,8663.5,-32.613,0.10286,-0.030536,0.071489,0.003309
8663.4,-32.669,8663.5,-33.186,0.11256,-0.73302,0.072888,-0.27447
8663.4,-32.669,8663.4,-32.957,-0.030131,-0.31044,0.0058604,-0.05825
8663.4,-32.669,8663.5,-32.664,0.065241,0.13864,0.046111,0.14272
8663.4,-32.669,8663.4,-32.443,0.032896,0.43426,0.027222,0.25738
8663.4,-32.669,8663.5,-32.445,0.12097,0.39522,0.062242,0.21726
8663.4,-31.67,8663.5,-31.904,0.12372,0.52562,0.059712,0.19947
8663.4,-31.67,8663.4,-31.451,-0.020657,0.72617,-0.0070623,0.24827
8663.4,-31.67,8663.4,-31.372,-0.01565,0.55014,-0.0043292,0.15219
8663.4,-30.67,8663.4,-30.778,-0.017728,0.6232,-0.0036777,0.12928
8664.3,-29.642,8664,-29.782,0.31843,0.92131,0.089456,0.18821
8664.3,-28.643,8664.4,-28.67,0.42239,1.1769,0.10825,0.22543
8665.3,-28.614,8665.2,-28.2,0.72812,0.99932,0.1779,0.13484
8667.3,-26.558,8666.9,-26.772,1.3872,1.2999,0.3337,0.18138
8669.2,-25.502,8669,-25.475,2.0841,1.428,0.4771,0.1742
8671.2,-23.446,8671.3,-23.625,2.6061,1.7679,0.54691,0.22524
8672.1,-22.418,8672.8,-22.186,2.5312,1.7815,0.43179,0.18142
8673.1,-21.39,8673.9,-21.034,2.0813,1.6006,0.21287,0.088848
8675.1,-19.334,8675.3,-19.37,1.7966,1.6815,0.055821,0.078596
8678,-16.249,8677.6,-16.738,1.9632,2.1991,0.041812,0.18775
8679.9,-14.193,8679.7,-14.327,2.0079,2.4066,0.0057127,0.18816
8680.9,-12.166,8681.1,-11.977,1.6535,2.5842,-0.12343,0.2066
8682.8,-10.11,8682.7,-9.7812,1.5355,2.5931,-0.15764,0.17283
8683.7,-8.0821,8683.9,-7.8151,1.2405,2.3575,-0.22201,0.053017
8683.7,-6.0829,8684.1,-5.9324,0.52233,2.097,-0.39482,-0.056624
8684.7,-6.0544,8684.7,-5.3717,0.2809,1.2307,-0.3858,-0.30783
8684.6,-4.0553,8684.6,-4.1531,-0.21793,0.9597,-0.46479,-0.34696
8685.6,-3.0272,8685,-3.3121,-0.38932,0.47595,-0.45632,-0.46659
8685.5,-1.028,8685.1,-1.7452,-0.55789,0.62229,-0.43248,-0.3633
8686.5,-2.9454e-12,8685.8,-0.43946,-0.20269,0.67463,-0.24248,-0.29005
