0,0,NaN,NaN,NaN,NaN,NaN,NaN
46.74,6.3513,NaN,NaN,NaN,NaN,NaN,NaN
101.15,11.22,NaN,NaN,NaN,NaN,NaN,NaN
165.94,13.82,NaN,NaN,NaN,NaN,NaN,NaN
238.32,17.172,NaN,NaN,NaN,NaN,NaN,NaN
324.58,20.186,NaN,NaN,NaN,NaN,NaN,NaN
424.64,25.096,NaN,NaN,NaN,NaN,NaN,NaN
538.49,31.903,NaN,NaN,NaN,NaN,NaN,NaN
669.26,41.178,NaN,NaN,NaN,NaN,NaN,NaN
814.31,51.475,NaN,NaN,NaN,NaN,NaN,NaN
966.15,59.806,NaN,NaN,NaN,NaN,NaN,NaN
1128.3,68.102,NaN,NaN,NaN,NaN,NaN,NaN
1296.7,75.309,NaN,NaN,NaN,NaN,NaN,NaN
1474.6,81.999,NaN,NaN,NaN,NaN,NaN,NaN
1668.5,90.675,1670.3,91.5,197.87,8.3841,9.9614,-0.12859
1871.8,98.834,1870.5,98.304,204.84,6.7304,8.5046,-0.8124
2083.2,106.87,2080.8,105.56,212.75,5.8432,7.6715,-1.1155
2299.6,111.97,2298.4,111.52,220.32,4.9286,7.0716,-1.2585
2515.2,114.36,2518,114.99,225.38,3.2964,6.1368,-1.5027
2731.5,113.64,2736.8,115.25,226.76,0.83108,4.4218,-1.8688
2950.9,111.25,2955.8,112.67,225.88,-2.2693,2.3709,-2.3611
3171.1,109.35,3174.4,109.14,223.11,-4.8967,0.086008,-2.6797
3383.9,104.46,3386.9,103.54,216.14,-7.6948,-3.0776,-3.0229
3593.6,99,3594.3,97.094,207.31,-9.725,-6.2159,-3.0701
3799.4,90.25,3797.9,88.85,199.11,-11.309,-8.405,-2.8726
4003.5,78.301,3999.5,77.886,193.07,-13.09,-9.3215,-2.6786
4219.2,68.158,4209.7,67.147,194.89,-13.492,-7.4849,-2.0624
4440.3,56.443,4429.1,55.769,202.86,-13.476,-3.8707,-1.4002
4668.1,47.231,4657.6,45.659,214.5,-12.545,0.34012,-0.65036
4896.9,34.033,4891.2,33.804,226.56,-12.473,4.1353,-0.28713
5121.7,19.78,5123.4,20.222,234.62,-13.205,6.2029,-0.26243
5341.5,6.2241,5349.6,6.465,236.67,-13.603,6.1154,-0.15968
5555.2,-8.4769,5567.1,-7.9611,232.34,-14,4.0415,-0.072449
5763.4,-21.606,5774.9,-21.573,222.18,-13.666,0.29328,0.1994
5968.5,-35.307,5975.1,-35.208,208.7,-13.404,-4.2044,0.36726
6166,-49.76,6167.4,-49.551,193.89,-13.739,-8.5269,0.2663
6353.4,-68.647,6351.8,-67.031,179.84,-15.56,-11.71,-0.23791
6533.7,-89.161,6529.6,-87.382,168.25,-18.45,-13.314,-0.99931
6703.2,-108.77,6699.6,-108.14,158.95,-20.545,-13.48,-1.3886
6863.7,-126.49,6861.4,-127.45,151.21,-20.995,-12.739,-1.2204
7017.2,-137.79,7014.9,-141.64,143.53,-18.579,-12.011,-0.31546
7158.9,-144.19,7157.8,-149.33,134.77,-13.089,-11.621,1.3532
7288,-148.41,7287.8,-152.4,123.71,-6.5542,-11.978,3.0669
7405.3,-149.97,7405.3,-151.33,111.3,0.68921,-12.645,4.8167
7508.4,-154.78,7509,-151.43,97.765,5.1052,-13.432,5.4937
7599.5,-160.52,7599.8,-154.29,83.989,5.9296,-14.065,4.914
7679,-168.07,7678.5,-160.92,70.709,3.2643,-14.363,3.2488
7748.3,-175.59,7746.3,-170.44,58.396,-1.8125,-14.292,0.90047
7805.9,-182.68,7803,-181.03,46.596,-7.2762,-14.073,-1.3479
7853.9,-187.01,7850.4,-189.57,36.493,-10.674,-13.311,-2.6708
7893,-189.48,7889.4,-194.35,28.372,-10.623,-11.977,-2.5983
7923,-190.06,7920.2,-195.15,21.383,-7.5326,-10.472,-1.4153
7944.9,-190.52,7943.3,-193.57,15.498,-3.0537,-8.8324,0.21009
7958.8,-190.86,7958.3,-191.11,9.6366,1.2651,-7.5027,1.6639
7960.6,-189.9,7962.2,-188.46,1.609,4.2332,-7.1377,2.4308
7961.9,-190.29,7961.4,-187.46,-4.6582,4.8759,-6.4672,2.2799
7965.9,-189.23,7961.8,-186.94,-6.7236,4.2168,-4.8292,1.622
7968.1,-189.15,7963.2,-187.63,-5.765,2.2401,-2.6512,0.55301
7968.1,-189.15,7964.9,-188.58,-3.0316,0.37151,-0.30661,-0.31135
7968.1,-189.15,7967,-189.51,0.51476,-1.0977,1.837,-0.89826
7968.1,-189.15,7969.2,-189.99,3.9604,-1.7196,3.4957,-1.0611
7968.1,-189.15,7971,-190.06,6.479,-1.667,4.4466,-0.92237
7968.1,-189.15,7972.2,-189.82,7.7828,-1.1767,4.7009,-0.61358
7968.1,-189.15,7972.4,-189.6,7.4938,-0.74993,4.2047,-0.36565
7968.1,-189.15,7971.7,-189.43,5.8977,-0.42163,3.1713,-0.18707
7968.1,-189.15,7970.4,-189.33,3.6653,-0.23893,1.9446,-0.090695
7968.1,-189.15,7969,-189.19,1.5589,-0.025644,0.8704,0.0085754
7968.1,-189.15,7968.3,-189.08,0.44742,0.12337,0.31104,0.071285
7968.1,-189.15,7968.6,-189.1,0.81613,0.08901,0.43854,0.049567
7968.1,-189.15,7968.7,-189.04,0.84778,0.1581,0.41332,0.075092
7968.1,-189.15,7968.3,-189.14,0.30971,0.012428,0.14603,0.0058599
7968.1,-189.15,7968.1,-189.15,-4.5475e-13,0,-4.5475e-13,1.4211e-14
7969.9,-188.18,7969.3,-188.5,0.60341,0.33259,0.166,0.091495
7975.2,-187.52,7973.6,-187.69,2.6393,0.66801,0.70724,0.17339
7983.2,-185.41,7981.2,-185.87,5.9028,1.4261,1.5202,0.35975
7992.9,-182.33,7991.6,-182.89,9.6713,2.563,2.36,0.62423
8004.9,-179.17,8004.5,-179.34,13.519,3.6533,3.0833,0.83575
8019.2,-178.15,8019.7,-177.09,17.11,3.6771,3.5875,0.71248
8034.3,-176.64,8036,-175.47,19.707,3.1861,3.6769,0.43893
8048,-172.51,8051.1,-172.48,20.248,3.3197,3.0989,0.35072
8063.7,-171.88,8066.3,-171.08,19.751,2.4786,2.2201,-0.0016363
8075.1,-167.84,8078.4,-168.3,16.966,2.4381,0.76865,-0.091609
8087.7,-167.79,8089.4,-167.32,13.685,1.4788,-0.64406,-0.40568
8096.9,-163.84,8098,-164.68,9.7211,1.6376,-2.0036,-0.35003
8105.3,-160.37,8105.1,-161.27,6.1883,2.2844,-2.9483,-0.12998
8113.2,-158.26,8111.9,-158.34,3.8736,2.6547,-3.2782,0.016495
8118.2,-158.95,8116.9,-157.71,1.8718,1.7726,-3.3502,-0.20044
8128.7,-153.16,8125.1,-154,2.5595,2.6891,-2.5916,0.10385
8136.7,-151.05,8133.8,-151.13,4.0947,2.8579,-1.6047,0.13102
8143.3,-148.55,8142,-148.55,5.6109,2.7229,-0.69293,0.045448
8151.3,-146.44,8150.7,-146.3,7.263,2.4553,0.11943,-0.056245
8157.4,-143.06,8158.1,-143.2,7.8991,2.8478,0.47911,0.083181
8164.9,-140.07,8165.6,-140.1,8.3174,3.0823,0.65988,0.14218
8174.1,-136.12,8174.3,-136.52,9.1281,3.3368,0.86957,0.15703
8182.5,-132.65,8182.7,-132.62,9.2651,3.8932,0.766,0.31551
8191.3,-130.06,8191.6,-129.64,9.6115,3.6238,0.74777,0.16945
8200.6,-126.11,8200.6,-125.87,9.6752,3.9835,0.59599,0.27095
8208.6,-124,8209.2,-123.48,9.5495,3.1924,0.45535,-0.04713
8214.3,-121.98,8215.8,-121.61,8.4078,2.3236,0.05754,-0.33
8219.2,-122.67,8220.8,-121.61,6.6805,0.87046,-0.44633,-0.68618
8227.2,-120.56,8227.2,-120.66,6.1323,0.43127,-0.538,-0.68085
8229.9,-121.35,8230.4,-121.55,3.734,-1.1624,-1.2311,-1.0989
8239.3,-119.63,8237.1,-120.88,3.991,-1.1369,-1.0266,-0.91369
8242.4,-119.06,8241.8,-120.09,3.6047,-0.79122,-0.94566,-0.62803
8246.4,-120.24,8246.1,-120.3,3.2953,-0.77204,-0.82777,-0.43471
8256.2,-117.16,8254.2,-118.34,5.4557,0.44787,0.02201,0.049529
8263.3,-115.54,8262.5,-116.02,7.3035,1.6934,0.6609,0.48441
8270.8,-114.79,8270.9,-114.37,8.6546,2.2346,1.0292,0.63212
8279.7,-112.19,8280.1,-111.93,9.9673,2.967,1.3087,0.78854
8289,-110.48,8289.6,-109.79,10.814,3.2291,1.3498,0.76284
8301.5,-110.42,8301.2,-109.23,12.165,2.2998,1.4607,0.34469
8313,-106.38,8313.3,-106.7,13.21,2.5222,1.4674,0.30047
8327.3,-105.36,8327.4,-105.08,14.836,2.1647,1.6447,0.10572
8340.1,-101.71,8341.1,-102.07,15.582,2.6849,1.5276,0.21753
8357.6,-102.35,8357.3,-101.51,16.831,1.6273,1.4872,-0.16189
8375.1,-102.99,8375.1,-101.98,18.575,0.42807,1.6561,-0.47992
8392,-100.52,8392.5,-101.17,18.929,0.049489,1.3074,-0.56636
8409.2,-94.462,8410.4,-96.72,19.61,1.8613,1.2224,0.020684
8429.8,-94.531,8430.1,-94.323,20.585,2.4126,1.1828,0.23409
8450.2,-90.132,8450.1,-90.729,20.821,3.1587,0.84391,0.39089
8470.5,-83.498,8470.7,-84.608,21.241,5.116,0.67828,0.89574
8496.1,-84.263,8494.8,-82.255,23.164,4.6593,0.97021,0.67927
8520.1,-80.167,8519.6,-79.232,24.807,4.3397,1.1653,0.46354
8545.5,-76.464,8545.5,-75.89,26.336,4.1738,1.3138,0.31942
8571.2,-71.402,8571.6,-71.499,27.242,4.489,1.2343,0.32149
8597.1,-68.574,8598,-68.44,27.853,3.641,1.1156,-0.083231
8622.9,-65.747,8624,-65.665,27.693,2.9385,0.76134,-0.34138
8650.1,-63.313,8650.7,-63.47,27.736,2.0283,0.52868,-0.62907
8677.3,-60.878,8677.3,-60.906,27.164,2.011,0.079201,-0.49848
8703.6,-56.692,8703.6,-57.203,26.446,2.7226,-0.30704,-0.16589
8728.5,-54.348,8728.9,-54.418,25.512,2.6243,-0.63107,-0.16323
8753,-51.127,8753.4,-51.574,24.443,2.4402,-0.90464,-0.22696
8776.1,-47.514,8776.4,-47.757,22.861,3.2372,-1.284,0.10268
8797.9,-43.507,8798.2,-43.938,21.311,3.5227,-1.5326,0.14802
8816.9,-36.48,8817.6,-37.871,19.16,4.8375,-1.8729,0.46134
8835,-29.936,8834.9,-30.257,16.474,7.1392,-2.366,1.1498
8853.7,-28.736,8852.5,-26.548,15.088,6.429,-2.3485,0.79886
8866.9,-23.729,8866.7,-22.5,12.826,5.7691,-2.5307,0.45688
8881.1,-20.474,8880.3,-19.514,11.293,4.4127,-2.4357,-0.085244
8892.2,-17.792,8891.8,-17.163,9.7256,3.0786,-2.3097,-0.51652
8901.9,-14.716,8901.7,-14.865,8.2281,2.0329,-2.1558,-0.80194
8911.3,-12.999,8910.6,-13.265,7.0055,1.0103,-1.9654,-1.0098
8917.9,-10.496,8917.5,-11.372,5.5766,0.54557,-1.8545,-1.0078
8924.5,-7.9924,8923.9,-9.1771,4.6556,0.5162,-1.6077,-0.86534
8929.7,-5.0961,8929.2,-6.1187,3.956,1.3781,-1.3278,-0.40847
8932,-5.0065,8932.3,-4.6066,2.5862,1.4534,-1.2888,-0.21017
8933.7,-4.041,8933.9,-3.4639,1.2254,1.4128,-1.2649,-0.080574
8937.7,-2.986,8936.7,-2.5897,1.1238,1.1774,-0.90507,-0.069309
8940.3,-1.5378,8939.6,-1.8077,1.5236,0.68544,-0.43912,-0.22053
8941.7,-1.9309,8941.5,-1.8951,1.5537,-0.033649,-0.179,-0.39479
8943.5,-0.96543,8943.2,-1.1397,1.5028,0.24131,-0.032758,-0.18302
8944.3,-0.48272,8944.7,-0.78446,1.7274,0.054179,0.21645,-0.20318
8944.3,-0.48272,8945,-0.56108,1.2309,0.021655,0.15784,-0.1439
8944.3,-0.48272,8945,-0.44784,0.80608,0.030714,0.12415,-0.074186
8944.3,-0.48272,8944.8,-0.42788,0.32559,0.016097,0.040398,-0.029585
8944.3,-0.48272,8944.4,-0.3487,-0.16865,0.13274,-0.077885,0.057535
8944.3,-0.48272,8944.1,-0.41856,-0.34856,0.057693,-0.084794,0.044254
8944.3,-0.48272,8943.9,-0.54006,-0.48986,-0.078064,-0.10388,-0.0035819
8944.3,-0.48272,8944,-0.64017,-0.30048,-0.18017,-0.00025538,-0.0409
8944.3,-0.48272,8944.4,-0.46335,0.29221,0.089468,0.25696,0.080905
8944.3,-0.48272,8944.7,-0.4027,0.68966,0.17021,0.40426,0.10876
8944.3,-0.48272,8944.6,-0.40133,0.56212,0.15893,0.31179,0.093762
8944.3,-0.48272,8944.6,-0.4379,0.4594,0.094939,0.23883,0.057008
8944.3,-0.48272,8944.6,-0.35431,0.35854,0.19762,0.17438,0.096115
8944.3,-0.48272,8944.4,-0.4376,0.1214,0.066913,0.05724,0.03155
8944.3,-0.48272,8944.3,-0.48272,0,0,-6.8212e-13,3.4694e-17
8945.2,1.521e-14,8944.9,-0.15791,0.3017,0.1663,0.082998,0.045748
8945.2,1.521e-14,8945.2,0.022558,0.39908,0.21997,0.10037,0.055325
8945.2,1.521e-14,8945.4,0.09891,0.3606,0.19876,0.076095,0.041943
8945.2,1.521e-14,8945.4,0.10585,0.2443,0.13466,0.030271,0.016685
