0,0,NaN,NaN,NaN,NaN,NaN,NaN
46.634,-11.543,NaN,NaN,NaN,NaN,NaN,NaN
98.909,-21.609,NaN,NaN,NaN,NaN,NaN,NaN
159.7,-31.04,NaN,NaN,NaN,NaN,NaN,NaN
226.98,-36.113,NaN,NaN,NaN,NaN,NaN,NaN
300.98,-43.15,NaN,NaN,NaN,NaN,NaN,NaN
382.82,-48.311,NaN,NaN,NaN,NaN,NaN,NaN
469.33,-51.714,NaN,NaN,NaN,NaN,NaN,NaN
563.58,-50.081,NaN,NaN,NaN,NaN,NaN,NaN
666.06,-48.772,NaN,NaN,NaN,NaN,NaN,NaN
776.94,-43.667,NaN,NaN,NaN,NaN,NaN,NaN
897.18,-35.047,NaN,NaN,NaN,NaN,NaN,NaN
1028.8,-26.632,NaN,NaN,NaN,NaN,NaN,NaN
1170,-17.863,NaN,NaN,NaN,NaN,NaN,NaN
1318.4,-9.1365,1318.2,-6.7482,154.72,13.283,10.356,2.1393
1470.3,-2.4921,1473.3,0.56977,163.13,11.632,10.235,1.0733
1624.9,2.3509,1630.5,5.2184,168.01,8.3719,9.0796,-0.32324
1781.6,7.5928,1788.1,8.7478,169.04,4.9189,6.8741,-1.5816
1943.9,10.192,1948.2,10.1,168.56,0.9517,4.4759,-2.7992
2110.6,10.429,2111.9,9.7387,167.95,-2.3653,2.3628,-3.4891
2286,8.1417,2282.9,7.1768,169.78,-5.3885,1.3059,-3.869
2462.8,3.3737,2459,2.3464,173.16,-8.0769,1.078,-3.9775
2639.6,-1.3943,2637.4,-3.3161,176.43,-9.8556,1.0855,-3.7532
2817.8,-4.5231,2817.4,-7.397,179.39,-9.3601,1.2144,-2.7961
2995.4,-6.4116,2997,-9.7005,181.06,-7.4443,1.1141,-1.5638
3176.5,-7.2217,3177.9,-10.185,182.24,-4.6034,0.91352,-0.25833
3365.5,-9.3158,3363.9,-10.41,184.75,-1.8809,1.0259,0.84752
3557.2,-9.0913,3554.3,-9.3417,187.96,0.91454,1.2689,1.7655
3749.6,-6.9471,3747,-6.6406,190.97,3.7013,1.4432,2.4736
3941.9,-4.8028,3940.9,-3.3839,193.54,5.8104,1.5794,2.8237
4129,-6.336,4131.6,-2.9257,193.62,5.397,1.1355,2.3133
4320.8,-9.2715,4323.1,-5.6114,193.85,2.6265,0.85903,1.0594
4516.8,-12.369,4517.3,-9.9874,194.82,-0.85208,0.78658,-0.28361
4709.7,-15.585,4710.5,-15.007,194.39,-4.0066,0.27492,-1.3501
4900.8,-14.12,4901.3,-16.607,191.93,-4.4204,-0.8502,-1.4318
5085.5,-12.892,5087.1,-15.877,187.39,-3.0069,-2.3331,-0.86092
5265.6,-13.422,5267.6,-15.041,181.53,-1.4697,-3.8416,-0.24578
5444.8,-16.831,5445.4,-16.329,176.3,-1.2058,-4.8153,-0.038682
5623.5,-22.16,5622.4,-20.254,173.01,-2.2887,-4.9249,-0.23314
5796.5,-28.966,5795.6,-26.662,169.4,-4.3717,-5.0335,-0.69612
5965.2,-36.57,5964,-34.78,164.7,-6.7504,-5.4665,-1.1871
6128.1,-42.491,6127.1,-42.818,159.36,-8.7077,-5.95,-1.5879
6285.5,-45.77,6284.8,-48.653,153.88,-9.0963,-6.2805,-1.5508
6443.3,-51.248,6441.1,-54.078,150.61,-8.8027,-5.7958,-1.2684
6601.6,-54.807,6598.5,-57.363,150.54,-6.7158,-4.3054,-0.37282
6758.1,-57.805,6755.1,-59.095,150.93,-3.7423,-2.9771,0.74602
6912.2,-58.042,6909.9,-58.459,150.95,-0.018052,-2.0425,1.9387
7060.5,-56.596,7060.7,-56.027,149.73,3.5242,-1.5801,2.8437
7203.4,-52.507,7205.8,-51.948,146.51,6.1547,-1.7738,3.1572
7340.9,-48.935,7344.8,-47.629,141.8,7.5131,-2.3339,2.9532
7474.6,-44.242,7478.3,-42.8,135.93,8.1276,-3.1983,2.4994
7606.5,-42.148,7607.8,-39.645,129.7,7.2269,-4.1912,1.6737
7731.1,-40.01,7731.3,-37.635,122.35,5.5119,-5.4488,0.72943
7853.5,-38.271,7851.7,-36.527,116.33,3.4577,-6.0883,-0.16303
7966.4,-36.887,7965.5,-36.086,109.97,1.3787,-6.5889,-0.91915
8070.7,-32.979,8071.4,-34.284,103.06,0.32839,-6.9642,-1.2908
8170,-31.788,8171,-33.209,96.513,-0.77111,-7.0389,-1.5799
8260.4,-29.033,8261.9,-30.839,88.564,-0.38406,-7.5038,-1.2671
8348.6,-26.677,8347.8,-28.031,81.327,0.51515,-7.7647,-0.77696
8431.7,-23.879,8429.3,-24.592,75.173,1.8963,-7.6897,-0.15204
8508.8,-20.357,8505.9,-20.634,69.834,3.2636,-7.3572,0.36653
8580,-19.272,8577.6,-18.246,65.461,3.3999,-6.6782,0.43236
8646.1,-17.745,8644.7,-16.773,61.86,2.7228,-5.7751,0.17822
8707.8,-17.016,8707.3,-16.207,58.762,1.6022,-4.811,-0.19421
8764.1,-16.804,8764.7,-16.487,55.139,0.17486,-4.1824,-0.63353
8815.3,-16.15,8816.3,-16.464,50.485,-0.5363,-4.0643,-0.75886
8860.2,-15.732,8861.7,-16.363,44.895,-0.8855,-4.2979,-0.74355
8898.6,-16.511,8899.8,-16.83,37.786,-1.2166,-5.0632,-0.68853
8931.1,-22.887,8931.9,-21.32,30.755,-3.3476,-5.665,-1.1176
8960.4,-18.942,8959.9,-21.173,24.906,-2.5754,-5.809,-0.72485
8984.2,-22.794,8983.3,-22.972,19.643,-2.5235,-5.7481,-0.49721
9004.4,-21.404,9003.2,-22.688,15.668,-1.3458,-5.2569,-0.01435
9019.7,-22.731,9018.6,-22.934,11.633,-0.5837,-4.8979,0.29456
9034.4,-18.699,9032.4,-20.101,9.2063,1.5228,-4.1395,0.89717
9043.9,-18.343,9042.8,-18.13,7.1594,2.5981,-3.3526,1.1095
9051.8,-19.627,9051.2,-17.829,5.8129,2.5413,-2.4867,0.99005
9056.8,-16.91,9056.9,-16.199,4.4224,2.8769,-1.8088,0.93098
9058.6,-14.311,9059.4,-13.912,2.4245,3.2451,-1.4901,0.85635
9059.4,-11.431,9060,-11.241,0.48584,3.4541,-1.2963,0.71048
9061.9,-10.072,9061,-9.5542,-0.22213,2.8082,-0.87789,0.30903
9063.4,-8.4331,9062.4,-8.1639,-0.022349,2.0297,-0.29727,-0.069991
9064,-6.5133,9063.5,-6.467,0.62313,1.7291,0.31376,-0.1999
9065.5,-4.8741,9065.3,-4.5201,1.7918,1.9528,0.94484,-0.068779
9066.8,-4.1947,9067.1,-4.1168,2.7482,0.7225,1.3464,-0.51769
9068,-3.5153,9069,-3.3101,3.5832,0.55403,1.6129,-0.4506
9068,-3.5153,9069.8,-3.5003,3.5479,-0.32276,1.526,-0.66421
9069.2,-2.836,9070.7,-3.2516,3.4037,-0.54532,1.3526,-0.61843
9070.2,-3.1164,9071.2,-3.7626,2.6105,-1.2863,0.90414,-0.78728
9070.5,-2.1566,9071.3,-3.0312,1.7452,-0.70607,0.49394,-0.44798
9071.4,-2.4371,9071.6,-2.5181,0.98189,-0.078761,0.13518,-0.092553
9071.4,-2.4371,9071.6,-2.4542,0.38391,-0.02486,-0.087535,-0.023901
9072.4,-2.7175,9072.3,-2.6185,0.49304,-0.083019,-0.026951,-0.0045273
9072.7,-1.7577,9072.8,-2.0764,0.54498,0.23583,0.018659,0.1054
9072.7,-1.7577,9072.8,-1.6482,0.22367,0.52647,-0.081437,0.2138
9073.6,-2.0381,9073.4,-1.673,0.36132,0.44669,-0.022738,0.18082
9073.9,-1.0783,9073.9,-1.1722,0.49019,0.56046,0.040289,0.1793
9074.2,-0.11843,9074.3,-0.31669,0.40385,0.8013,0.010977,0.20926
9075.2,-0.3989,9075,-0.058772,0.55881,0.70417,0.052956,0.15453
9075.2,-0.3989,9075.3,-0.042464,0.49256,0.46577,0.032756,0.061589
9076.1,-0.67938,9076.1,-0.30902,0.74816,0.13871,0.11961,-0.039872
9076.1,-0.67938,9076.3,-0.61078,0.54629,-0.19555,0.039035,-0.14643
9077.4,-5.4423e-13,9077.2,-0.32991,0.69807,-0.10366,0.068154,-0.10786
9077.4,-5.4423e-13,9077.6,-0.26569,0.61068,-0.19248,0.037547,-0.1384
9077.4,-5.4423e-13,9077.6,-0.12628,0.30213,-0.09385,-0.063879,-0.079432
9077.4,-5.4423e-13,9077.5,-0.028423,0.068865,-0.010523,-0.11771,-0.0296
9077.4,-5.4423e-13,9077.3,0.055648,-0.22959,0.077248,-0.19854,0.018601
9077.4,-5.4423e-13,9077.2,0.024807,-0.32537,0.020308,-0.1931,-0.00055457
9077.4,-5.4423e-13,9077.2,0.085492,-0.31399,0.10135,-0.15106,0.040586
9077.4,-5.4423e-13,9077.1,0.11488,-0.33204,0.13792,-0.13407,0.058314
9077.4,-5.4423e-13,9077.2,-0.015036,-0.1872,-0.041332,-0.054892,-0.020251
9077.4,-5.4423e-13,9077.3,-0.11694,-0.03576,-0.16781,0.016259,-0.071628
9077.4,-5.4423e-13,9077.4,-0.069028,0.0407,-0.084257,0.046785,-0.029516
9077.4,-5.4423e-13,9077.5,-0.018888,0.18915,-0.0081498,0.10556,0.0051266
