0,0,NaN,NaN,NaN,NaN,NaN,NaN
72.613,8.9606,NaN,NaN,NaN,NaN,NaN,NaN
152.5,18.09,NaN,NaN,NaN,NaN,NaN,NaN
237.99,28.859,NaN,NaN,NaN,NaN,NaN,NaN
328.11,41.522,NaN,NaN,NaN,NaN,NaN,NaN
424.07,56.793,NaN,NaN,NaN,NaN,NaN,NaN
525.63,73.705,NaN,NaN,NaN,NaN,NaN,NaN
635.43,90.532,NaN,NaN,NaN,NaN,NaN,NaN
753.98,109.21,NaN,NaN,NaN,NaN,NaN,NaN
882.97,128.27,NaN,NaN,NaN,NaN,NaN,NaN
1013.4,149.01,NaN,NaN,NaN,NaN,NaN,NaN
1147,169.96,NaN,NaN,NaN,NaN,NaN,NaN
1285.5,189.65,NaN,NaN,NaN,NaN,NaN,NaN
1426.1,209.8,NaN,NaN,NaN,NaN,NaN,NaN
1577.9,224.98,1578.5,226.83,152.1,18.279,4.678,-0.93357
1736.2,237.44,1734.4,239.41,156.85,14.247,4.3669,-2.0965
1902.9,246.65,1899.1,248.27,163.48,9.5175,4.6402,-3.2187
2074.4,254.6,2071.2,254.74,171.11,5.0656,5.266,-4.0496
2247.7,261.08,2247.3,259.64,177.98,1.4664,5.7347,-4.4573
2419.5,270,2423.2,266.1,181.87,0.29483,5.3991,-4.057
2588.4,279.67,2595.4,274.84,181.54,1.5937,3.9442,-2.9016
2755.9,291.79,2763.2,287.08,177.18,5.4728,1.4526,-1.0526
2919.3,303.94,2925,301.2,169.05,10.104,-1.8887,0.80362
3072.7,317.66,3077,317.02,156.62,14.832,-6.028,2.4195
3225.6,329.44,3225.1,331.62,145.51,17.525,-9.0058,3.1251
3374.2,340.29,3370.1,344.13,136.8,17.841,-10.554,2.9024
3517.9,352.41,3512.3,355.74,130.86,16.754,-10.703,2.132
3665.2,362.54,3657.3,365.18,130.45,13.893,-8.8587,0.80084
3808.7,373.69,3801.9,374.59,132.03,11.385,-6.5034,-0.2616
3951.9,383.87,3946.9,383.63,135.29,9.2221,-3.8578,-1.05
4097.5,391.36,4093.6,391.21,139.69,7.1288,-1.3015,-1.6033
4244.1,398.6,4241.8,398.13,144.43,5.6376,0.89799,-1.8087
4390.8,402.68,4390.7,402.97,148.54,3.9919,2.4813,-1.9203
4534.9,404.36,4537.5,405.04,150.45,1.6231,3.075,-2.2001
4673.4,404.4,4678.9,404.86,148.45,-0.9555,2.2986,-2.4784
4804.9,401.12,4811.8,401.47,141.74,-4.2582,0.082363,-2.9336
4930,397.42,4936.3,396.66,131.89,-6.9899,-2.8129,-3.1441
5050,394.01,5054.1,391.85,121.37,-8.5039,-5.4378,-2.9658
5166.4,388.45,5166.7,386.48,111.14,-9.0234,-7.6194,-2.4316
5276,384.67,5274.1,382.35,102.18,-8.0025,-8.9464,-1.4844
5380.2,380.21,5376.9,378.56,95.115,-6.5143,-9.3008,-0.53508
5479.6,377.01,5475.4,375.98,89.476,-4.2643,-9.0472,0.50709
5571.8,373.64,5568.9,373.57,85.269,-2.4381,-8.1282,1.2061
5659.8,370.32,5657.9,371.11,82.029,-1.156,-6.9182,1.5837
5742.2,369.48,5741.5,370.07,78.505,0.35379,-5.9559,1.8976
5819.1,366.99,5819.1,368.27,74.185,0.66898,-5.4204,1.725
5892.3,366.49,5891.9,367.34,69.558,1.036,-5.1619,1.5385
5964.4,365.27,5962.4,366.24,66.12,0.917,-4.6786,1.2027
6036.8,361.86,6033.4,363.47,65.195,-0.29567,-3.5564,0.58936
6108.1,357.74,6104.9,359.39,66.279,-1.9665,-1.984,-0.04425
6179.4,353.61,6177.2,354.49,68.707,-3.8142,-0.25523,-0.65584
6250.4,348.52,6249.7,348.72,71.398,-5.6878,1.2303,-1.1818
6319.9,341.75,6321.1,341.79,73.078,-7.4264,2.0859,-1.5287
6393.6,334.93,6394.5,334.25,75.426,-8.9026,2.8763,-1.7419
6464.8,326.69,6467.1,325.93,76.41,-10.003,3.0125,-1.7519
6536,318.44,6538.6,317.38,76.139,-10.588,2.6127,-1.5789
6604.4,310.95,6607.7,309.6,74.209,-10.155,1.7071,-1.0878
6668.1,305.69,6672,303.86,69.813,-8.3966,0.13368,-0.26945
6728.9,301.19,6732.2,299.6,64.233,-6.1827,-1.5646,0.53389
6786.9,297.45,6788.9,296.71,58.477,-3.6291,-3.0192,1.3295
6843.1,295.18,6843.3,294.96,53.452,-1.3747,-3.9958,1.8473
6895,291.98,6894.3,293.03,48.584,0.011827,-4.7183,2.0113
6946.1,290,6943.9,291.52,45.003,0.99046,-4.9032,2.0029
6996.6,289.24,6993.3,290.58,43.448,1.5383,-4.359,1.7984
7044.3,286.09,7041.6,288.02,42.975,0.56339,-3.4637,1.1222
7093,278.56,7090.5,281.51,44.11,-2.6177,-2.1519,-0.10823
7144.2,280.7,7141.8,279.46,47.082,-2.9716,-0.4786,-0.39444
7193.4,275.11,7192.5,275.05,49.262,-4.4297,0.62326,-0.89865
7243.5,269.26,7243.7,269.4,51.334,-5.9183,1.4749,-1.2553
7292.7,259.54,7293.9,260.64,52.177,-8.3742,1.7247,-1.7633
7343.3,255.63,7344.5,254.23,52.81,-8.7736,1.7867,-1.5999
7391.3,245.19,7393.5,245.05,52.264,-10.227,1.4581,-1.7219
7436.5,236.48,7439.5,235.73,49.983,-11.05,0.61206,-1.6186
7482.3,233.83,7484.2,230.7,47.309,-9.1287,-0.2922,-0.74649
7528.1,231.18,7528.5,228.21,44.939,-6.0397,-1.0165,0.35361
7572.5,226.85,7572.2,225.98,43.14,-3.2821,-1.4138,1.2476
7619.7,221.76,7617.7,222.75,42.969,-1.8325,-1.2723,1.6029
7664.6,219.36,7663.1,220.4,43.226,-0.59452,-0.95139,1.7767
7708.2,216.25,7707.9,218.04,43.677,0.19849,-0.52189,1.7933
7749.2,214.86,7750.3,216.44,42.957,0.84533,-0.48583,1.7132
7790.4,214.44,7791.3,214.68,41.709,0.047063,-0.66038,0.97768
7829,215.74,7830.3,215.17,39.908,0.68839,-0.95291,0.84885
7865.9,218.52,7867,217.51,37.342,1.9498,-1.4697,0.92604
7900.6,220.83,7901.2,220.67,34.324,3.3792,-2.0584,1.1167
7932.4,223.9,7932.5,224.01,30.687,4.1005,-2.763,1.0226
7962.3,227.48,7961.8,228.43,27.612,5.5266,-3.1198,1.2858
7991.2,231.31,7990.2,232.65,25.6,6.0674,-3.0291,1.201
8018.1,235.64,8017,236.4,24.032,5.4202,-2.7827,0.64568
8042.9,239.51,8042.1,239.9,22.686,4.5149,-2.4641,0.09409
8066.7,243.63,8066.1,243.67,21.751,3.9616,-2.0472,-0.2224
8088.4,247.29,8087.9,247.29,20.305,3.506,-1.8919,-0.41693
8107.8,250.49,8107.8,250.37,18.842,2.8024,-1.736,-0.64939
8125.5,255.16,8125.8,254.48,17.261,2.9907,-1.6389,-0.53591
8138.9,258.9,8140.2,258.46,14.725,3.1448,-1.8191,-0.42572
8150.1,258.06,8151.2,259.29,11.345,1.7333,-2.2727,-0.74291
8160.3,257.47,8160.4,258.46,8.3461,-0.22227,-2.5634,-1.186
8169.3,260.29,8168.4,259.24,5.9975,-0.81208,-2.6349,-1.1961
8178.3,263.11,8176.4,261.37,4.9362,-0.25395,-2.306,-0.83703
8186.8,263.99,8184.8,263.03,5.0945,0.16611,-1.6263,-0.5363
8193.6,266.35,8192.5,265.42,5.5371,1.0523,-0.93374,-0.13158
8197.2,268.5,8197.7,268.07,5.0913,1.9998,-0.59513,0.24303
8200.6,269.67,8201.6,270.1,4.3874,2.4364,-0.40202,0.41461
8210.8,269.09,8209.4,270.51,6.0608,1.9305,0.36901,0.28877
8214,269.3,8214.6,270.39,6.0919,1.1431,0.51772,0.057765
8223.7,266.77,8222.7,268.2,7.5365,-0.6228,0.96847,-0.44434
8233.6,265.21,8232.6,265.54,9.4696,-2.3233,1.4443,-0.90036
8241.3,263.2,8241.8,262.46,10.498,-3.9146,1.5735,-1.3005
8248.1,261.43,8249.9,259.96,10.742,-4.4751,1.4835,-1.2892
8255.8,259.41,8257.8,258.26,10.547,-3.7735,1.2448,-0.78
8263.6,257.39,8265.2,256.74,9.8398,-2.8591,0.83187,-0.26077
8271.1,254.4,8272.1,254.36,8.7112,-2.65,0.30211,-0.066901
8278.3,250.45,8278.6,251.03,7.2678,-2.8722,-0.29567,-0.022333
8284.3,245.78,8284.2,246.77,5.6571,-3.3947,-0.84993,-0.062212
8286.7,243.09,8287.3,243.06,3.4532,-3.679,-1.4063,-0.10358
8294,239.13,8292.8,239,3.4827,-4.1015,-1.1544,-0.20207
8296.6,237.41,8296.6,236.4,2.9228,-3.6068,-1.0571,-0.030099
8303.1,234.67,8301.6,234.08,3.061,-2.9374,-0.85207,0.19473
8304.6,232.23,8305,231.94,3.0273,-2.3349,-0.56923,0.36129
8305.3,231.01,8306,230.9,1.4449,-1.1395,-0.88707,0.71248
8307.9,229.29,8307.4,229.74,0.63214,-0.42911,-0.95191,0.84515
8311.5,227.31,8310.3,228.21,1.1432,-0.22647,-0.58095,0.79232
8313.5,226.8,8313,227.24,1.6842,-0.049179,-0.22289,0.6901
8315.4,226.3,8315.3,226.51,1.971,-0.016116,-0.013386,0.52956
8316.4,226.05,8316.7,226.03,1.7831,-0.053797,0.011761,0.35302
8318.3,225.54,8318.4,225.61,1.7164,-0.092566,0.039672,0.22193
8320.2,225.04,8320.2,225.24,1.7678,-0.069737,0.082844,0.1578
8322.2,224.53,8322.2,224.84,2.0632,-0.067617,0.20749,0.11481
8324.1,224.03,8324.5,224.21,2.553,-0.33766,0.3969,-0.024434
8329.9,222.51,8328.8,222.97,3.5709,-0.81775,0.58541,-0.17671
8340.3,218.77,8337.9,219.67,6.9509,-2.3839,1.4521,-0.63929
8350.7,215.02,8349,215.55,10.204,-3.8869,2.1012,-0.99028
8363,210.78,8362.7,210.75,14.155,-5.2717,2.9467,-1.2488
8378.3,205.77,8378.9,205.28,18.01,-6.5191,3.6098,-1.4218
8394.9,198.32,8396.4,198.22,20.764,-7.9284,3.7514,-1.5594
8415.7,190.83,8416.7,190.47,23.358,-8.9986,3.7161,-1.5451
8439.1,181.62,8439.9,181.33,26.014,-10.254,3.6514,-1.5774
8463.3,171.19,8464.4,170.97,27.836,-11.468,3.3044,-1.5657
8495.4,159.7,8494.6,159.47,31.266,-12.607,3.4173,-1.517
8527.3,147.25,8527.1,147,34.259,-13.596,3.3741,-1.416
8559.9,133.58,8560.9,133.38,36.478,-14.61,3.147,-1.3355
8594.3,122.55,8595.9,121.11,38.171,-14.4,2.8381,-0.93961
8623.5,111.82,8627.5,110.06,37.067,-13.33,1.8137,-0.3615
8650.5,100.63,8655,99.552,33.087,-11.91,0.0475,0.25535
8676.9,90.663,8679.5,90.164,27.781,-9.9967,-1.9039,0.94036
8702.5,81.912,8702.8,81.838,23.051,-8.0693,-3.3392,1.4818
8728.1,73.161,8726,73.816,19.734,-6.662,-4.0696,1.742
8751.8,64.916,8748.7,65.992,17.619,-5.8081,-4.2087,1.7473
8775.5,56.67,8772,58.083,17.296,-5.5114,-3.6356,1.5529
8796.5,50.149,8794.2,50.888,17.407,-5.405,-2.8817,1.2511
8816.6,43.88,8815.5,44.268,17.961,-5.3359,-1.9895,0.95735
8836.7,37.612,8836.4,37.886,18.862,-5.3984,-1.0765,0.66374
8853.1,33.32,8854,32.949,17.765,-4.837,-0.98785,0.60236
8869.6,29.029,8870.3,28.828,16.412,-4.0215,-1.0273,0.66117
8883.8,24.275,8884.4,24.712,14.275,-3.4455,-1.3607,0.67772
8898.3,20.489,8897.7,20.786,12.316,-3.24,-1.6614,0.54322
8911.9,16.955,8910.9,17.192,11.47,-3.0577,-1.5118,0.42784
8925.4,13.421,8924.4,13.745,11.472,-2.9286,-1.0977,0.33206
8938,10.139,8937.4,10.33,11.665,-3.0134,-0.67442,0.17327
8947.7,7.6149,8948.3,7.3928,11.017,-2.9911,-0.55043,0.057859
8955.4,5.5955,8956.7,5.1551,9.3915,-2.634,-0.75443,0.076618
8959.3,4.5858,8961.4,3.9509,6.4462,-1.8404,-1.3139,0.23628
8969,2.0615,8968.1,2.2581,5.333,-1.4793,-1.3442,0.28031
8970.9,1.5566,8971.4,1.3935,3.1425,-0.92279,-1.6363,0.35499
8971.9,1.3042,8972.2,1.1876,0.53094,-0.20998,-2.0142,0.47363
8974.8,0.54694,8973.5,0.87374,-0.89163,0.18586,-2.0117,0.48913
8977.7,-0.21034,8975.8,0.20554,-0.72471,0.052477,-1.4818,0.31587
8978.6,-0.46276,8977.5,-0.25384,-0.38431,-0.043,-0.9473,0.17958
8978.6,-0.46276,8978.5,-0.41558,0.03763,-0.0098167,-0.42343,0.11046
8979.6,-0.71519,8979.5,-0.69655,0.60121,-0.15684,0.027556,-0.0071886
8979.6,-0.71519,8980,-0.8249,0.83104,-0.2168,0.27841,-0.072629
8979.6,-0.71519,8980,-0.82614,0.65774,-0.17159,0.30322,-0.079102
8979.6,-0.71519,8979.9,-0.77821,0.37648,-0.098214,0.24538,-0.064013
8979.6,-0.71519,8979.8,-0.76106,0.32552,-0.084921,0.26152,-0.068224
8979.6,-0.71519,8979.8,-0.76658,0.39894,-0.10407,0.30642,-0.079936
8979.6,-0.71519,8979.9,-0.79257,0.55643,-0.14516,0.36787,-0.095968
8979.6,-0.71519,8979.5,-0.67452,-0.063787,0.01664,0.074988,-0.019562
8979.6,-0.71519,8979.8,-0.75157,0.35853,-0.093531,0.25035,-0.065309
8979.6,-0.71519,8980,-0.816,0.66422,-0.17328,0.35956,-0.093801
8979.6,-0.71519,8979.9,-0.78853,0.46305,-0.1208,0.24119,-0.062921
8979.6,-0.71519,8979.7,-0.7415,0.17789,-0.046408,0.096654,-0.025215
8979.6,-0.71519,8979.7,-0.73515,0.12788,-0.03336,0.066179,-0.017264
8979.6,-0.71519,8979.7,-0.73878,0.13413,-0.03499,0.063243,-0.016498
8980.6,-0.96762,8980.3,-0.88504,0.33334,-0.086961,0.091702,-0.023923
8980.6,-0.96762,8980.6,-0.97941,0.44093,-0.11503,0.1109,-0.028931
8980.6,-0.96762,8980.8,-1.0193,0.39841,-0.10394,0.084075,-0.021933
8980.6,-0.96762,8980.8,-1.023,0.26992,-0.070416,0.033446,-0.0087251
8980.6,-0.96762,8980.7,-1.0056,0.10808,-0.028196,-0.023021,0.0060056
8980.6,-0.96762,8980.6,-0.97949,-0.045999,0.012,-0.071617,0.018683
8980.6,-0.96762,8980.5,-0.95425,-0.16273,0.042452,-0.10289,0.026842
8980.6,-0.96762,8980.5,-0.93643,-0.22403,0.058443,-0.11165,0.029126
8980.6,-0.96762,8980.4,-0.92975,-0.22332,0.058259,-0.096949,0.025292
8980.6,-0.96762,8980.5,-0.93503,-0.16556,0.043191,-0.062114,0.016204
8980.8,3.2588e-12,8980.7,-0.29912,0.019751,0.35088,0.0092066,0.095541
8980.8,3.2588e-12,8980.9,0.042496,0.15879,0.42951,0.062342,0.10218
