0,0,NaN,NaN,NaN,NaN,NaN,NaN
53.67,11.643,NaN,NaN,NaN,NaN,NaN,NaN
110.88,22.602,NaN,NaN,NaN,NaN,NaN,NaN
175.15,35.017,NaN,NaN,NaN,NaN,NaN,NaN
246.48,50.305,NaN,NaN,NaN,NaN,NaN,NaN
324.15,67.752,NaN,NaN,NaN,NaN,NaN,NaN
411.71,88.089,NaN,NaN,NaN,NaN,NaN,NaN
504.92,108.46,NaN,NaN,NaN,NaN,NaN,NaN
603.81,127.45,NaN,NaN,NaN,NaN,NaN,NaN
707.65,144.35,NaN,NaN,NaN,NaN,NaN,NaN
817.16,159.88,NaN,NaN,NaN,NaN,NaN,NaN
931.62,174.72,NaN,NaN,NaN,NaN,NaN,NaN
1051.7,189.6,NaN,NaN,NaN,NaN,NaN,NaN
1180.3,205.95,NaN,NaN,NaN,NaN,NaN,NaN
1313.9,224.45,1312.7,220.8,134.53,11.992,5.022,-2.0088
1453,244.39,1451.7,240.35,140.24,14.321,4.9967,-1.0643
1598.6,263.67,1597.4,261.37,146.93,17.589,5.3754,0.17164
1747,281.55,1747.4,281.84,152.8,20.126,5.5244,1.0894
1898.9,294.51,1900.7,298,157.46,19.697,5.332,1.0024
2053.7,304.65,2056.2,309.32,160.59,16.407,4.7161,0.0047812
2213.5,311.29,2214.9,315.37,162.72,10.587,3.8063,-1.7187
2378.9,317.96,2378.6,319.14,165.45,4.7758,3.1913,-3.271
2548.6,324.66,2547.1,322.73,168.9,0.6134,2.9064,-4.1064
2721.8,334.92,2720.2,329.78,172.91,0.11361,2.9137,-3.6681
2896.4,346.59,2895.9,340.67,176.52,2.8733,2.906,-2.1955
3070.3,356.15,3071.8,352.65,178.64,6.6775,2.5776,-0.46008
3243.5,362.16,3246.5,362.62,178.69,9.285,1.7505,0.78788
3414.6,363.21,3418.1,367.44,176.1,8.7343,0.26104,0.92641
3585,360.72,3587.5,366.36,172.28,4.862,-1.3568,-0.055436
3756.9,355.41,3756.8,359.98,168.75,-1.3757,-2.6515,-1.763
3931.6,348.71,3928.2,350.32,167.12,-8.0814,-3.1738,-3.4948
4106.3,340.59,4101.9,339.01,167.57,-13.753,-2.8461,-4.7083
4277.4,333.15,4274.8,328.85,168.31,-16.385,-2.2702,-4.7446
4444.4,327.11,4444.5,321.46,168.04,-15.539,-1.8777,-3.5987
4608.5,321.04,4610.4,316.51,166.2,-12.051,-1.9265,-1.6433
4772.5,314.98,4774,312.83,163.72,-7.6574,-2.1955,0.39521
4938.8,308.22,4938,308.9,162.1,-3.9879,-2.2549,1.9216
5106.4,298.64,5103.6,301.85,161.82,-3.2394,-1.9854,2.2127
5274,290.48,5270.6,293.43,162.69,-4.1149,-1.4103,1.7736
5442.4,284.44,5439.3,285.7,164.78,-5.0295,-0.49406,1.224
5611.4,280.53,5609.5,279.99,167.73,-5.0313,0.61756,0.93216
5773.3,279.4,5775.8,277.58,168.42,-3.3774,1.0244,1.1597
5936,281.82,5939.7,279.37,167.67,0.067462,0.92752,1.895
6097.2,284.22,6100.7,283.27,165.13,3.7793,0.1768,2.6556
6255.5,286.61,6258.1,287.73,160.58,6.6739,-1.2292,3.0961
6416,289.71,6415.4,292.29,156.82,8.4703,-2.3071,3.1374
6572.3,289.97,6570.9,294.13,153.55,7.6133,-2.9998,2.3253
6725.1,289.49,6724.1,293.34,150.78,4.6529,-3.2782,0.90191
6877.1,289.72,6876.1,291.56,149.12,1.1751,-3.0464,-0.55059
7025.6,293.46,7025.5,291.97,147.34,-0.68635,-2.7961,-1.3596
7167.7,297.87,7169.3,294.75,143.71,-0.66609,-3.0907,-1.4202
7297.8,300.08,7302.3,297.98,135.94,0.23811,-4.5178,-1.0255
7422.2,300.84,7426.3,300.31,125.93,0.88154,-6.4105,-0.64833
7539.6,298.73,7541.6,300.08,114.7,0.31719,-8.4142,-0.60223
7651.3,295.18,7650.4,297.28,104.11,-1.3512,-9.9006,-0.87319
7765.2,292.34,7759.6,293.42,98.681,-3.2852,-9.4948,-1.2471
7873.4,288.06,7867,288.12,95.829,-5.6474,-8.2619,-1.7637
7977.4,283.74,7972.1,282.57,94.949,-7.3787,-6.4553,-2.0243
8078.6,278,8075.2,276.38,95.447,-8.6674,-4.3792,-2.0861
8178.3,273.66,8176.4,271.24,96.371,-8.5947,-2.5079,-1.6952
8274.5,271.43,8275,268.81,97.064,-6.3008,-0.97551,-0.59615
8369.9,269.89,8371.5,268.31,97.147,-2.987,0.017074,0.70565
8461.9,270.46,8464.2,269.78,95.114,0.63382,0.0010876,1.8743
8552.4,271.01,8553.9,271.51,91.966,3.0457,-0.55348,2.3982
8639.3,273.67,8640.5,274.4,88.171,4.9262,-1.3044,2.5834
8723.5,276.3,8724.5,277.67,84.816,6.0908,-1.7596,2.4814
8806.2,278.93,8806.6,280.73,81.889,6.3431,-2.0299,2.0785
8888.9,282.98,8888.4,284.45,80.386,6.451,-1.8112,1.6664
8969.5,286.3,8969.1,287.75,79.327,5.8396,-1.4896,1.0735
9051.5,291.05,9049.9,291.49,78.76,5.107,-1.1949,0.47957
9130.7,292.95,9129.9,293.79,78.621,3.6419,-0.76502,-0.19999
9205.6,296.24,9206.7,296.26,77.47,2.5597,-0.64991,-0.6388
9276.3,296.67,9279,297.23,74.578,1.1671,-1.0655,-1.0149
9342.1,297.78,9345.5,297.76,69.61,-0.041168,-2.0689,-1.2607
9403.6,297.45,9406.6,297.24,63.37,-1.3752,-3.3238,-1.4846
9460.2,296.38,9462,295.96,56.033,-2.5243,-4.7668,-1.5818
9512.5,293.88,9512.7,293.45,48.868,-3.7961,-5.9206,-1.6771
9559.9,290.63,9558.6,290.13,42.14,-4.7903,-6.7226,-1.6321
9601.6,287.35,9599.9,286.47,36.248,-5.4477,-7.0153,-1.4911
9638.4,284.75,9636.7,283.48,31.278,-5.1818,-6.845,-1.0701
9669.5,282.11,9668.4,281,26.665,-4.3615,-6.4806,-0.52791
9697.1,280.16,9696,279.17,22.638,-3.2334,-5.952,0.0057107
9720.5,279.6,9719.5,278.7,19.059,-1.5255,-5.3426,0.62042
9740.3,278.3,9739,278.23,15.464,-0.30726,-4.8944,0.96631
9755.1,277.69,9754.3,278.23,11.856,0.90147,-4.5189,1.2632
9766.5,277.76,9765.8,278.45,8.533,1.602,-4.1122,1.2962
9770,278.49,9771,279.28,3.9817,2.2928,-4.1072,1.3057
9771.4,278.5,9772.1,279.51,-0.39791,2.1003,-4.0773,0.99301
9772.1,277.79,9771.3,278.93,-3.5701,1.2765,-3.7581,0.52358
9776.4,277.82,9772.9,278.35,-3.6656,0.43847,-2.6572,0.099761
9777.8,277.83,9774.7,277.92,-2.6385,-0.14467,-1.4153,-0.1691
9778.5,278.54,9776.5,278.13,-0.9452,-0.22645,-0.17332,-0.23209
9778.5,278.54,9778.1,278.25,0.90789,-0.27764,0.919,-0.25086
9778.5,278.54,9779.4,278.32,2.5571,-0.30843,1.7377,-0.24462
9778.5,278.54,9780.4,278.42,3.7274,-0.2265,2.2153,-0.18271
9778.5,278.54,9780.8,278.47,3.9413,-0.171,2.1979,-0.13449
9778.5,278.54,9780.5,278.45,3.3154,-0.18866,1.7934,-0.12203
9777.8,279.24,9779.3,279.02,1.824,0.19084,1.0689,0.021977
9775.6,278.52,9776.8,278.81,-0.21904,0.056132,0.24168,-0.0069596
9775.6,278.52,9775.3,278.58,-1.2479,-0.1359,-0.17808,-0.069746
9775.6,278.52,9775.1,278.38,-0.80663,-0.31329,0.012433,-0.13068
9774.9,277.81,9775,277.88,-0.23764,-0.51047,0.25196,-0.1637
9774.9,277.81,9775.1,277.71,0.28389,-0.4011,0.42076,-0.089559
9774.9,277.81,9774.9,277.65,0.21983,-0.28166,0.31177,-0.034018
9774.9,277.81,9775,277.67,0.42211,-0.14144,0.32883,0.017395
9774.2,277.1,9774.7,277.21,0.33372,-0.32002,0.26566,-0.037818
9774.2,277.1,9774.6,277.05,0.32348,-0.24442,0.22924,-0.0018429
9774.2,277.1,9774.4,277.04,0.24046,-0.098883,0.16038,0.049373
9774.2,277.1,9774.3,277.09,0.081528,0.048059,0.064427,0.092715
9774.2,277.1,9774.2,277.15,-0.10608,0.14503,-0.034623,0.11141
9774.2,277.1,9774.1,277.17,-0.22474,0.15779,-0.09416,0.095005
9774.2,277.1,9774.1,277.12,-0.12644,0.069241,-0.052947,0.039404
9774.2,277.1,9774.3,277.18,0.13092,0.13253,0.056821,0.057523
9774.2,277.1,9774.3,277.15,0.069318,0.070174,0.022347,0.022624
9774.2,277.1,9774.3,277.12,0.022831,0.023113,-0.00082021,-0.00083034
9774.2,277.1,9774.3,277.15,0.048813,0.049416,0.010688,0.01082
9774.2,277.1,9774.2,277.09,-0.031786,-0.032179,-0.024265,-0.024565
9774.2,277.1,9774.2,277.04,-0.092875,-0.094022,-0.048064,-0.048658
9774.2,277.1,9774.2,277.03,-0.097413,-0.098617,-0.045932,-0.046499
9774.2,277.1,9774.2,277.1,0,0,-3.4106e-13,-1.4211e-14
9773.5,276.39,9773.8,276.62,-0.2421,-0.24509,-0.066601,-0.067424
9772.8,275.68,9773,275.88,-0.56233,-0.56928,-0.14714,-0.14896
9772.1,276.38,9772.2,275.97,-0.85468,-0.37503,-0.20903,-0.076754
9771.4,275.67,9771.3,275.63,-1.0517,-0.41624,-0.23349,-0.073286
9770.7,276.37,9770.5,275.99,-1.1328,-0.070667,-0.21735,0.038458
9770,275.66,9769.8,275.79,-1.0992,-0.067394,-0.16506,0.045178
9770,275.66,9769.6,275.72,-0.73708,-0.0013323,-0.022984,0.066518
9770,275.66,9769.7,275.72,-0.2516,0.07459,0.13954,0.085127
9770,275.66,9769.9,275.73,0.20244,0.12458,0.2718,0.089989
9770,275.66,9770.2,275.73,0.52066,0.12999,0.34171,0.076426
9770,275.66,9770.3,275.71,0.64901,0.089302,0.33583,0.046095
9769.3,276.36,9769.9,276.14,0.33876,0.26023,0.19189,0.073589
9769.3,276.36,9769.5,276.36,0.047707,0.26947,0.054431,0.053979
9769.3,276.36,9769.3,276.46,-0.18266,0.22187,-0.053608,0.02716
9769.3,276.36,9769.1,276.54,-0.25202,0.23103,-0.087514,0.036271
9769.3,276.36,9769.1,276.53,-0.25433,0.16309,-0.091514,0.015639
9769.3,276.36,9769.1,276.38,-0.1894,-0.071329,-0.066199,-0.075014
9769.3,276.36,9769.2,276.33,-0.071846,-0.11479,-0.018913,-0.077453
9769.3,276.36,9769.3,276.21,0.067301,-0.26132,0.036157,-0.12759
9769.3,276.36,9769.4,276.26,0.1642,-0.16219,0.071281,-0.070411
9769.3,276.36,9769.4,276.27,0.12173,-0.12024,0.045669,-0.045111
9769.3,276.36,9769.3,276.31,0.049416,-0.048813,0.01082,-0.010688
9769.3,276.36,9769.3,276.37,-0.032179,0.031786,-0.024565,0.024265
9769.3,276.36,9769.2,276.42,-0.094022,0.092875,-0.048658,0.048064
9769.3,276.36,9769.2,276.43,-0.098617,0.097413,-0.046499,0.045932
9769.3,276.36,9769.3,276.36,-1.3642e-12,-1.4211e-14,-6.8212e-13,-1.7764e-14
9769.3,276.36,9769.3,276.36,-1.3642e-12,-1.4211e-14,-6.8212e-13,-1.7764e-14
9769.3,276.36,9769.3,276.36,-1.3642e-12,-1.4211e-14,-6.8212e-13,-1.7764e-14
9769.3,276.36,9769.3,276.36,-1.3642e-12,-1.4211e-14,-6.8212e-13,-1.7764e-14
9769.3,276.36,9769.3,276.36,-1.3642e-12,-1.4211e-14,-6.8212e-13,-1.7764e-14
9769.3,276.36,9769.3,276.36,-1.3642e-12,-1.4211e-14,-6.8212e-13,-1.7764e-14
9769.3,276.36,9769.3,276.36,-1.3642e-12,-1.4211e-14,-6.8212e-13,-1.7764e-14
9769.3,276.36,9769.3,276.36,-1.3642e-12,-1.4211e-14,-6.8212e-13,-1.7764e-14
9769.3,276.36,9769.3,276.36,-1.3642e-12,-1.4211e-14,-6.8212e-13,-1.7764e-14
9769.3,276.36,9769.3,276.36,-1.3642e-12,-1.4211e-14,-6.8212e-13,-1.7764e-14
9769.3,276.36,9769.3,276.36,-1.3642e-12,-1.4211e-14,-6.8212e-13,-1.7764e-14
9769.3,276.36,9769.3,276.36,-1.3642e-12,-1.4211e-14,-6.8212e-13,-1.7764e-14
9769.3,276.36,9769.3,276.36,-1.3642e-12,-1.4211e-14,-6.8212e-13,-1.7764e-14
9769.3,276.36,9769.3,276.36,-1.3642e-12,-1.4211e-14,-6.8212e-13,-1.7764e-14
9769.3,276.36,9769.3,276.36,-1.3642e-12,-1.4211e-14,-6.8212e-13,-1.7764e-14
9769.3,276.36,9769.3,276.36,-1.3642e-12,-1.4211e-14,-6.8212e-13,-1.7764e-14
9769.3,276.36,9769.3,276.36,-1.3642e-12,-1.4211e-14,-6.8212e-13,-1.7764e-14
9769.3,276.36,9769.3,276.36,-1.3642e-12,-1.4211e-14,-6.8212e-13,-1.7764e-14
9769.3,276.36,9769.3,276.36,-1.3642e-12,-1.4211e-14,-6.8212e-13,-1.7764e-14
9769.3,276.36,9769.3,276.36,-1.3642e-12,-1.4211e-14,-6.8212e-13,-1.7764e-14
9769.3,276.36,9769.3,276.36,-1.3642e-12,-1.4211e-14,-6.8212e-13,-1.7764e-14
9769.3,276.36,9769.3,276.36,-1.3642e-12,-1.4211e-14,-6.8212e-13,-1.7764e-14
9769.3,276.36,9769.3,276.36,-1.3642e-12,-1.4211e-14,-6.8212e-13,-1.7764e-14
9769.3,276.36,9769.3,276.36,-1.3642e-12,-1.4211e-14,-6.8212e-13,-1.7764e-14
9769.3,276.36,9769.3,276.36,-1.3642e-12,-1.4211e-14,-6.8212e-13,-1.7764e-14
9769.3,276.36,9769.3,276.36,-1.3642e-12,-1.4211e-14,-6.8212e-13,-1.7764e-14
9769.3,276.36,9769.3,276.36,-1.3642e-12,-1.4211e-14,-6.8212e-13,-1.7764e-14
9769.3,276.36,9769.3,276.36,-1.3642e-12,-1.4211e-14,-6.8212e-13,-1.7764e-14
9769.3,276.36,9769.3,276.36,-1.3642e-12,-1.4211e-14,-6.8212e-13,-1.7764e-14
9769.3,276.36,9769.3,276.36,-1.3642e-12,-1.4211e-14,-6.8212e-13,-1.7764e-14
9769.3,276.36,9769.3,276.36,-1.3642e-12,-1.4211e-14,-6.8212e-13,-1.7764e-14
9769.3,276.36,9769.3,276.36,-1.3642e-12,-1.4211e-14,-6.8212e-13,-1.7764e-14
9769.3,276.36,9769.3,276.36,-1.3642e-12,-1.4211e-14,-6.8212e-13,-1.7764e-14
9769.3,276.36,9769.3,276.36,-1.3642e-12,-1.4211e-14,-6.8212e-13,-1.7764e-14
9769.3,276.36,9769.3,276.36,-1.3642e-12,-1.4211e-14,-6.8212e-13,-1.7764e-14
9769.3,276.36,9769.3,276.36,-1.3642e-12,-1.4211e-14,-6.8212e-13,-1.7764e-14
9769.3,276.36,9769.3,276.36,-1.3642e-12,-1.4211e-14,-6.8212e-13,-1.7764e-14
9769.3,276.36,9769.3,276.36,-1.3642e-12,-1.4211e-14,-6.8212e-13,-1.7764e-14
9769.3,276.36,9769.3,276.36,-1.3642e-12,-1.4211e-14,-6.8212e-13,-1.7764e-14
9769.3,276.36,9769.3,276.36,-1.3642e-12,-1.4211e-14,-6.8212e-13,-1.7764e-14
9769.3,276.36,9769.3,276.36,-1.3642e-12,-1.4211e-14,-6.8212e-13,-1.7764e-14
9769.3,276.36,9769.3,276.36,-1.3642e-12,-1.4211e-14,-6.8212e-13,-1.7764e-14
9769.3,276.36,9769.3,276.36,-1.3642e-12,-1.4211e-14,-6.8212e-13,-1.7764e-14
9769.3,276.36,9769.3,276.36,-1.3642e-12,-1.4211e-14,-6.8212e-13,-1.7764e-14
9769.3,276.36,9769.3,276.36,-1.3642e-12,-1.4211e-14,-6.8212e-13,-1.7764e-14
9769.3,276.36,9769.3,276.36,-1.3642e-12,-1.4211e-14,-6.8212e-13,-1.7764e-14
9769.3,276.36,9769.3,276.36,-1.3642e-12,-1.4211e-14,-6.8212e-13,-1.7764e-14
9769.3,276.36,9769.3,276.36,-1.3642e-12,-1.4211e-14,-6.8212e-13,-1.7764e-14
9769.3,276.36,9769.3,276.36,-1.3642e-12,-1.4211e-14,-6.8212e-13,-1.7764e-14
9769.3,276.36,9769.3,276.36,-1.3642e-12,-1.4211e-14,-6.8212e-13,-1.7764e-14
9769.3,276.36,9769.3,276.36,-1.3642e-12,-1.4211e-14,-6.8212e-13,-1.7764e-14
9769.3,276.36,9769.3,276.36,-1.3642e-12,-1.4211e-14,-6.8212e-13,-1.7764e-14
9769.3,276.36,9769.3,276.36,-1.3642e-12,-1.4211e-14,-6.8212e-13,-1.7764e-14
9769.3,276.36,9769.3,276.36,-1.3642e-12,-1.4211e-14,-6.8212e-13,-1.7764e-14
9769.3,276.36,9769.3,276.36,-1.3642e-12,-1.4211e-14,-6.8212e-13,-1.7764e-14
9769.3,276.36,9769.3,276.36,-1.3642e-12,-1.4211e-14,-6.8212e-13,-1.7764e-14
9769.3,276.36,9769.3,276.36,-1.3642e-12,-1.4211e-14,-6.8212e-13,-1.7764e-14
9769.3,276.36,9769.3,276.36,-1.3642e-12,-1.4211e-14,-6.8212e-13,-1.7764e-14
9768.6,275.65,9768.8,275.88,-0.2421,-0.24509,-0.066601,-0.067424
9767.2,274.23,9767.6,274.66,-0.80443,-0.81437,-0.21375,-0.21639
9763,271.37,9764.1,272.09,-2.3854,-1.9247,-0.62258,-0.49541
9756.6,266.38,9758.1,267.43,-4.882,-3.8037,-1.2309,-0.94816
9748.2,257.85,9749.4,259.4,-8.0015,-6.8661,-1.9241,-1.6611
9739.7,253.55,9739.6,252.66,-10.667,-8.3453,-2.3791,-1.8311
9729.2,247.12,9728.4,245.72,-13.021,-9.2102,-2.6434,-1.7669
9718.6,240.69,9717,239.02,-14.399,-9.3117,-2.5452,-1.451
9705.9,232.13,9704.5,231.29,-15.336,-9.4676,-2.2717,-1.1441
9690.4,226.38,9689.9,225.01,-16.478,-8.4482,-2.0349,-0.52531
9674.2,219.91,9673.9,219.16,-17.458,-7.1388,-1.7539,0.10428
9659.4,209.22,9658.5,210.58,-17.465,-7.3952,-1.2383,0.20023
9641,203.45,9641.1,203.58,-18.079,-6.84,-0.97703,0.44665
9623.4,194.15,9623.2,195.06,-18.592,-7.3241,-0.77071,0.31227
9606.5,185.56,9605.7,186.1,-18.601,-8.0655,-0.49584,0.070014
9591.7,174.86,9590.1,175.57,-17.481,-9.5351,0.025402,-0.37357
9572,167.67,9572.4,166.77,-17.356,-9.6919,0.22746,-0.38523
9557.2,156.97,9556.7,156.96,-16.035,-10.035,0.72174,-0.3828
9541.7,145.56,9541.8,146.2,-14.64,-10.486,1.1483,-0.35672
9521.9,138.37,9523.9,137.25,-15.265,-10.128,0.88801,-0.20374
9500.8,131.17,9503.4,129.87,-17.325,-8.8092,0.21007,0.24011
9478.9,123.25,9480.8,122.76,-20.254,-7.5795,-0.69488,0.60957
9457,112.51,9457.5,113.81,-22.775,-7.5178,-1.3604,0.62119
9435.2,103.19,9434.4,104.21,-24.314,-8.1572,-1.6112,0.34291
9412.6,94.563,9411.2,95.012,-25.245,-8.497,-1.6259,0.18117
9390,84.525,9388.3,85.304,-25.507,-8.8898,-1.4207,0.067497
9368.9,75.909,9367,75.653,-24.106,-9.5874,-0.65786,-0.2274
9348.4,68.005,9347,67.204,-22.059,-9.2956,0.20026,-0.1433
9330.1,60.822,9329,59.758,-19.379,-8.5379,1.0982,0.064616
9313.1,55.061,9312.6,53.978,-16.579,-6.9408,1.852,0.52311
9300.5,47.912,9300,47.766,-12.511,-6.1092,2.8611,0.67174
9284.9,46.402,9286.2,45.427,-10.893,-3.26,2.8565,1.4349
9276.5,42.107,9276.3,42.869,-8.295,-1.3461,3.0368,1.8203
9272.9,39.964,9271.9,40.714,-3.9123,-0.37878,3.6932,1.7482
9265.2,34.967,9266.8,36.794,-1.481,-1.0074,3.6886,1.1927
9260.2,35.643,9262.5,35.592,-0.11659,-0.43723,3.318,1.0232
9257.4,37.04,9259.3,36.524,0.60935,0.98443,2.7438,1.1526
9255.3,37.734,9256.8,37.698,0.73312,1.8301,2.0376,1.0771
9252.4,36.303,9254,37.406,0.083354,1.4496,1.2182,0.67412
9249.6,36.285,9250.8,37.222,-1.0917,1.0931,0.38192,0.36613
9248.2,36.277,9248.3,36.872,-2.0251,0.49421,-0.25004,0.02123
9248.2,36.277,9247.2,36.486,-2.0852,-0.10233,-0.48664,-0.26425
9246.8,36.268,9246,36.128,-2.197,-0.58919,-0.63719,-0.46013
9246.8,36.268,9245.8,35.844,-1.6884,-0.91739,-0.51879,-0.56312
9246.8,36.268,9246,35.798,-1.0313,-0.88849,-0.33105,-0.50091
9246.1,36.971,9246.3,35.961,-0.11227,-0.97631,0.023589,-0.53535
9246.1,36.971,9246.2,36.446,-0.11421,-0.48753,-0.040228,-0.29718
9245.4,37.674,9245.3,37.329,-0.71748,0.19451,-0.30784,-0.019729
9244.7,38.376,9244.8,38.617,-0.68151,1.174,-0.24826,0.35984
9243.9,39.079,9244,39.305,-0.97755,1.1555,-0.32505,0.28265
9242.5,40.485,9242.5,40.342,-1.6425,1.1653,-0.51638,0.19494
9241.1,41.89,9240.8,41.728,-2.1764,1.3707,-0.62754,0.1937
9239,41.17,9238.8,41.964,-2.5237,1.0466,-0.62033,0.087838
9236.1,42.567,9236.2,42.668,-2.9466,0.88696,-0.60906,0.0058086
9231.9,43.955,9232.3,43.756,-3.9318,0.9316,-0.76798,-0.0093117
9226.9,43.217,9227.2,43.651,-5.1889,0.34983,-0.98902,-0.18926
9221.3,46.011,9221.4,45.262,-6.2612,0.79058,-1.0905,-0.059566
9213.5,49.499,9213.7,48.381,-7.901,1.9482,-1.3474,0.26492
9206.4,46.627,9205.9,48.002,-8.9858,1.0646,-1.398,-0.003619
9191.6,47.243,9193.1,47.826,-12.014,0.41333,-1.9402,-0.19121
9175.3,46.436,9176.7,47.003,-15.871,-0.36643,-2.6399,-0.3767
9161.2,46.349,9160.4,46.283,-18.291,-0.92865,-2.8187,-0.49054
9146.3,45.551,9144.4,45.306,-19.451,-1.4233,-2.5874,-0.56342
9132.2,44.05,9129.4,43.806,-19.105,-1.9861,-1.9239,-0.63782
9115.9,41.829,9114.1,41.601,-18.368,-2.6982,-1.1875,-0.74118
9101.1,39.616,9099.6,39.25,-16.898,-3.1092,-0.33473,-0.71577
9084.8,37.395,9084.6,37.097,-15.627,-2.9829,0.34846,-0.48666
9070,35.183,9070.3,34.843,-14.211,-2.9049,0.94311,-0.32978
9054.5,33.673,9055.5,33.201,-13.323,-2.3773,1.2535,-0.058988
9038.9,32.163,9040.3,31.968,-13.212,-1.6093,1.2039,0.25674
9022.7,31.356,9024,30.912,-14.041,-1.2397,0.79424,0.31946
9006.4,30.549,9007.2,30.195,-15.268,-0.80781,0.26144,0.38578
8990.1,29.742,8990.1,30.107,-16.553,0.22292,-0.25662,0.71298
8973.2,26.81,8973.3,28.114,-16.827,-0.31039,-0.26949,0.47163
8954.8,23.869,8955.4,25.197,-17.454,-1.2992,-0.35569,0.12014
8933.6,20.91,8934.9,21.624,-19.442,-2.6056,-0.85418,-0.32017
8912.4,17.951,8913.1,17.931,-21.484,-3.6835,-1.297,-0.63683
8890.5,15.696,8890.4,14.875,-23.348,-4.071,-1.6268,-0.69457
8869.3,12.737,8868.2,11.92,-24.054,-4.1082,-1.527,-0.60452
8848.1,9.7783,8846.5,9.0991,-24.074,-3.8717,-1.2361,-0.41774
8827.6,6.1169,8826,5.9479,-23.05,-3.6674,-0.63707,-0.23569
8809.3,3.1757,8807.3,3.0839,-21.045,-3.2324,0.14902,-0.002983
8793.7,0.25181,8791.8,0.30479,-17.694,-2.8369,1.2212,0.17223
8779.6,-1.2492,8778.6,-1.5217,-13.921,-2.0726,2.2483,0.40519
8767.6,-3.4443,8767.6,-3.4371,-10.118,-1.6708,3.0984,0.4671
8761.3,-5.6046,8760.9,-5.4563,-5.5896,-1.5502,3.9309,0.41521
8752.7,2.5846e-13,8754.4,-2.3315,-2.8497,1.0831,4.0419,1.0502
