0,0,NaN,NaN,NaN,NaN,NaN,NaN
50.652,12.625,NaN,NaN,NaN,NaN,NaN,NaN
109.55,28.985,NaN,NaN,NaN,NaN,NaN,NaN
178.24,46.5,NaN,NaN,NaN,NaN,NaN,NaN
253.8,68.098,NaN,NaN,NaN,NaN,NaN,NaN
336.91,90.69,NaN,NaN,NaN,NaN,NaN,NaN
427.06,115.14,NaN,NaN,NaN,NaN,NaN,NaN
527.85,141.25,NaN,NaN,NaN,NaN,NaN,NaN
636.55,169.72,NaN,NaN,NaN,NaN,NaN,NaN
754.51,200.21,NaN,NaN,NaN,NaN,NaN,NaN
880.88,232.2,NaN,NaN,NaN,NaN,NaN,NaN
1013.3,267.77,NaN,NaN,NaN,NaN,NaN,NaN
1156.7,306.37,NaN,NaN,NaN,NaN,NaN,NaN
1305.4,345.81,NaN,NaN,NaN,NaN,NaN,NaN
1465.2,386.05,1465.3,386.54,163.33,42.636,8.4957,2.1793
1637.9,428.12,1636.3,429.02,173.55,44.348,8.9855,2.1017
1818.4,468.95,1817.1,470.73,184,44.553,9.4622,1.5806
2006,509.4,2005.9,511.45,193.56,43.632,9.5931,0.81163
2198.6,549.32,2200.6,550.84,201.45,41.59,9.2668,-0.20948
2395.2,584.58,2399.1,586.6,206.92,37.928,8.3119,-1.4976
2597.7,617.59,2601.6,619.04,210.76,33.37,7.0148,-2.8079
2810.5,650.9,2811.6,650.39,214.9,29.604,5.9028,-3.6362
3026.4,679.04,3026.6,678.41,218.56,25.578,4.8354,-4.3091
3248.1,701.33,3247.1,701.4,222.28,20.757,3.9755,-4.9747
3473.8,716.73,3472.5,717.79,226.22,14.674,3.4175,-5.7734
3703.8,723.03,3702.8,725.11,230.69,6.3348,3.2738,-7.0235
3939.5,731.53,3938.4,730.08,235.7,-0.079374,3.406,-7.5122
4177.9,733.51,4178.1,731.06,240.83,-5.4426,3.7263,-7.5166
4417.5,731.53,4419.1,728.49,244,-9.6769,3.4384,-7.0963
4653.1,728.37,4656.7,724.35,243.05,-12.073,1.9502,-6.1472
4887.4,719.72,4891.1,716.96,239.36,-13.792,-0.10398,-5.0314
5124.9,715.35,5125.7,711.36,235.83,-12.693,-1.7971,-3.2567
5360.8,713.56,5360.1,709.19,232.84,-8.8177,-2.9529,-0.94997
5597.3,710.91,5595.1,708.74,231.26,-3.8856,-3.3542,1.3444
5828.7,711.03,5827.4,710.38,228.98,1.1722,-3.7351,3.2041
6053.3,710.67,6053.6,711.93,224.43,4.446,-4.6192,4.0515
6278.9,716.64,6278.1,717.31,220.95,8.3336,-4.9057,4.7631
6500.9,728.64,6499.8,728.38,217.74,13.546,-4.9559,5.5965
6716.4,743.75,6716.4,744.16,213.65,19.241,-5.1325,6.3616
6925.9,766.95,6926.7,767.06,208.13,26.355,-5.6431,7.3309
7124.6,790.72,7126.8,792.38,199.42,31.237,-6.992,7.2931
7316.8,817.6,7318.1,820.47,189.35,35.089,-8.5101,6.9106
7508.3,847.57,7506,850.97,181.51,37.804,-9.1028,6.1851
7692.3,876.55,7689.4,881.07,175.51,38.205,-8.8608,4.8474
7865.3,902.5,7864.2,908.35,168.76,35.93,-8.7029,2.9635
8027.3,925.41,8028,930.78,159.73,30.122,-9.1841,0.21516
8177.1,943.4,8179.2,947.43,148.46,21.782,-10.163,-2.8732
8314.5,958.71,8316.9,960.12,135.01,13.395,-11.593,-5.3969
8442.7,977.83,8443.7,974.32,121.85,8.3939,-12.62,-6.431
8560.5,993.05,8560.1,988.45,109.38,6.0079,-13.188,-6.258
8667.5,1006.6,8665.5,1002,96.829,5.1432,-13.72,-5.4768
8763.6,1017.1,8760.5,1013.8,85.024,4.9569,-13.885,-4.4308
8849.1,1020.2,8845.6,1020.2,74.514,3.2954,-13.499,-3.7916
8921.3,1020,8919.3,1021.4,64.331,-0.04355,-12.894,-3.7409
8981.1,1017.2,8981.1,1018.6,54.444,-3.7191,-12.087,-3.7716
9029.8,1013.5,9030.8,1013.4,43.846,-7.2845,-11.599,-3.8632
9067.8,1008.2,9068.2,1006.4,31.968,-10.49,-11.728,-3.9402
9095.9,1003.9,9095.1,1000.2,20.328,-11.675,-11.845,-3.4357
9117.4,999.19,9114.5,995.16,10.783,-10.853,-11.354,-2.3514
9131.1,995.7,9127.3,992.25,3.3931,-7.9656,-10.284,-0.7339
9135,991.05,9132.5,990.07,-2.865,-4.3338,-8.9675,0.96947
9135,991.05,9132.7,990.78,-7.0902,0.24266,-7.2373,2.6348
9137.6,992.58,9133.4,993.04,-7.5712,3.9098,-4.7884,3.5721
9138.6,990.86,9134.6,993.67,-5.4871,5.3419,-2.0595,3.6141
9139.1,990,9136.5,993.12,-2.0131,4.8811,0.52968,2.9179
9139.1,990,9138.6,992.31,1.6338,3.6454,2.6063,1.9775
9136.5,988.47,9138.7,990.67,3.7864,2.0233,3.7398,1.0771
9128.4,982.51,9133.9,985.4,2.9348,-1.3898,3.6673,-0.2086
9113.5,972.46,9121.5,975.53,-2.0185,-6.4854,2.2249,-1.7719
9094.7,959,9102.1,961.19,-9.7912,-12.599,-0.040674,-3.379
9071.6,942.99,9076.7,943.54,-19.041,-18.483,-2.5688,-4.6179
9048.7,924.74,9049.3,923.43,-26.911,-23.515,-4.4304,-5.3614
9021.4,906.18,9019.1,903.01,-33.49,-26.351,-5.6311,-5.2367
8995.2,883.66,8990.2,880.73,-36.265,-28.172,-5.393,-4.695
8966.1,864.07,8961.8,860.24,-35.94,-27.281,-3.9995,-3.3346
8939.3,838.82,8935.5,837.03,-32.932,-27.177,-1.8941,-2.3778
8915.1,812.86,8912,812.24,-28.352,-27.099,0.32314,-1.5449
8891.7,789.65,8890.5,788.88,-23.273,-25.493,2.3232,-0.37361
8868.3,766.43,8869.3,765.97,-19.422,-23.855,3.5335,0.53335
8848.3,745.26,8849.7,744.43,-16.402,-22.046,4.1009,1.211
8830.9,725.62,8832.1,724.68,-13.878,-19.885,4.2482,1.7929
8815.7,706.14,8816.9,706.07,-11.439,-17.687,4.2434,2.2745
8803.1,688.19,8804.3,688.8,-8.8251,-15.475,4.2358,2.6578
8792.2,671.26,8793.7,672.55,-6.6575,-13.585,4.0285,2.8472
8783,655.36,8784.7,657.06,-4.9559,-12.255,3.6677,2.7811
8774.7,639.96,8776.4,641.83,-4.2768,-11.718,2.9848,2.4202
8768.3,623.36,8769.7,625.48,-3.5271,-12.601,2.4411,1.6224
8763.1,608.63,8764,609.76,-3.152,-13.386,1.8392,0.94347
8759.2,593.56,8759.9,593.81,-2.4391,-14.691,1.4773,0.14896
8754.9,579.34,8755.7,579.09,-2.5629,-14.811,0.91335,-0.064669
8752.4,563.92,8752.4,564.02,-2.6679,-15.037,0.42783,-0.21888
8749.8,550.73,8749.6,550.03,-2.6133,-14.788,0.12579,-0.22132
8749,536.32,8748.5,536.03,-1.7783,-14.513,0.16634,-0.16423
8750.9,523.45,8749.6,522.85,-0.17831,-13.94,0.43002,-0.028998
8747.5,507.52,8748.4,508.07,-0.29957,-14.334,0.21415,-0.16308
8752.1,493.95,8750.9,493.98,1.321,-14.249,0.5121,-0.1269
8749.6,478.53,8750.7,478.94,0.96124,-14.738,0.23347,-0.26489
8752,464.79,8751.9,464.49,1.2505,-14.862,0.17098,-0.29439
8756,452.08,8755.1,451.13,2.3424,-14.419,0.34708,-0.16533
8760.9,439.89,8759.9,438.83,3.9306,-13.468,0.65897,0.10882
8762.9,424.78,8763.4,425.22,4.2602,-13.267,0.57778,0.18276
8764.6,408.31,8765.7,409.6,3.6783,-14.268,0.24785,-0.11662
8770.5,394.39,8770.1,394.7,4.1417,-14.679,0.24308,-0.21404
8775.2,378.59,8775,378.96,4.7635,-15.44,0.32004,-0.40474
8779.1,362.28,8779.4,362.59,4.7925,-16.261,0.21353,-0.57039
8782.1,345.46,8782.8,345.39,4.2774,-17.411,-0.016676,-0.84379
8788.2,329.31,8787.6,328.57,4.3512,-17.909,-0.088551,-0.86816
8792.9,313.51,8792.4,312.3,4.2744,-17.871,-0.1927,-0.72863
8797.3,296.34,8797.3,295.88,4.673,-17.458,-0.037959,-0.41106
8799.6,276.78,8800.2,277.45,3.5111,-18.092,-0.4316,-0.44008
8803.1,259.1,8803.6,259.42,3.4732,-18.141,-0.31289,-0.27535
8809.6,244.32,8808.6,243.31,3.9149,-17.27,-0.17345,0.062139
8815.2,229.03,8814.1,227.97,4.4026,-16.293,-0.063117,0.34199
8816.8,212.56,8817.3,212.26,3.6658,-15.761,-0.2826,0.44955
8823.6,199.15,8822.9,198.58,4.6744,-14.142,0.087938,0.89125
8829.5,185.23,8829.2,185.42,5.806,-12.675,0.44661,1.2279
8834.6,170.8,8834.7,171.65,5.9611,-12.251,0.40058,1.1488
8839.7,156.37,8840.1,157.6,6.021,-12.216,0.35455,0.96927
8844.8,141.94,8845.4,143.16,5.9841,-12.653,0.29799,0.65188
8851.6,128.53,8851.6,129.06,6.3509,-13.077,0.34564,0.34639
8858.4,115.12,8858,115.06,6.4098,-13.636,0.22883,0.0068401
8865.5,103.08,8865.1,102.15,6.8175,-13.605,0.25497,-0.11703
8873.7,89.325,8873.2,89.016,7.7022,-13.505,0.44018,-0.12518
8881.3,76.427,8881.6,76.416,8.6325,-12.899,0.6622,0.089164
8889,63.528,8889.6,63.703,8.9369,-12.608,0.63632,0.16136
8897.5,51.14,8897.7,51.092,8.8565,-12.542,0.43762,0.11592
8907.2,40.633,8907.1,40.024,9.377,-11.662,0.46263,0.32645
8916.5,30.986,8916.8,30.351,10.108,-10.253,0.6034,0.67433
8925.5,23.569,8925.8,22.484,9.8019,-8.5576,0.32791,0.99261
8931.9,22.682,8933,20.074,8.5471,-4.5604,-0.1516,1.9154
8940.2,12.524,8940.5,14.192,7.7907,-3.425,-0.40216,1.9466
8946.7,9.4069,8947.1,10.435,6.795,-1.8571,-0.65914,2.055
8951.7,8.8691,8952.2,9.246,5.3698,0.19376,-0.97995,2.236
8956.1,9.1913,8956.3,9.5798,3.7347,1.9473,-1.3233,2.2457
8960.3,8.143,8959.8,9.4351,2.4674,2.4532,-1.4844,1.8632
8966.9,2.7953,8965.1,5.6728,2.6661,0.35335,-1.1855,0.76125
8969.1,2.9564,8968.6,3.6526,2.2308,-0.68195,-1.0618,0.11766
8972.4,1.3977,8972,1.4895,2.2345,-1.7768,-0.78277,-0.43585
8974.3,0.18835,8974.5,-0.30062,2.0527,-2.4034,-0.57372,-0.72003
8975.6,-0.16106,8976,-1.1762,1.5426,-2.2932,-0.51134,-0.69373
8977,-0.51048,8977.1,-1.5281,0.90687,-1.8329,-0.5373,-0.5258
8977.9,1.9144e-12,8977.8,-0.97109,0.33378,-0.87489,-0.55356,-0.19559
8977.9,1.9144e-12,8977.8,-0.49455,-0.30382,-0.24091,-0.58976,-0.0076976
8977.9,1.9144e-12,8977.7,-0.30529,-0.57183,-0.0971,-0.48965,-0.020225
8977.9,1.9144e-12,8977.4,0.70754,-0.92163,1.1463,-0.47418,0.47394
8977.9,1.9144e-12,8977.4,0.77385,-0.76533,1.0366,-0.28296,0.36826
8977.9,1.9144e-12,8977.6,0.34672,-0.2709,0.31425,0.0042441,0.023171
8977.9,1.9144e-12,8977.9,-0.18703,0.22557,-0.45389,0.24441,-0.30632
8977.9,1.9144e-12,8978.1,-0.38605,0.48499,-0.68426,0.34723,-0.3754
8977.9,1.9144e-12,8978,-0.12863,0.29578,-0.27213,0.23811,-0.16124
8977.9,1.9144e-12,8978.1,-0.28689,0.51891,-0.45476,0.31241,-0.22411
8977.9,1.9144e-12,8978.1,-0.17963,0.44408,-0.26507,0.2509,-0.12277
8977.9,1.9144e-12,8978.1,-0.054786,0.40996,-0.071523,0.21298,-0.029109
