0,0,NaN,NaN,NaN,NaN,NaN,NaN
79.912,-9.7494,NaN,NaN,NaN,NaN,NaN,NaN
172.76,-26.62,NaN,NaN,NaN,NaN,NaN,NaN
281.61,-42.641,NaN,NaN,NaN,NaN,NaN,NaN
404.45,-60.793,NaN,NaN,NaN,NaN,NaN,NaN
540.25,-82.067,NaN,NaN,NaN,NaN,NaN,NaN
679.05,-104.37,NaN,NaN,NaN,NaN,NaN,NaN
823.84,-127.73,NaN,NaN,NaN,NaN,NaN,NaN
970.61,-153.1,NaN,NaN,NaN,NaN,NaN,NaN
1123.4,-179.54,NaN,NaN,NaN,NaN,NaN,NaN
1290.1,-207.1,NaN,NaN,NaN,NaN,NaN,NaN
1465.9,-233.75,NaN,NaN,NaN,NaN,NaN,NaN
1650.6,-260.48,NaN,NaN,NaN,NaN,NaN,NaN
1840.4,-286.26,NaN,NaN,NaN,NaN,NaN,NaN
2030.2,-311.04,2029.1,-311.69,194.58,-25.129,5.1162,0.99073
2219,-334.81,2223.1,-335.3,199.44,-23.491,5.0879,1.4264
2409.8,-355.6,2416.1,-355.99,200.89,-20.531,4.1027,2.2086
2602.6,-377.41,2607.9,-376.64,199.12,-18.703,2.1662,2.4559
2788.4,-397.15,2793.5,-396.12,192.42,-17.112,-1.0499,2.5388
2976.2,-414.91,2976.9,-413.95,184.69,-15.47,-4.182,2.576
3159.1,-431.63,3157.4,-430.69,177.45,-14.263,-6.4742,2.4079
3339,-446.31,3335.6,-445.8,171.7,-13.092,-7.6822,2.1972
3527.9,-458.08,3520.4,-458.25,172.58,-11.278,-6.4146,2.1834
3718.8,-467.87,3710.9,-468.2,177.94,-9.0459,-3.7334,2.288
3912.8,-469.69,3906.1,-471.78,185.23,-4.4908,-0.80974,3.0286
4104.7,-473.49,4102,-473.75,191.64,-0.732,1.4865,3.4422
4288.7,-475.22,4292,-474.15,193.1,2.3099,1.974,3.5922
4463.7,-476.86,4471.7,-474.47,188.39,3.8586,0.53234,3.2637
4633.7,-478.45,4642.3,-475.43,179.65,3.815,-1.9555,2.4805
4797.8,-472.99,4804.4,-472.54,168.23,4.8595,-4.9686,2.0397
4961.9,-464.53,4962.5,-465.83,157.4,6.8065,-7.5271,1.8656
5122,-455.03,5117.8,-456.3,148.47,9.3461,-9.1527,1.9478
5276.1,-444.47,5270.3,-445.09,142.43,11.621,-9.4011,1.9729
5427.2,-430.88,5420.8,-431.36,139.1,14.201,-8.5701,2.1195
5573.4,-415.25,5569.1,-415.2,138.5,17.045,-6.6579,2.3782
5717.5,-398.6,5715.7,-397.65,139.6,19.435,-4.3029,2.4963
5864.7,-380.98,5862.6,-379.41,141.59,20.922,-2.1892,2.3173
6008.9,-362.33,6008.1,-360.77,142.98,21.423,-0.69799,1.8246
6148.1,-342.64,6149,-342.06,141.72,20.703,-0.41952,0.91755
6280.2,-322.88,6283.2,-322.72,137.35,20.218,-1.209,0.28627
6400.5,-302,6406.4,-302.47,128.98,20.071,-3.0154,-0.10553
6514.7,-281.07,6520.5,-281.43,118.7,20.463,-5.0928,-0.16943
6621.9,-260.07,6625.8,-260.05,107.28,21.014,-7.2205,-0.093071
6725.1,-238.04,6725.4,-238.46,96.883,21.1,-8.7436,-0.2204
6823.3,-212.96,6820.1,-214.52,87.834,22.251,-9.6798,-0.015667
6910.5,-187.78,6907.2,-189.07,79.281,23.986,-10.16,0.39019
6993.8,-159.56,6989.8,-160.94,73.175,26.676,-9.6316,1.0463
7071.1,-131.28,7067.7,-131.76,68.914,29.015,-8.4392,1.4977
7142.3,-102.95,7140.7,-102.37,65.908,30.581,-6.8715,1.6512
7211.6,-72.594,7210.3,-71.873,63.931,31.96,-5.2467,1.7049
7273.9,-45.176,7273.8,-43.119,60.387,31.671,-4.4804,1.2554
7329.2,-15.693,7330.2,-14.306,55.186,30.981,-4.4256,0.70584
7378.4,10.847,7379.7,12.471,48.802,29.006,-4.8217,-0.15249
7423.7,38.424,7424.1,38.908,42.733,27.111,-5.1066,-0.865
7464.9,64.038,7464.8,64.049,38.015,24.959,-4.8947,-1.5218
7502.1,86.691,7501.6,86.918,33.854,22.412,-4.5817,-2.1139
7537.3,107.36,7536,107.6,30.833,19.778,-4.0197,-2.5553
7569.5,124.06,7567.9,124.75,28.308,16.421,-3.473,-3.0675
7600.7,140.77,7598.6,140.29,27.052,13.467,-2.6682,-3.3718
7630.8,157.49,7629.3,155.75,27.582,11.872,-1.3946,-3.1834
7660,172.22,7659.3,170.21,28.442,10.732,-0.27563,-2.8679
7689.1,186.94,7689.2,184.77,29.677,10.697,0.72245,-2.2183
7716.2,199.69,7717.6,198.39,30.098,10.872,1.2354,-1.5551
7743.3,211.44,7744.7,210.87,29.53,10.877,1.1989,-1.0409
7770.4,223.18,7771.6,223.14,28.989,11.346,1.0931,-0.43566
7794.5,233.96,7796.4,234.34,27.615,11.239,0.72391,-0.1569
7818.6,242.73,7820.2,243.87,26.036,10.505,0.29976,-0.11922
7839.7,251.53,7841.4,252.21,23.518,9.1657,-0.37825,-0.37053
7859.7,255.35,7860.9,256.91,20.796,6.3505,-1.0363,-1.0305
7877.8,266.18,7878.5,264.69,18.063,6.0071,-1.589,-0.91912
7892.9,269.04,7893.5,269.31,14.936,4.5132,-2.1562,-1.0978
7905.9,270.91,7906.1,271.82,11.956,2.7843,-2.5489,-1.2565
7916.9,275.81,7916.7,275.18,9.15,2.1021,-2.8077,-1.1327
7925,282.74,7924.7,280.71,6.3446,2.9563,-2.9871,-0.6111
7927,284.72,7927.9,284.45,2.4018,3.0761,-3.4121,-0.32846
7929,286.7,7928.8,287.06,-1.0182,2.7413,-3.6155,-0.22918
7935.1,289.64,7932.2,289.86,-1.4993,2.806,-2.925,-0.029059
7938.1,290.61,7935.4,291.41,-1.1531,2.2931,-2.0751,-0.042843
7941.1,291.59,7938.8,292.19,-0.056663,1.4496,-1.12,-0.20073
7943.1,293.57,7942.1,293.39,1.4007,1.0526,-0.16001,-0.23901
7945.1,293.55,7945.1,293.7,2.6265,0.42965,0.55075,-0.32761
7947.1,294.53,7947.9,294.2,3.7106,0.11575,1.0851,-0.33172
7949.1,294.51,7950.3,294.51,4.1741,0.076171,1.2676,-0.20831
7952.1,295.48,7953.1,294.73,4.4456,-0.35601,1.2713,-0.33408
7954.1,296.46,7955.2,296.12,4.1245,0.62686,1.035,0.11952
7958.1,296.43,7958.2,296.97,4.0059,1.1994,0.80641,0.39354
7963.1,296.38,7962.5,296.96,4.384,0.85388,0.71754,0.26331
7966.1,296.35,7966.3,296.55,4.5888,0.15457,0.64724,-0.010322
7974.1,296.28,7973.6,296.46,6.7737,0.076427,1.232,0.0020998
7983.1,297.19,7982.7,296.95,9.1842,0.26624,1.7528,0.066388
7991.1,297.12,7991.5,297.05,10.287,0.14971,1.726,0.015337
8000.1,297.03,8001,297.14,11.244,0.17752,1.6738,0.042563
8015.1,297.89,8014.4,297.71,13.58,0.41676,1.968,0.11176
8033.1,297.72,8031.8,297.81,17.098,0.29874,2.5438,0.055975
8052.2,298.54,8051.6,298.51,20.567,0.63036,3.0094,0.16413
8075.2,298.33,8074.8,298.64,24.381,0.51537,3.4773,0.11318
8095.1,298.14,8097.2,298.53,26.192,0.31723,3.2939,0.050597
8119.1,297.92,8121,298.11,27.462,-0.11815,2.9186,-0.10164
8146.1,297.66,8147.3,297.62,28.955,-0.49898,2.6286,-0.21896
8177.1,297.37,8176.9,297.23,30.986,-0.63896,2.4648,-0.22772
8212.1,292.05,8210.8,293.5,34.075,-2.3957,2.6156,-0.6704
8249,283.7,8248.1,285.92,37.717,-5.6587,2.9532,-1.4702
8287,276.34,8286.9,277.11,40.322,-8.6557,2.8947,-2.092
8325.9,267.98,8326.8,267.41,42.327,-11.158,2.7157,-2.4836
8363.8,260.62,8366.4,258.58,43.231,-12.072,2.3293,-2.3148
8400.7,252.28,8404.2,250.03,42.373,-12.062,1.4933,-1.8513
8436.6,242.94,8439.6,241.21,39.422,-11.658,0.06894,-1.2966
8471.6,233.61,8473.1,232.55,35.559,-10.701,-1.4464,-0.6066
8505.5,223.29,8505.3,223.23,31.807,-10,-2.6685,-0.085692
8537.4,214.99,8536,214.94,28.345,-8.6881,-3.5492,0.52523
8570.3,205.68,8567.8,206.31,27.248,-7.8937,-3.398,0.84667
8602.2,196.39,8599.7,197.21,27.178,-7.7781,-2.8541,0.84012
8633.1,188.09,8631.3,188.33,27.729,-7.9302,-2.103,0.65883
8661.1,180.83,8660.7,180.33,27.529,-7.8198,-1.6302,0.52478
8686,173.6,8686.9,173.33,25.978,-6.9729,-1.619,0.69525
8708.9,165.38,8710.2,166.06,23.519,-6.3686,-1.8899,0.8121
8728.9,157.2,8730.1,158.19,20.164,-6.4485,-2.4049,0.67255
8746.8,151.03,8747.2,151.33,16.485,-6.1704,-2.9684,0.62431
8762.8,148.88,8762.3,147.53,13.178,-4.6573,-3.3243,0.87431
8775.8,146.76,8774.9,145.57,10.129,-2.6455,-3.5097,1.2443
8784.7,138.67,8784.1,140.4,6.9308,-2.8646,-3.6472,0.9679
8792.7,137.6,8791.7,137.76,4.504,-1.9785,-3.489,1.0117
8798.7,135.54,8797.6,135.86,2.8077,-1.1,-3.0872,1.0492
8800.6,132.52,8800.5,133.31,0.9258,-1.1326,-2.7438,0.78284
8801.6,130.51,8801.3,131.12,-1.0124,-1.1421,-2.5095,0.56962
8804.6,129.49,8802.9,129.62,-1.4937,-1.0084,-1.9338,0.41673
8806.6,129.47,8804.7,129.03,-1.1505,-0.68609,-1.2282,0.31719
8806.6,129.47,8805.7,128.93,-0.64731,-0.35214,-0.55988,0.23718
8806.6,128.47,8806.4,128.51,0.046067,-0.2469,0.059074,0.15095
8806.6,128.47,8806.9,128.66,0.70781,0.23484,0.53483,0.24383
8806.6,128.47,8807.3,128.92,1.2747,0.65669,0.86444,0.32611
8806.6,128.47,8807.4,128.89,1.4731,0.53914,0.95787,0.194
8806.6,128.47,8807.3,128.43,1.3312,-0.15857,0.86136,-0.15792
8806.6,127.47,8807.2,127.51,1.1028,-0.8575,0.71276,-0.41358
8804.6,125.49,8805.7,126.12,0.24767,-1.2075,0.40073,-0.41272
8799.5,122.53,8801.3,122.95,-2.0695,-2.8005,-0.3218,-0.87182
8796.5,117.56,8797,118.12,-3.773,-4.6515,-0.77096,-1.2861
8786.4,109.65,8788.4,110.68,-6.8701,-7.1135,-1.4721,-1.7584
8773.4,104.78,8775.6,103.96,-11.288,-8.4032,-2.4485,-1.8346
8762.3,98.88,8761.9,97.374,-14.939,-9.0117,-3.1233,-1.6892
8751.3,92.984,8748.9,91.167,-16.79,-8.9147,-3.137,-1.3373
8738.2,86.106,8735.7,84.837,-17.397,-8.4444,-2.6838,-0.8751
8725.1,78.228,8722.7,77.931,-16.928,-7.9418,-1.9162,-0.41776
8713.1,71.341,8710.9,71.208,-15.286,-7.2955,-0.8743,-0.003118
8702,67.444,8700.5,66.598,-12.808,-5.6256,0.27302,0.61005
8691.9,56.538,8691.3,58.319,-10.076,-6.2743,1.2985,0.45842
8683.8,49.614,8683.7,50.406,-7.2616,-6.7871,2.119,0.29007
8676.8,41.679,8677.3,42.136,-4.9187,-7.4842,2.5829,0.051855
8673.7,35.708,8673.8,35.065,-2.0571,-7.4721,3.0339,0.017318
8663.7,30.802,8666.7,29.555,-2.233,-6.6093,2.5011,0.23433
8661.6,27.821,8662.4,26.394,-1.8795,-4.5425,2.0359,0.80958
8654.6,19.887,8656.7,21.107,-2.3434,-3.9053,1.4878,0.95893
8652.5,17.905,8653.2,17.864,-1.9312,-2.7771,1.2433,1.1245
8651.5,11.915,8651.1,13.193,-1.4746,-2.812,0.96843,0.93394
8648.5,9.9433,8648.6,10.155,-1.6509,-2.2677,0.56577,0.89169
8646.5,8.9621,8646.6,8.7065,-1.554,-1.1975,0.36079,0.997
8644.4,5.981,8644.7,6.6133,-1.4859,-0.91015,0.21596,0.86379
8643.4,2.9905,8643.4,3.743,-1.2073,-1.4827,0.17158,0.45417
8642.4,2.9999,8642.5,2.3774,-0.90499,-1.4695,0.16107,0.2257
8642.4,0.99996,8642.2,1.2839,-0.40067,-0.89391,0.21593,0.34301
8642.4,-2.071e-12,8642.2,0.19005,-0.1108,-0.74304,0.18329,0.27464
8642.4,-2.071e-12,8642.2,-0.025676,-0.035077,-0.18565,0.08537,0.35485
8642.4,-2.071e-12,8642.1,-0.077944,-0.22865,0.086884,-0.092759,0.30904
8642.4,-2.071e-12,8642.6,-0.10558,0.43146,0.11888,0.14249,0.18439
