0,0,NaN,NaN,NaN,NaN,NaN,NaN
46.095,0.46704,NaN,NaN,NaN,NaN,NaN,NaN
100.85,3.1912,NaN,NaN,NaN,NaN,NaN,NaN
161.82,1.5311,NaN,NaN,NaN,NaN,NaN,NaN
233.41,1.7141,NaN,NaN,NaN,NaN,NaN,NaN
313.45,3.1759,NaN,NaN,NaN,NaN,NaN,NaN
402.14,6.8948,NaN,NaN,NaN,NaN,NaN,NaN
500.26,11.685,NaN,NaN,NaN,NaN,NaN,NaN
604.87,18.169,NaN,NaN,NaN,NaN,NaN,NaN
718.13,26.909,NaN,NaN,NaN,NaN,NaN,NaN
837.88,37.343,NaN,NaN,NaN,NaN,NaN,NaN
968.25,49.619,NaN,NaN,NaN,NaN,NaN,NaN
1109.2,63.739,NaN,NaN,NaN,NaN,NaN,NaN
1264.5,77.895,NaN,NaN,NaN,NaN,NaN,NaN
1431.4,93.687,1427.9,95.294,167.6,18.908,10.443,2.3232
1605.8,110.96,1604.6,111.95,180.49,19.143,11.417,1.7535
1787.6,129.73,1789.3,129.83,191.75,19.29,11.794,1.1983
1975.7,149.21,1980,149.26,200.65,20.137,11.435,1.0281
2172.5,170.94,2177,170.49,207.34,21.341,10.359,0.98878
2381.2,191.17,2383.3,191.53,214.07,21.874,9.3281,0.79681
2597.1,211.91,2597.8,212.48,220.39,21.919,8.2557,0.50465
2817.6,229.65,2818,231.29,225.46,20.667,6.9789,-0.073836
3041.7,240.49,3042.6,244.12,229.44,16.446,5.6891,-1.3825
3266.1,248.19,3268.6,251.57,231.31,10.323,4.1328,-3.0468
3499.2,253.05,3500.1,254.73,234.24,3.6079,3.2676,-4.6241
3734,256.51,3734.7,255.52,236.7,-2.2023,2.5132,-5.6702
3970.4,262.7,3971.1,258.08,238.16,-4.7671,1.658,-5.5502
4206.4,266.94,4207.1,261.64,237.56,-4.7991,0.33669,-4.5418
4440.8,268.44,4441.4,264.59,235.24,-3.7913,-1.2088,-3.2211
4675.5,266.81,4675.2,265.44,232.94,-2.9441,-2.3557,-2.019
4908.7,262.45,4908.1,263.33,230.79,-3.0089,-3.091,-1.2142
5139.5,256.54,5139.2,258.49,228.63,-4.0431,-3.5145,-0.85415
5365.7,248.53,5366.1,250.54,225.11,-6.4236,-4.1535,-1.0716
5592.5,238.35,5591.2,239.76,221.5,-9.6606,-4.7374,-1.6166
5813.8,226.28,5812.4,226.37,217.35,-13.506,-5.2904,-2.3848
6032.5,211.68,6030.8,210.86,213.68,-17.021,-5.4808,-2.937
6244,196.58,6243.6,195.02,209.28,-18.805,-5.6775,-2.7873
6448.2,180.96,6449.5,179.22,203.63,-19.156,-6.0438,-2.1592
6653.1,164.17,6652.1,163.12,198.4,-18.67,-6.307,-1.309
6852.8,146.45,6851,146.21,193.73,-18.181,-6.3152,-0.5923
7045.6,130.18,7044.3,129.51,188.66,-17.682,-6.3649,-0.10212
7232.5,115.15,7231.8,114.13,183.36,-16.422,-6.3847,0.48567
7409.1,99.259,7410.3,98.995,176.27,-15.164,-6.816,0.96685
7580.7,84.402,7581.6,84.599,168.55,-13.75,-7.3591,1.3969
7749.2,69.188,7748.3,70.144,161.95,-12.798,-7.4815,1.5898
7908.7,54.858,7908,55.908,155.18,-12.256,-7.5737,1.5612
8059.2,41.414,8059.4,42.234,147.61,-11.862,-7.8102,1.4327
8197.5,28.497,8199.1,29.103,137.41,-11.569,-8.7806,1.2508
8325.8,16.673,8327.6,16.91,125.98,-11.106,-9.8954,1.1177
8443.4,7.1253,8444.7,6.7293,113.54,-9.8795,-11.097,1.2179
8553.9,-1.9512,8553.4,-2.2713,102.52,-8.5878,-11.588,1.3075
8655.8,-8.1861,8654.1,-8.8868,92.856,-6.5991,-11.517,1.5779
8748.5,-14.514,8745.9,-14.402,83.298,-4.6787,-11.457,1.8174
8831.7,-17.794,8828.9,-17.675,74.455,-2.3499,-11.113,2.1339
8905.8,-20.189,8903.5,-19.721,66.44,-0.48914,-10.469,2.2183
8969.9,-21.492,8968.9,-20.799,58.617,0.84483,-9.7652,2.0931
9024.8,-22.888,9025.2,-21.665,51.074,1.5056,-8.9779,1.7877
9068.7,-22.985,9070.4,-22.001,41.918,1.7234,-8.8436,1.3649
9103.6,-22.197,9104.8,-21.573,31.395,1.8874,-9.281,0.98926
9128.2,-22.274,9128.8,-21.532,20.305,1.4376,-9.8721,0.49556
9145.4,-22.859,9144.4,-22.136,10.067,0.50158,-10.159,-0.046716
9157.4,-24.365,9154.6,-23.678,2.3698,-0.80667,-9.6151,-0.57826
9159.9,-21.844,9157.6,-22.985,-4.2443,-0.70244,-8.7675,-0.61325
9161.3,-20.094,9157.9,-21.462,-7.9057,-0.16821,-7.1634,-0.48538
9164.5,-19.737,9159.3,-20.283,-7.8227,0.22921,-4.7852,-0.34519
9165.4,-19.944,9161.1,-19.888,-5.4319,0.13813,-2.1326,-0.34455
9165.4,-19.944,9163.1,-19.668,-1.9025,0.11193,0.38613,-0.28426
9165.4,-19.944,9165.3,-19.8,1.8543,-0.19893,2.4674,-0.34147
9165.4,-19.944,9167.2,-19.991,4.8867,-0.45245,3.8326,-0.37192
9165.6,-18.966,9168.8,-19.527,6.7836,-0.2988,4.4396,-0.28685
9164.7,-18.759,9168.7,-19.117,6.8359,-0.13459,4.1824,-0.19496
9162.9,-17.366,9167.1,-18.068,5.4131,0.27097,3.3415,-0.066704
9162.1,-16.181,9165,-16.744,3.4416,0.73598,2.287,0.064158
9159.6,-13.603,9161.8,-14.196,1.0368,1.8676,1.1948,0.40206
9157.1,-11.026,9158.1,-11.043,-1.2679,3.1299,0.24726,0.75578
9155.6,-8.6548,9155.3,-7.9624,-2.5016,3.9758,-0.23148,0.93251
9154,-6.2841,9153.6,-5.5539,-2.2095,3.7628,-0.061501,0.67495
9153.3,-5.0987,9152.7,-4.1104,-1.5142,2.9297,0.19646,0.2693
9153.5,-4.1204,9152.7,-3.282,-0.64661,1.9145,0.423,-0.11939
9153.7,-3.142,9153.4,-2.7619,0.52465,0.94183,0.73831,-0.43596
9153.7,-3.142,9154.1,-2.9841,1.4278,-0.18086,0.9365,-0.74282
9153.7,-3.142,9154.6,-3.4373,1.7917,-1.0559,0.92167,-0.91585
9153.7,-3.142,9154.7,-3.8213,1.6211,-1.5141,0.71369,-0.91842
9153.9,-2.1637,9154.6,-3.3701,1.1322,-1.2494,0.40387,-0.69508
9153.9,-2.1637,9154.3,-2.8579,0.56485,-0.70525,0.11316,-0.36892
9153.9,-2.1637,9154,-2.4407,-0.0024989,-0.21052,-0.13802,-0.096128
9154.1,-1.1854,9153.8,-1.4046,-0.4799,0.59538,-0.33533,0.23012
9154.1,-1.1854,9153.7,-0.89337,-0.53525,0.85743,-0.32704,0.32248
9154.1,-1.1854,9153.8,-0.71076,-0.42699,0.81651,-0.24674,0.29294
9154.1,-1.1854,9153.9,-0.76422,-0.29785,0.56996,-0.16444,0.18471
9154.1,-1.1854,9154,-0.96044,-0.094998,0.22063,-0.057918,0.042007
9154.1,-1.1854,9154.1,-1.1173,-0.001565,-0.0073957,-0.0083753,-0.039578
9154.3,-0.20703,9154.2,-0.61371,0.029778,0.14072,-0.0021524,-0.010171
9154.3,-0.20703,9154.3,-0.34962,0.032028,0.15135,-0.0033085,-0.015635
9154.3,-0.20703,9154.3,-0.14277,0.046826,0.22128,0.004394,0.020764
9154.3,-0.20703,9154.3,-0.041415,0.049689,0.23481,0.0080258,0.037927
9154.3,-0.20703,9154.3,-0.03598,0.037443,0.17694,0.0054571,0.025788
9154.3,-0.20703,9154.3,-0.15044,-0.00047768,-0.0022573,-0.0081745,-0.03863
9154.3,-0.20703,9154.3,-0.18145,-0.0074565,-0.035236,-0.0078548,-0.037119
9154.3,-0.20703,9154.3,-0.23644,-0.019234,-0.090894,-0.010357,-0.048941
9154.3,-0.20703,9154.3,-0.35378,-0.047781,-0.2258,-0.020743,-0.098023
9154.3,-0.20703,9154.3,-0.33332,-0.035424,-0.1674,-0.01329,-0.062802
9153.3,3.6756e-12,9153.6,-0.13518,-0.35142,0.0033667,-0.095867,0.0047412
9153.3,3.6756e-12,9153.3,0.020226,-0.43645,0.13859,-0.10498,0.057509
9153.3,3.6756e-12,9153.1,0.11979,-0.37547,0.21454,-0.070847,0.084901
9153.3,3.6756e-12,9153.1,0.13684,-0.24422,0.19337,-0.020285,0.071099
9153.3,3.6756e-12,9153.2,0.031122,-0.10928,0.023125,0.023276,-0.0049255
9153.3,3.6756e-12,9153.3,0.0097425,0.046508,-0.0098418,0.072411,-0.015323
9153.3,3.6756e-12,9153.4,-0.01096,0.16453,-0.034817,0.10403,-0.022014
9153.3,3.6756e-12,9153.4,-0.025574,0.22651,-0.047932,0.11288,-0.023888
