0,0,NaN,NaN,NaN,NaN,NaN,NaN
43.936,-12.231,NaN,NaN,NaN,NaN,NaN,NaN
97.486,-27.866,NaN,NaN,NaN,NaN,NaN,NaN
162.18,-44.329,NaN,NaN,NaN,NaN,NaN,NaN
239.4,-61.273,NaN,NaN,NaN,NaN,NaN,NaN
330,-79.21,NaN,NaN,NaN,NaN,NaN,NaN
431.75,-97.975,NaN,NaN,NaN,NaN,NaN,NaN
544.31,-116.2,NaN,NaN,NaN,NaN,NaN,NaN
669.89,-134.04,NaN,NaN,NaN,NaN,NaN,NaN
805.77,-152.2,NaN,NaN,NaN,NaN,NaN,NaN
953.3,-170.33,NaN,NaN,NaN,NaN,NaN,NaN
1112.5,-188.43,NaN,NaN,NaN,NaN,NaN,NaN
1284.2,-207,NaN,NaN,NaN,NaN,NaN,NaN
1468.5,-226.06,NaN,NaN,NaN,NaN,NaN,NaN
1664.5,-242.86,1663.9,-242.68,201.2,-17.042,11.797,0.61112
1872.9,-256.54,1872.2,-257.79,213.53,-15.819,11.925,0.81251
2085.6,-266.95,2087.8,-269,223.67,-12.807,11.495,1.5206
2304.8,-274.25,2309,-276.3,231.04,-8.6409,10.36,2.4501
2532.6,-286.68,2536.4,-285.36,236.54,-6.6269,8.8157,2.6505
2765.9,-297.72,2768.8,-295.09,240.19,-5.8761,6.9323,2.4385
3004.5,-309.6,3006.1,-306.28,242.87,-6.6151,5.091,1.7823
3246.3,-319.94,3247.1,-317.68,244.63,-7.9762,3.3567,0.95043
3492.6,-324.77,3492,-325.56,246.19,-7.7709,1.9314,0.60285
3742.1,-328.05,3740.7,-330.28,248.26,-6.2937,1.07,0.66187
3995.4,-328.91,3993.6,-331.67,251.08,-3.6023,0.75207,1.0939
4253.7,-329.25,4251.3,-330.95,255.12,-0.50305,1.0147,1.6596
4508.7,-325.32,4508.8,-326.47,257.36,3.7956,0.87942,2.5678
4763.9,-319.15,4765.2,-318.95,257.68,8.464,0.28135,3.5037
5020.3,-314.86,5021.2,-312.11,256.78,10.97,-0.56793,3.6428
5269.6,-308.71,5271.9,-305.56,252.66,11.598,-2.1807,3.0817
5518.8,-304.79,5520.1,-301.43,248.29,9.5556,-3.4915,1.6841
5760.8,-301.23,5762.4,-299.1,242.05,6.0851,-5.0287,-0.0139
5993,-296.49,5995.3,-296.15,232.77,3.7163,-7.1247,-1.0477
6221.9,-293.31,6222.1,-293.81,223.42,1.5729,-8.8133,-1.795
6440.4,-286.21,6440.1,-288.61,213.2,1.8268,-10.32,-1.6224
6652.3,-282.21,6650.8,-283.76,203.62,2.2112,-11.204,-1.3269
6851.6,-279.97,6850.8,-280.54,193.06,1.7783,-12.019,-1.2763
7037,-277.59,7037.5,-277.82,180.68,1.5238,-13.033,-1.1112
7211.3,-280.21,7211.5,-278.71,167.2,-0.26154,-14.089,-1.3543
7370.1,-285.27,7370.4,-283.14,151.93,-3.221,-15.39,-1.8763
7514.7,-294.66,7514.8,-292.54,136.32,-8.103,-16.387,-2.9412
7644.7,-307.01,7644.1,-306.05,120.08,-13.712,-17.298,-4.0844
7760.3,-320.07,7758.5,-321.18,103.71,-18.095,-18.022,-4.6522
7862.9,-333.52,7859.9,-336.65,88.869,-20.78,-18.001,-4.6081
7954.7,-347.51,7949.9,-351.35,75.778,-21.121,-17.41,-3.7498
8034.3,-362.39,8029.4,-365.65,65.068,-19.97,-16.026,-2.475
8102.6,-378.67,8098.7,-380.45,56.284,-18.42,-14.122,-1.2141
8157.2,-392.59,8155.3,-393.8,46.891,-15.808,-12.68,0.17613
8201,-407.05,8200.5,-407.27,37.556,-13.872,-11.435,1.0502
8230.3,-422.24,8231.6,-421.15,26.313,-12.488,-11.041,1.5943
8252.8,-433.32,8253,-433,15.965,-10.686,-10.541,2.0451
8270.3,-439.11,8268.3,-440.55,7.9832,-7.6313,-9.5431,2.6263
8281.2,-444.39,8277.9,-445.28,1.7724,-4.0932,-8.3089,3.2341
8288.9,-449,8284.7,-448.61,-1.4627,-1.133,-6.4437,3.5456
8288.9,-449,8286.6,-448.47,-3.8348,2.4752,-4.6298,3.9779
8288.9,-449,8287,-447.13,-4.0601,5.2198,-2.529,4.0672
8289.8,-449.52,8288.2,-446.4,-1.9854,6.0663,-0.18054,3.5176
8289.8,-449.52,8289.6,-446.36,0.8645,5.3464,1.8771,2.5039
8289.8,-449.52,8290.8,-447.05,3.3869,3.5545,3.2865,1.2653
8289.8,-449.52,8291.8,-448.16,5.1648,1.3931,4.0225,0.089467
8289.8,-449.52,8292.4,-449.33,5.9289,-0.53684,4.1123,-0.80918
8288.9,-449,8292.1,-450.1,5.778,-1.9416,3.7659,-1.3908
8287.2,-447.98,8290.6,-449.66,4.6341,-2.0033,3.0493,-1.3639
8285.5,-446.96,8288.7,-448.31,3.4576,-1.0711,2.3904,-0.91465
8284.6,-446.44,8286.7,-447.17,1.9826,-0.38294,1.6079,-0.57489
8282,-444.91,8283.5,-445.67,-0.18715,0.27301,0.64982,-0.31144
8280.3,-443.88,8280.6,-444.03,-1.7379,1.0364,0.0044877,-0.0026764
8277.7,-442.35,8277.5,-442.2,-2.8978,1.7282,-0.40564,0.24191
8277.9,-440.12,8276.9,-440.26,-1.9562,1.9688,-0.029866,0.2385
8276.7,-438.23,8276.3,-438.26,-1.1231,2.132,0.26939,0.21658
8277.2,-437.37,8276.7,-436.92,-0.0073277,1.8949,0.58403,0.09782
8278.2,-435.66,8278,-435.49,1.3122,1.6793,0.91372,-0.0091267
8278.7,-434.8,8279.2,-434.52,2.1169,1.2641,1.0283,-0.15
8278.7,-434.8,8279.8,-434.35,2.1563,0.54757,0.87539,-0.34609
8279.3,-433.94,8280.2,-434,1.8295,0.1221,0.60283,-0.42901
8279.8,-433.08,8280.4,-433.49,1.3708,-0.091232,0.31996,-0.44086
8279.8,-433.08,8280.3,-433.38,0.6996,-0.39072,0.014791,-0.46574
8280.3,-432.22,8280.3,-432.79,0.10663,-0.24198,-0.23752,-0.34088
8280.3,-432.22,8280,-432.41,-0.51397,-0.072699,-0.45975,-0.19914
8280.8,-431.36,8280.3,-431.66,-0.50984,0.2775,-0.41611,-0.033912
8281.3,-430.5,8280.8,-430.63,-0.27662,0.78267,-0.291,0.16322
8281.8,-429.64,8281.5,-429.59,0.20125,1.1241,-0.076403,0.26655
8282.7,-430.16,8282.4,-429.58,0.53326,0.76284,0.037801,0.13357
8284,-429.81,8283.9,-429.51,1.2123,0.47046,0.26096,0.028786
8284.6,-428.95,8284.8,-429.01,1.2985,0.48379,0.25013,0.026023
8285.9,-428.6,8286,-428.69,1.397,0.32133,0.22495,-0.044948
8287,-426.89,8287.1,-427.4,1.4411,0.76412,0.19405,0.080586
8289.9,-423.96,8289.5,-424.74,2.0684,1.8666,0.32946,0.38872
8292.3,-421.9,8292.1,-422.09,2.5718,2.6267,0.39955,0.5458
8295.8,-415.89,8295.5,-416.87,3.3354,4.4615,0.53002,0.97466
8302.2,-409.18,8301.2,-409.85,5.0295,6.7352,0.90518,1.476
8307.1,-402.82,8307.1,-402.48,6.2543,8.3855,1.0918,1.7057
8313.6,-393.89,8313.9,-393.49,7.4901,10.186,1.2516,1.9219
8320.1,-384.95,8320.8,-384.09,8.2404,11.281,1.226,1.8524
8327.6,-374.3,8328.3,-373.64,8.805,12.185,1.1271,1.6942
8337,-362.44,8337.1,-362.03,9.6261,13.035,1.0869,1.5164
8346.1,-349.21,8346.3,-349,10.103,14.098,0.93501,1.4302
8355.6,-335.12,8355.9,-334.99,10.367,14.987,0.73418,1.2861
8367.6,-318.97,8367.2,-319.25,11.339,16.218,0.77942,1.2582
8379.6,-302.82,8379.3,-302.67,12.293,17.349,0.82028,1.2363
8391.5,-286.66,8391.8,-286.04,13.058,17.894,0.82755,1.0508
8403.5,-270.51,8404.1,-269.58,13.289,17.917,0.67016,0.75153
8414.9,-255.22,8415.9,-253.89,13.1,17.349,0.43825,0.35474
8426.2,-242.15,8427.1,-240.6,12.348,15.224,0.056143,-0.47783
8436.5,-230.81,8437.1,-229.49,10.887,12.367,-0.5045,-1.3768
8445.5,-217.58,8446.1,-217.99,9.309,10.516,-0.96656,-1.8215
8454.1,-205.21,8454.1,-206.59,7.6622,9.2159,-1.3683,-2.0166
8462.1,-193.69,8461.7,-195.25,6.4058,8.6632,-1.5517,-1.8791
8469.1,-183.9,8468.5,-184.93,5.3239,8.1541,-1.6219,-1.6818
8473.6,-178.4,8473.4,-177.83,3.8095,6.5616,-1.7679,-1.7518
8476.3,-177.71,8476.5,-175.6,2.2079,3.2118,-1.8514,-2.274
8477.7,-177.36,8477.9,-176.04,0.48456,-0.37156,-1.9319,-2.7948
8481.4,-174.95,8480.1,-176.13,-0.15476,-2.6003,-1.7215,-2.8982
8482.8,-174.6,8481.7,-176.63,-0.51857,-3.9338,-1.4302,-2.708
8484.7,-173.4,8483.5,-176.27,-0.2869,-3.8894,-0.99388,-2.1263
8485.2,-172.54,8484.6,-175.23,-0.097902,-2.859,-0.61896,-1.3053
8486.1,-173.05,8485.7,-174.4,0.29815,-1.5098,-0.23975,-0.44646
8486.1,-173.05,8486.2,-173.22,0.45926,0.29776,0.0021082,0.47276
8486.1,-173.05,8486.5,-172.09,0.55807,1.8692,0.17401,1.1713
8486.1,-173.05,8486.5,-171.64,0.57244,2.3778,0.2661,1.3288
8486.1,-173.05,8486.4,-171.74,0.38296,2.0939,0.2335,1.1182
8486.1,-173.05,8486.1,-172.3,0.063302,1.2,0.12117,0.65295
8486.1,-173.05,8485.9,-172.95,-0.15343,0.25196,0.040949,0.19451
8486.1,-173.05,8486,-173.18,-0.0028646,-0.059011,0.11089,0.042665
8486.1,-173.05,8486.2,-172.94,0.33317,0.2699,0.24699,0.17738
8486.9,-173.56,8487,-173.12,0.90183,0.28608,0.42345,0.19419
8486.9,-173.56,8487.2,-173.41,0.79383,0.048389,0.32148,0.083848
8487.8,-174.08,8487.9,-173.84,1.0171,-0.12991,0.3438,0.026799
8487.8,-174.08,8488.1,-174.17,0.81546,-0.32493,0.22034,-0.055307
8489.5,-175.1,8489.3,-174.99,1.1604,-0.69202,0.27312,-0.16288
8490.5,-173.38,8490.5,-174.13,1.3344,0.0064064,0.26008,0.065586
8493.3,-172.69,8492.9,-173.1,2.0702,0.62872,0.41478,0.24022
8497,-170.28,8496.5,-170.87,3.2084,1.711,0.65696,0.51881
8502.3,-165.29,8501.7,-166.34,4.8074,3.6715,0.98971,0.99879
8510.2,-161.84,8509.3,-161.75,7.1339,5.0946,1.4709,1.2591
8516,-155.99,8516.6,-155.84,8.5392,6.6348,1.6224,1.4907
8527.7,-150.13,8527.2,-149.48,10.998,7.745,2.013,1.5399
8540.2,-144.78,8540,-143.54,13.58,8.0167,2.3564,1.3125
8548.9,-136.01,8550.9,-135.79,14.108,8.7706,2.0489,1.2106
8557.3,-125.87,8560,-126.21,12.956,9.9693,1.2548,1.2314
8571.7,-119.32,8572,-118.29,13.112,9.7126,0.90299,0.83473
8584.3,-111.74,8584.3,-110.73,13.059,9.0874,0.53018,0.39709
8594.1,-101.25,8595,-101.5,11.978,9.2797,-0.036975,0.25207
8608.5,-94.692,8607.7,-93.851,11.967,8.5984,-0.22397,-0.067405
8620.5,-84.371,8620.1,-84.855,11.965,8.5597,-0.30373,-0.18625
8630.2,-73.883,8630.8,-74.666,11.059,9.246,-0.58798,-0.03009
8646.5,-66.122,8644.9,-65.893,12.198,8.9574,-0.23643,-0.16409
8659.3,-56.313,8658.8,-56.653,12.966,8.8583,-0.0034374,-0.2399
8672,-48.733,8672.1,-48.325,13.265,8.495,0.070772,-0.31441
8681.2,-39.104,8682.9,-39.385,12.316,8.4662,-0.17076,-0.30141
8695.6,-32.549,8695.1,-31.936,11.82,7.8046,-0.38135,-0.42977
8704.8,-22.92,8705.2,-23.287,10.422,7.975,-0.7837,-0.30372
8717.4,-17.571,8716.8,-17.091,10.561,6.6453,-0.59633,-0.67039
8725.7,-13.261,8726.4,-12.716,9.7205,4.7273,-0.69237,-1.148
8729.5,-10.85,8731.2,-10.025,6.3524,2.8425,-1.5763,-1.4551
8735,-3.6321,8735.3,-5.1009,3.7757,2.7083,-2.0615,-1.2433
8738.6,-3.451,8738.4,-3.4093,1.7916,1.1347,-2.2361,-1.4558
8740.8,-3.6165,8739.9,-3.1875,-0.33654,-0.27276,-2.4606,-1.5038
8743.2,-1.5522,8741.7,-2.5719,-1.0687,-1.1047,-2.1555,-1.4495
8745.1,-0.34665,8743.6,-1.7008,-0.9215,-1.2311,-1.5834,-1.1751
8746.5,-1.7053e-13,8744.9,-0.8408,-1.0894,-0.79413,-1.2684,-0.70928
8746.5,-1.7053e-13,8745.7,-0.4408,-0.73571,-0.52811,-0.75953,-0.38069
