0,0,NaN,NaN,NaN,NaN,NaN,NaN
59.033,-2.2547,NaN,NaN,NaN,NaN,NaN,NaN
129.12,-8.3702,NaN,NaN,NaN,NaN,NaN,NaN
210.19,-13.347,NaN,NaN,NaN,NaN,NaN,NaN
302.27,-19.184,NaN,NaN,NaN,NaN,NaN,NaN
414.37,-26.769,NaN,NaN,NaN,NaN,NaN,NaN
540.5,-36.177,NaN,NaN,NaN,NaN,NaN,NaN
677.67,-48.446,NaN,NaN,NaN,NaN,NaN,NaN
826.86,-62.563,NaN,NaN,NaN,NaN,NaN,NaN
979.08,-79.642,NaN,NaN,NaN,NaN,NaN,NaN
1143.3,-97.57,NaN,NaN,NaN,NaN,NaN,NaN
1318.6,-117.36,NaN,NaN,NaN,NaN,NaN,NaN
1508.9,-140.96,NaN,NaN,NaN,NaN,NaN,NaN
1709.2,-166.43,NaN,NaN,NaN,NaN,NaN,NaN
1921.6,-195.75,1918.1,-195.71,212.4,-30.392,9.0348,-3.0444
2151,-227.85,2145.7,-227.74,226.59,-33.511,10.103,-3.1825
2401.5,-262.69,2394.4,-262.47,246.04,-36.33,12.677,-3.1479
2662,-301.41,2658.9,-301.07,266.51,-39.884,15.356,-3.3608
2929.6,-343.03,2932.8,-343.03,283.72,-43.605,16.758,-3.5988
3202.1,-384.59,3210.4,-386,293.95,-46.133,15.704,-3.4603
3474.7,-428.15,3486.4,-430.03,296.19,-47.682,12.289,-3.0345
3754.2,-470.63,3763.7,-473.18,294.06,-47.421,7.9045,-2.113
4043.8,-511.97,4046.9,-514.66,291.88,-45.512,4.0339,-0.83713
4338.3,-549.26,4337,-552.24,291.8,-41.384,1.5456,0.88408
4634.7,-581.52,4631.4,-584.61,292.4,-35.346,-0.16158,2.8252
4928.1,-610.82,4925.9,-612.56,292.22,-28.563,-1.4951,4.621
5216.5,-637.18,5216.7,-636.88,289.85,-21.973,-2.9182,6.014
5498.8,-660.61,5501.8,-658.55,285.48,-16.599,-4.2939,6.6968
5773,-678.15,5778,-675.91,277.95,-11.542,-6.1055,7.0206
6042.2,-693.75,6045.8,-690.8,267.67,-7.9515,-8.428,6.7056
6305.4,-704.43,6305.2,-702.1,255.44,-4.9528,-11.06,6.1132
6562.5,-711.18,6558.5,-709.53,244.2,-2.0806,-12.868,5.489
6807.6,-714.09,6803,-713.07,233.36,0.80161,-13.973,4.911
7037.5,-711.18,7035.1,-711.42,221.9,4.4022,-14.648,4.5829
7253.5,-708.46,7253.7,-707.49,209.94,7.4068,-14.906,4.2046
7451.5,-705.96,7454.3,-703.44,194.71,8.7639,-15.852,3.4548
7635.4,-692.63,7637.6,-692.82,176.84,12.199,-17.408,3.3989
7808.2,-677.45,7806.9,-678.1,159.2,15.856,-18.669,3.3966
7965.9,-657.46,7962.2,-658.72,142.18,19.956,-19.482,3.4985
8107.6,-633.66,8103,-634.81,126.21,24.534,-19.667,3.7591
8235.3,-606.05,8230.4,-606.63,112,29.356,-19.064,4.0957
8346.9,-576.64,8343.4,-575.85,98.883,33.42,-17.975,4.1989
8445.6,-545.39,8443.2,-543.62,87.094,36.063,-16.465,3.8507
8531.1,-512.31,8529.6,-510.01,75.618,37.769,-15.065,3.2992
8602.7,-478.4,8602,-476.1,63.504,38.022,-14.13,2.3643
8660.3,-442.67,8659.9,-441.33,50.274,37.588,-13.798,1.3348
8705.8,-408.09,8704.9,-407.22,37.328,36.062,-13.499,0.142
8739.4,-373.67,8738.2,-373.68,25.25,34.002,-13.006,-1.0003
8763,-341.37,8761.2,-341.18,14.626,32.131,-12.179,-1.7246
8780.6,-312.14,8777.7,-311.15,7.1669,29.781,-10.532,-2.3066
8790.3,-284.02,8787.5,-283.82,1.4234,26.372,-8.6951,-3.136
8791,-259.01,8789.4,-259.06,-4.2051,22.958,-7.2244,-3.721
8790.7,-236.01,8788.2,-236.75,-7.2962,19.557,-5.3509,-4.1531
8790.4,-214.01,8787.1,-215.79,-7.1679,16.918,-2.9384,-4.2348
8783.2,-196.1,8782.5,-197.65,-7.0028,14.244,-0.9871,-4.2296
8769,-178.28,8771.7,-180.36,-8.5229,12.731,0.068747,-3.7998
8749.7,-161.52,8754.4,-163.65,-12.351,12.225,0.072235,-3.0707
8727.5,-145.8,8731.8,-147.55,-17.491,12.356,-0.55327,-2.2234
8698.3,-130.17,8702.6,-131.56,-24.322,13.062,-1.7483,-1.3264
8665.1,-114.58,8668,-115.63,-31.588,13.944,-3.0168,-0.55462
8626.9,-99.064,8628.4,-99.6,-38.845,15.01,-4.1642,0.12869
8585.8,-85.583,8585.4,-85.011,-44.804,15.171,-4.7601,0.39476
8544.6,-73.102,8541.9,-71.844,-48.128,14.638,-4.482,0.38195
8501.5,-61.646,8498.1,-60.117,-49.415,13.526,-3.6153,0.16381
8462.3,-53.139,8457.9,-51.232,-46.793,11.115,-1.6555,-0.45741
8428.2,-45.569,8423.7,-44.231,-40.261,8.3829,1.2069,-1.1066
8398.2,-41.948,8394.8,-40.625,-32.324,4.6916,3.9131,-1.9492
8374.1,-32.252,8371.7,-34.335,-23.598,3.5393,6.2437,-1.9704
8356.1,-30.48,8355.5,-30.969,-13.94,1.8796,8.3813,-2.0165
8341,-28.669,8343.5,-29.13,-5.4409,0.31738,9.7191,-1.9992
8330,-26.808,8334.6,-27.617,0.7968,-0.45297,9.963,-1.7171
8322,-22.91,8327.5,-24.561,4.2106,0.31147,9.0752,-1.0146
8319.9,-18.935,8324.3,-20.465,6.7324,1.8227,7.8601,-0.20276
8317.9,-16.961,8322.1,-17.191,7.1314,2.7637,6.0657,0.31116
8317.8,-13.961,8321.2,-13.844,6.4609,3.5506,4.1805,0.65738
8314.8,-11.999,8318.4,-11.145,3.76,3.8424,2.0197,0.78514
8312.8,-10.024,8315,-9.0143,0.5121,3.6217,0.077508,0.68788
8311.8,-9.0372,8312.3,-7.8966,-1.81,2.7784,-1.1609,0.37973
8311.8,-8.0372,8310.7,-7.1682,-3.2647,1.9289,-1.8738,0.10491
8311.8,-7.0373,8309.8,-6.6673,-3.8936,1.1013,-2.1274,-0.15045
8311.8,-7.0373,8309.6,-6.7446,-3.6898,0.25499,-1.9662,-0.3627
8311.7,-6.0374,8309.8,-6.9226,-3.1177,-0.81037,-1.632,-0.71651
8311.7,-6.0374,8310.2,-6.542,-2.3276,-0.61999,-1.2112,-0.49158
8311.7,-5.0375,8310.9,-5.5511,-1.2107,0.046866,-0.66531,-0.14263
8311.7,-5.0375,8311.6,-4.9556,-0.26293,0.4455,-0.2214,0.080328
8311.7,-5.0375,8312,-4.837,0.23519,0.3693,0.0056338,0.084273
8311.7,-4.0376,8311.8,-4.1925,-0.11006,0.5664,-0.14158,0.14832
8311.7,-4.0376,8311.5,-3.7838,-0.42627,0.69315,-0.26162,0.20353
8311.7,-4.0376,8311.3,-3.757,-0.73139,0.4697,-0.36888,0.11548
8311.7,-3.0376,8311.4,-3.1439,-0.41706,0.60443,-0.20088,0.13872
8312.7,-2.0251,8312.3,-2.2297,0.19544,0.8278,0.027208,0.17466
8313.7,-2.0125,8313.4,-1.7637,0.79014,0.80046,0.20753,0.14847
8313.7,-1.0125,8313.9,-0.99009,0.85626,0.89065,0.19965,0.14812
8314.7,-0.99992,8314.8,-0.69578,1.0266,0.69054,0.21541,0.065912
8314.7,-0.99992,8315.1,-0.63816,0.84086,0.43961,0.12552,-0.0096381
8314.7,-7.0453e-13,8315.1,-0.15863,0.47121,0.37478,-0.010325,-0.046945
8314.7,-7.0453e-13,8314.9,0.047789,0.060248,0.23763,-0.14475,-0.082582
8314.7,-7.0453e-13,8314.6,-0.011114,-0.28731,-0.056513,-0.24337,-0.17126
8314.7,-7.0453e-13,8314.4,-0.036517,-0.50781,-0.16539,-0.28745,-0.17141
8314.7,-7.0453e-13,8314.3,-0.081964,-0.56723,-0.22895,-0.26876,-0.15662
8314.7,-7.0453e-13,8314.3,-0.16516,-0.46823,-0.3085,-0.19281,-0.15734
8314.7,-7.0453e-13,8314.5,-0.094778,-0.25296,-0.1651,-0.080013,-0.06862
8314.7,-7.0453e-13,8314.6,-0.020428,0.0066655,-0.030126,0.038688,0.0036491
8314.7,-7.0453e-13,8314.8,-0.04444,0.20189,-0.044403,0.11854,0.0011918
