0,0,NaN,NaN,NaN,NaN,NaN,NaN
36.927,-20.135,NaN,NaN,NaN,NaN,NaN,NaN
82.335,-40.508,NaN,NaN,NaN,NaN,NaN,NaN
137.64,-61.158,NaN,NaN,NaN,NaN,NaN,NaN
204.21,-83.54,NaN,NaN,NaN,NaN,NaN,NaN
284.12,-109.83,NaN,NaN,NaN,NaN,NaN,NaN
378.16,-136.52,NaN,NaN,NaN,NaN,NaN,NaN
486.9,-168.57,NaN,NaN,NaN,NaN,NaN,NaN
609.1,-200.3,NaN,NaN,NaN,NaN,NaN,NaN
741.19,-232.3,NaN,NaN,NaN,NaN,NaN,NaN
883.9,-263.89,NaN,NaN,NaN,NaN,NaN,NaN
1036.6,-292.93,NaN,NaN,NaN,NaN,NaN,NaN
1198.6,-315.86,NaN,NaN,NaN,NaN,NaN,NaN
1374.9,-337.78,NaN,NaN,NaN,NaN,NaN,NaN
1560.4,-357.84,1561,-358.76,191.08,-17.9,10.286,4.0615
1755.6,-383.83,1755,-379.74,199.18,-15.308,9.2339,4.4407
1957.9,-410.02,1957.6,-404.02,207.17,-16.048,8.4522,3.6393
2169.3,-437.17,2169.1,-431.52,215.5,-19.488,8.038,1.9736
2389.3,-463.15,2389.4,-460.08,224.02,-23.623,7.8727,0.19322
2620.2,-478.82,2619.6,-481.8,233.2,-23.713,7.9813,-0.25415
2863.1,-492.71,2861.3,-498.04,243.54,-21.063,8.4066,0.17406
3113.9,-503.28,3112.4,-508.42,253.62,-15.497,8.6839,1.5665
3371.2,-510.49,3370.9,-513.88,262.53,-8.534,8.6068,3.2779
3631.3,-520.62,3633.5,-519.26,269.07,-3.1904,7.9437,4.4012
3886.4,-529.89,3893.1,-525.32,270.08,-0.044467,5.8753,4.7271
4138.7,-537.68,4147.3,-532.27,265.89,0.60819,2.6656,4.119
4390.3,-544.73,4397.2,-540.53,258.52,-1.3661,-0.98503,2.5642
4639.1,-551.71,4642.4,-549.61,248.86,-4.6591,-4.7826,0.69222
4882.3,-557.12,4882.4,-557.91,238.45,-7.6138,-8.0792,-0.87206
5114.8,-565.76,5113.7,-566.76,226.75,-9.8267,-10.96,-1.7846
5332.3,-577.52,5332.4,-577.76,213.08,-12.143,-13.536,-2.3971
5532.9,-590.22,5534.7,-590.03,196.65,-13.782,-16.091,-2.5136
5723.4,-608.29,5723.7,-606.57,180.25,-16.661,-17.894,-2.8454
5902.6,-624.64,5900.4,-624.78,164.62,-19.839,-18.954,-3.319
6071.2,-639.98,6066.2,-642.2,150.45,-21.367,-19.265,-3.2233
6233.5,-655.85,6225,-659.1,139.89,-21.782,-18.303,-2.8054
6381.6,-669.91,6373.7,-673.97,130.73,-20.436,-16.857,-1.8993
6515.6,-684.98,6510.4,-687.59,121.93,-17.751,-15.253,-0.57849
6634,-699.62,6633.2,-700.56,112.57,-14.844,-13.737,0.65953
6734,-717.99,6737.7,-716.1,99.86,-13.838,-13.304,1.1558
6819.7,-737.37,6824.4,-734.23,83.958,-14.643,-13.988,0.97203
6888.6,-754.86,6892.4,-752.87,64.958,-15.976,-15.663,0.51616
6946.1,-772.04,6945.7,-771.66,45.98,-17.606,-17.263,-0.1081
6991,-786.03,6986.9,-787.82,29.162,-17.525,-17.989,-0.17675
7024.5,-801.12,7018.2,-802.91,16.191,-16.728,-17.291,0.016069
7045.3,-817.26,7039.7,-818.06,6.5216,-15.917,-15.449,0.2494
7065.5,-825.61,7058.2,-827.71,2.2897,-12,-12.216,1.4301
7075.2,-835.79,7070.5,-836.21,0.19329,-8.552,-8.7583,2.2909
7077.2,-837.97,7075.7,-839.31,-1.7484,-3.5172,-5.8454,3.4075
7078.6,-839.42,7077.3,-839.51,-3.011,1.2575,-3.4678,4.2311
7079.3,-840.15,7077.9,-838.74,-2.6246,4.4119,-1.2085,4.3538
7079.1,-848.63,7078,-843.37,-1.2536,3.0594,0.73989,3.1173
7078.3,-849.32,7078.2,-846.51,0.74709,1.7468,2.3555,1.9461
7076.1,-851.38,7077.8,-849.43,2.6923,0.37144,3.5484,0.94764
7074,-853.44,7076.7,-852.43,3.9385,-1.1783,4.133,0.047366
7072.5,-854.81,7075.7,-855.15,4.9275,-2.6309,4.3745,-0.7073
7071.1,-856.19,7074.3,-857.42,4.8898,-3.5778,4.0457,-1.1544
7070.3,-856.87,7073.1,-858.82,4.5251,-3.7941,3.5107,-1.266
7068.9,-856.83,7071.6,-858.62,3.6728,-2.5352,2.8123,-0.76688
7066.8,-856.07,7069.4,-857.01,2.4211,-0.35157,2.0504,0.055425
7064,-855.99,7065.6,-855.92,-0.1095,0.83315,0.86349,0.42657
7061.2,-854.49,7062.2,-854,-1.6286,2.2291,0.23239,0.83312
7059.8,-853.04,7060,-852.71,-1.8392,2.2086,0.13964,0.60846
7057.7,-852.27,7057.7,-851.94,-2.1043,1.6406,0.025307,0.23206
7057,-851.55,7056.4,-851.34,-1.8394,1.0748,0.066837,-0.064291
7056.4,-850.82,7055.7,-850.24,-1.2645,1.3556,0.20455,0.062421
7055.7,-850.09,7055.3,-849.98,-0.58219,0.57865,0.37452,-0.26224
7055.7,-850.09,7055.7,-850.05,0.3837,-0.085249,0.63236,-0.46716
7055.7,-850.09,7056.1,-850.26,1.1089,-0.59872,0.77629,-0.57779
7055.7,-850.09,7056.4,-850.48,1.3473,-0.90684,0.72461,-0.59688
7056.4,-849.41,7056.9,-850.09,1.4161,-0.66803,0.5944,-0.43004
7058.6,-847.35,7058.3,-848.42,1.7015,0.27922,0.50043,-0.075867
7062.2,-843.91,7061.4,-845.14,2.6413,1.8994,0.60729,0.4233
7070.2,-837.77,7068.3,-839.25,5.2545,4.4825,1.186,1.1213
7086.8,-826.21,7082.9,-828.43,11.187,8.9391,2.6326,2.246
7119.9,-804.5,7112.5,-808.65,23.145,16.592,5.5518,4.0495
7158,-783.64,7152.6,-785.07,37.089,23.906,8.6019,5.4882
7205.3,-760.92,7203.1,-759.37,51.896,29.744,11.413,6.2536
7257.1,-731.24,7259.6,-729.24,64.329,35.205,12.998,6.675
7313.2,-698.86,7319.7,-696.11,73.029,39.407,13.084,6.5405
7372.2,-662.32,7381,-659.74,77.191,42.64,11.599,6.0103
7434.2,-621.61,7442.8,-619.76,77.266,45.387,8.8797,5.3149
7499,-578.16,7505.3,-576.83,74.751,47.524,5.6086,4.4804
7564,-533.29,7567.7,-532.01,70.458,48.875,2.238,3.5363
7629,-484.19,7630,-483.88,65.791,50.586,-0.66505,2.8578
7690.6,-432.86,7690.6,-432.84,60.946,52.638,-2.9425,2.4506
7759.1,-387.39,7755.6,-384.55,60.032,52.242,-3.4416,1.534
7824.8,-337.59,7821.8,-335.58,60.748,51.634,-3.0648,0.72538
7889.1,-290.58,7887.4,-288.68,61.353,49.305,-2.5929,-0.48029
7953.4,-243.58,7951.8,-243.29,61.033,45.936,-2.4684,-1.874
8016.9,-198.67,8015.7,-198.98,60.991,43.133,-2.1567,-2.7203
8080.3,-155.18,8079.2,-155.94,60.746,40.741,-1.9391,-3.1846
8145.2,-113.14,8143.5,-114.49,61.376,38.387,-1.4509,-3.5061
8210.8,-70.413,8209,-72.67,62.657,37.47,-0.81897,-3.2454
8277.7,-27.726,8276.1,-30.328,64.608,37.691,-0.072549,-2.6094
8345.4,14.234,8344.2,12.092,66.647,38.497,0.57259,-1.8308
8412.3,54.093,8412.2,53.329,67.957,39.043,0.88748,-1.1802
8474.9,89.83,8477,91.099,67.296,38.019,0.61441,-1.052
8534.5,121.41,8537.9,123.83,64.662,34.582,-0.18485,-1.712
8588.3,150.31,8593,152.39,59.577,29.944,-1.56,-2.6646
8636.4,175.14,8640.4,176.96,51.191,25.059,-3.8405,-3.4727
8680.9,197.94,8682.6,198,42.604,19.72,-5.803,-4.3813
8719,217.39,8719,216.25,33.963,15.121,-7.3949,-4.8771
8750.5,232.07,8749.3,230.64,25.6,10.64,-8.5327,-5.1975
8775.5,241.97,8773.6,240.92,18.038,6.4583,-9.0736,-5.2552
8793.4,247.84,8791.5,247.19,11.081,2.6218,-9.1614,-5.0916
8807.6,251.68,8805,250.79,5.6239,-0.31651,-8.6654,-4.6236
8815.5,255,8813.2,253.18,0.91992,-2.085,-7.9072,-3.9013
8821,250.6,8818.2,250.43,-2.4617,-5.0944,-6.8501,-3.6418
8821,250.6,8818.8,248.36,-5.5693,-6.1958,-5.8648,-2.9391
8823.2,252.66,8819.5,248.91,-6.2916,-4.7707,-4.3764,-1.6416
8825.3,251.9,8821.4,249.64,-4.6575,-2.624,-2.4273,-0.2868
8826,251.17,8823.4,250.55,-2.176,-0.23462,-0.55983,0.93978
8826.7,250.44,8825.8,251.25,0.80839,1.7049,1.1346,1.7885
8827.4,249.72,8828.2,251.55,3.4463,2.9236,2.371,2.2093
8827.3,245.47,8829.4,248.73,4.6724,1.7941,2.8328,1.7487
8829.2,239.05,8831.2,242.58,5.5721,-1.2474,2.9632,0.68106
8831.8,230.49,8833.6,233.38,6.0858,-5.3741,2.8136,-0.6126
8830.8,221.32,8833.7,222.55,4.883,-9.3327,2.0983,-1.6967
8829.1,210.05,8831.9,210.03,2.6609,-12.929,1.1282,-2.4983
8828.8,200.16,8830,198.1,0.54253,-14.899,0.24772,-2.6878
8828.5,190.26,8828.7,187.31,-0.70203,-15.057,-0.22161,-2.2397
8827.6,181.09,8827.3,178.62,-1.5265,-12.861,-0.47041,-0.98355
8828,171.89,8827.3,170.3,-1.036,-10.777,-0.22131,0.012367
8831.4,166.84,8829.6,164.96,0.45124,-7.4932,0.22896,1.1617
8832.1,164.7,8831.6,163.31,1.4781,-2.8638,0.51198,2.538
8831.3,161.18,8832.2,162,1.7188,0.5252,0.56974,3.2902
8833.3,156.18,8833.8,159.03,2.2881,1.5598,0.69107,3.1427
8836,151.86,8836.3,154.94,3.0537,0.91826,0.82477,2.3981
8838.7,148.95,8839.1,151.13,3.6302,-0.016135,0.85468,1.6107
8840.8,146.77,8841.2,147.83,3.277,-0.97274,0.53469,0.88163
8843.5,143.86,8843.5,144.38,2.8432,-2.0869,0.21106,0.21195
8845.6,141.68,8845.8,141.38,2.6888,-2.8821,0.088192,-0.25439
8847,140.23,8847.5,139.39,2.2701,-2.8595,-0.067199,-0.35032
8849,138.05,8849.2,137.4,1.8304,-2.8132,-0.22326,-0.38447
8850.4,136.6,8850.5,136.05,1.3878,-2.2431,-0.33733,-0.19466
8851.1,135.87,8851.3,135.54,0.84352,-1.2236,-0.44189,0.14589
8851.8,135.14,8851.7,135.33,0.091049,-0.23669,-0.62175,0.44987
8853.2,135.1,8852.3,135.16,-0.41286,0.12869,-0.73555,0.44376
8853.9,134.38,8853.2,134.48,-0.20244,-0.17846,-0.53163,0.19436
8853.9,134.38,8853.8,134.3,0.10137,-0.10379,-0.27502,0.12754
8853.9,134.38,8854,134.46,-0.015766,0.22095,-0.21818,0.18595
8854.5,133.65,8854.3,134.1,0.043578,0.1165,-0.13781,0.11113
8855.2,132.92,8855,133.29,0.26156,-0.34585,-0.026496,-0.07971
8855.9,132.2,8855.8,132.3,0.58178,-0.86015,0.10274,-0.26344
8856.6,131.47,8856.5,131.37,0.77037,-1.1518,0.15714,-0.33416
8857.2,127.92,8857.3,128.54,0.94807,-2.3416,0.20618,-0.63981
8857.8,122.95,8858,123.79,1.0414,-4.1815,0.22211,-1.0759
8854.8,117.37,8856.2,117.87,-0.30279,-5.9781,-0.18665,-1.4058
8857.4,110.23,8856.8,110.42,-0.079775,-7.944,-0.11196,-1.7262
8853.7,102.55,8854.6,102.08,-1.2504,-9.6259,-0.41524,-1.9058
8852.6,89.14,8852.6,89.836,-2.0629,-12.521,-0.59187,-2.3549
8849.5,80.737,8849.6,79.11,-3.2116,-13.539,-0.8432,-2.2022
8850.6,67.975,8849,66.936,-2.6189,-14.454,-0.54673,-1.9766
8851.6,52.385,8849.9,52.256,-1.1031,-15.951,0.011899,-1.9172
8851.9,40.349,8851.2,38.911,0.39374,-15.914,0.51066,-1.4217
8852.3,26.899,8852.4,25.728,1.4779,-15.299,0.81297,-0.80717
8851.9,14.176,8852.9,13.14,1.8454,-14.219,0.85232,-0.16503
8852.9,-9.8543e-13,8853.8,-0.13914,2.077,-13.607,0.80513,0.22058
