0,0,NaN,NaN,NaN,NaN,NaN,NaN
57.28,0.042403,NaN,NaN,NaN,NaN,NaN,NaN
124.04,0.45844,NaN,NaN,NaN,NaN,NaN,NaN
200.28,1.2481,NaN,NaN,NaN,NaN,NaN,NaN
285.72,1.451,NaN,NaN,NaN,NaN,NaN,NaN
389,-1.4404,NaN,NaN,NaN,NaN,NaN,NaN
501.77,-3.9582,NaN,NaN,NaN,NaN,NaN,NaN
625.65,-7.6199,NaN,NaN,NaN,NaN,NaN,NaN
758.06,-10.629,NaN,NaN,NaN,NaN,NaN,NaN
890.74,-12.679,NaN,NaN,NaN,NaN,NaN,NaN
1033.6,-15.593,NaN,NaN,NaN,NaN,NaN,NaN
1187.3,-20.612,NaN,NaN,NaN,NaN,NaN,NaN
1352.5,-28.974,NaN,NaN,NaN,NaN,NaN,NaN
1530.5,-39.998,NaN,NaN,NaN,NaN,NaN,NaN
1720,-54.366,1714.6,-52.136,186.56,-12.532,8.1467,-2.0684
1918.4,-70.28,1914.4,-69.072,199.62,-16.634,9.3893,-2.8409
2131.2,-90.374,2128.2,-89.835,214.76,-21.395,11.184,-3.7004
2353.9,-112.29,2353.8,-113.19,230.09,-25.809,12.868,-4.3258
2591.7,-139.63,2592.8,-140.54,245.69,-30.299,14.328,-4.7914
2831.4,-167.53,2836.5,-169.32,255.85,-33.172,13.775,-4.5947
3070.2,-195.14,3079.2,-197.97,259.12,-34.123,11.17,-3.8032
3306.1,-221.92,3316.7,-225.18,254.95,-32.909,6.6382,-2.433
3536.1,-243.87,3546.4,-248.15,244.7,-28.979,1.0195,-0.49977
3762.5,-263.75,3769.8,-267.41,232.28,-23.606,-4.1762,1.5177
3984,-279.07,3986.8,-281.85,218.66,-16.87,-8.7803,3.5679
4203.1,-288.47,4200.2,-290.3,206.81,-8.8491,-11.922,5.6004
4416.6,-295.25,4410.1,-294.64,197.5,-1.2383,-13.474,7.1207
4630.1,-298.86,4620.3,-296.07,192.88,4.8784,-13.01,7.8281
4840.8,-297.52,4830.9,-294.03,192.65,9.7218,-10.852,7.8613
5038.3,-291.31,5034.4,-288.28,191.9,13.399,-8.672,7.3214
5231.2,-279.59,5230.9,-277.71,189.67,16.931,-7.0826,6.6657
5414.1,-262.89,5417,-262.11,184.05,20.548,-6.7013,6.0259
5590.6,-243.28,5593.1,-242.3,175.04,24.295,-7.606,5.5546
5767.3,-222.7,5765.9,-220.68,167.6,26.789,-8.0346,4.8064
5939,-201.7,5935.2,-198.66,161.82,27.697,-7.9329,3.7441
6106.8,-179.57,6102,-176.47,158.07,27.374,-7.1778,2.5073
6271.2,-158.54,6266.8,-155.66,156.49,25.28,-5.758,0.92945
6428.8,-135.55,6427.1,-134.37,154.96,23.233,-4.4105,-0.36299
6582,-113.37,6582.6,-113.47,153.16,20.93,-3.2763,-1.5018
6730.2,-90.758,6732.6,-92.344,150.05,19.055,-2.7434,-2.2858
6876.2,-68.548,6878.4,-70.692,146.43,18.261,-2.565,-2.4728
7015.6,-47.547,7017.6,-49.23,140.48,18.109,-3.3281,-2.2706
7147.6,-26.517,7149.3,-27.809,132.62,18.426,-4.6647,-1.8472
7270,-6.8214,7272.4,-7.3017,123.65,18.536,-6.0191,-1.4743
7382.1,13.74,7384.9,13.112,112.74,18.668,-7.7061,-1.1574
7488,34.052,7489.6,33.279,102.44,18.642,-8.8264,-0.96296
7588.2,52.876,7587.8,52.458,93.359,18.197,-9.3608,-0.91876
7683.9,74.054,7681,72.872,85.694,18.675,-9.4295,-0.60753
7776.2,94.147,7771.4,93.384,80.837,19.301,-8.5876,-0.2731
7861.8,113.03,7857.6,113.09,77.353,19.482,-7.3718,-0.10357
7936.9,134.98,7935.8,134.46,72.887,20.617,-6.5053,0.31917
8004.1,155.03,8005.7,155.21,67.451,21.05,-5.9472,0.44252
8062.9,174.44,8066.1,175.2,60.223,20.942,-6.0086,0.38445
8115.3,193.59,8118.2,194.4,51.851,20.288,-6.4996,0.13986
8163.7,209.74,8164.1,211.21,43.43,18.482,-7.1275,-0.40635
8205.2,223.72,8203.9,225.39,35.484,15.773,-7.5968,-1.1246
8239.2,236.77,8237.3,237.67,28.041,12.808,-7.8298,-1.8185
8268.3,247.1,8265.9,247.6,22.333,9.6448,-7.4087,-2.4312
8291,257.17,8289.5,256.42,17.948,7.0016,-6.5176,-2.7955
8309,265.47,8308.3,264.16,14.305,5.0421,-5.4956,-2.8474
8322.3,272.01,8322.3,270.75,10.856,3.7168,-4.5938,-2.6241
8328.7,279.54,8329.8,277.57,6.1454,3.3851,-4.2902,-2.1358
8331.2,280.91,8331.8,281.04,0.71358,2.1861,-4.4021,-1.8718
8333.6,282.27,8332.1,282.77,-3.0523,0.95775,-4.1166,-1.633
8340,282.52,8335.7,282.74,-2.6651,-0.6935,-2.6831,-1.6247
8343.7,284.56,8340.2,283.55,-0.48294,-1.073,-0.92458,-1.269
8345.5,287.17,8344.3,285.42,2.1376,-0.49211,0.71879,-0.7246
8346.7,287.85,8347.6,286.78,4.2153,-0.041248,1.8804,-0.31281
8348,288.53,8349.9,288.12,5.2881,0.6774,2.4152,0.14002
8348,288.53,8350.9,288.95,5.2715,1.184,2.429,0.46407
8348.9,288.25,8351.5,289.16,4.828,1.2913,2.1793,0.59022
8348.9,288.25,8351.1,289.24,3.4449,1.3327,1.5401,0.65011
8348.9,288.25,8350.2,289.01,1.8082,0.98838,0.82306,0.51323
8349.9,287.97,8349.8,288.47,0.60609,0.43043,0.27011,0.28848
8349.9,287.97,8349.5,287.95,-0.12017,-0.11298,-0.032158,0.060127
8350.8,287.69,8350.4,287.29,0.49912,-0.71956,0.2141,-0.18416
8352.8,287.14,8352.6,287.06,1.9298,-0.49013,0.71472,-0.039622
8354.7,286.58,8355,286.75,2.9678,-0.26869,0.98289,0.089793
8356.6,286.02,8357,286.39,3.0511,-0.064553,0.8247,0.19867
8360.4,284.91,8360.3,285.32,3.7756,-0.47764,0.87581,0.057251
8367.2,282.96,8366.3,283.38,5.6086,-1.3452,1.2342,-0.21879
8375.8,280.45,8374.8,280.84,8.1141,-2.2096,1.7178,-0.43029
8387.3,277.11,8386.3,277.41,11.289,-3.2751,2.3009,-0.66751
8394.1,275.16,8395.8,274.64,12.417,-3.6022,2.2339,-0.64807
8401.7,272.93,8404.2,272.2,12.103,-3.5112,1.7077,-0.49542
8410.4,270.42,8412.5,269.81,11.305,-3.2797,1.0842,-0.31454
8420,267.63,8421,267.33,10.414,-3.0211,0.4797,-0.13916
8430.5,264.57,8430.4,264.61,9.7762,-2.8361,0.0053632,-0.0015559
8443,260.95,8441.7,261.33,10.212,-2.9625,-0.064841,0.018811
8455.5,257.32,8454.1,257.74,11.016,-3.1958,0.012347,-0.003582
8469,253.42,8467.7,253.79,12.31,-3.5713,0.272,-0.07891
8483.9,251.17,8483.1,250.74,14.351,-3.4458,0.78325,-0.029869
8499.3,246.71,8499.4,246.77,16.495,-3.8364,1.3063,-0.14028
8516.9,242.65,8517.2,242.63,18.585,-4.1756,1.7052,-0.21506
8536.3,238.04,8536.6,238.14,20.378,-4.4976,1.8732,-0.25343
8558.4,231.63,8558,232.32,22.202,-5.3052,1.9368,-0.4016
8582.4,224.67,8581.7,225.43,24.096,-6.3703,1.9523,-0.59403
8608.4,217.14,8608,217.52,26.898,-7.7466,2.3163,-0.8822
8635.3,209.34,8635.7,209.16,29.26,-8.9038,2.494,-1.0657
8663.2,198.1,8664.4,198.48,30.967,-10.765,2.4368,-1.3994
8690.5,188.1,8692.5,187.61,31.383,-12.018,1.9918,-1.4977
8717.7,173.98,8719.8,174.24,30.603,-13.891,1.2296,-1.715
8744.7,163.02,8746.3,161.92,28.95,-14.375,0.28718,-1.4835
8768.7,148.77,8770.3,148.28,26.172,-15.004,-0.81151,-1.2941
8791.2,140.17,8792.2,137.87,22.789,-13.499,-1.8904,-0.53469
8811.9,128.96,8812.1,127.55,19.298,-12.102,-2.7835,0.076276
8829.1,116.66,8829.1,116.69,15.685,-11.021,-3.4716,0.54465
8845.9,109.73,8844.8,108.76,12.782,-8.7389,-3.7764,1.2287
8860.1,101.43,8858.7,101.46,10.412,-6.7569,-3.7896,1.7039
8872,95.883,8870.6,96.063,8.3553,-4.4483,-3.6358,2.1678
8882.4,88.698,8881,90.123,6.805,-3.3894,-3.2949,2.1476
8890,82.349,8889.1,83.97,5.202,-3.246,-2.9718,1.7883
8893,78.354,8893.3,79.03,2.7248,-3.0415,-2.9072,1.4268
8903.9,73.089,8901.1,74.016,3.2993,-3.1631,-2.0201,1.04
8906,69.372,8905.5,69.631,2.6965,-3.3299,-1.5542,0.65969
8908.3,66.616,8908.3,66.572,1.8072,-2.7478,-1.2673,0.61385
8910.4,62.899,8910.2,63.09,1.0129,-2.8515,-1.0391,0.35234
8914.3,58.624,8913.3,59.271,1.5116,-3.0547,-0.48522,0.16582
8922.4,54.196,8920,54.539,4.0147,-4.1052,0.51539,-0.30346
8923.8,51.718,8924.3,51.288,4.8806,-3.9059,0.91186,-0.26364
8928,48.404,8928.9,48.236,5.7914,-3.5282,1.2319,-0.13063
8934.9,43.294,8935,43.571,7.0461,-4.3711,1.505,-0.42281
8936,39.855,8938.2,39.547,6.2672,-4.566,1.1289,-0.4519
8940.2,36.541,8941.5,35.835,5.5135,-4.6018,0.74782,-0.44355
8943.5,33.506,8944.4,32.87,4.4789,-3.9736,0.30047,-0.18065
8946.8,30.471,8947.3,30.124,3.672,-3.3274,-0.0079327,0.05824
8949.4,28.675,8949.7,28.153,2.9045,-2.5203,-0.24508,0.28308
8951.7,25.918,8951.1,26.101,1.2527,-1.8659,-0.83452,0.46105
8952.7,25.639,8952.5,25.294,0.77214,-0.92886,-0.80781,0.64587
8954.3,24.122,8954.1,24.279,0.70403,-0.48915,-0.63532,0.64285
8956.2,23.564,8955.9,23.799,1.0165,0.062418,-0.36345,0.68141
8957.2,23.286,8957.1,23.663,0.82551,0.55504,-0.31981,0.69687
8957.9,22.047,8957.6,22.862,0.22023,0.39194,-0.45441,0.50573
8958.5,20.808,8958.6,21.427,0.54878,-0.37859,-0.18622,0.11875
8959.5,20.529,8959.3,20.533,0.52086,-0.7214,-0.12916,-0.075026
8959.5,20.529,8959.4,20.276,0.07611,-0.56512,-0.2328,-0.059541
8959.2,19.569,8959.6,19.511,0.18785,-0.80832,-0.069942,-0.17039
8960.2,19.29,8960,19.025,0.21161,-0.82869,-0.030527,-0.18714
8960.2,19.29,8960.2,18.923,0.1741,-0.59693,-0.010323,-0.11208
8961.1,19.012,8960.8,18.87,0.37737,-0.33098,0.060296,-0.017268
8962.1,18.733,8961.8,18.738,0.75417,-0.18947,0.17523,0.026341
8963.1,18.454,8963,18.636,1.1584,-0.0057047,0.28623,0.09398
8963.7,17.215,8964.1,17.625,1.4763,-0.50573,0.37138,-0.081079
8965.7,16.658,8965.7,16.79,1.8583,-0.7473,0.42675,-0.14312
8968.5,15.822,8968.2,15.76,2.5074,-1.1005,0.52714,-0.24624
8970.5,15.265,8970.7,14.931,2.9099,-1.2384,0.55268,-0.26875
8974.3,14.15,8974.2,14.01,3.6439,-1.2454,0.65355,-0.21704
8979.8,11.518,8979.2,11.962,4.8648,-1.7676,0.8597,-0.30697
8981.7,10.961,8982.6,10.617,4.7923,-1.8273,0.67293,-0.27506
8985.6,9.8467,8986.3,9.4461,4.7606,-1.7131,0.52661,-0.19116
8989.1,7.7718,8989.8,7.8384,4.4954,-1.713,0.32421,-0.1244
8992,6.9359,8992.6,6.6842,3.7173,-1.491,-0.02187,-0.021382
8995.6,4.8611,8995.7,4.9831,3.2047,-1.5953,-0.23218,-0.028893
8998.4,4.0252,8998.3,3.8272,2.5437,-1.3749,-0.45965,0.052784
9001.3,3.1894,9001,2.9723,2.0937,-1.049,-0.56995,0.14857
9003,1.6717,9002.9,1.8156,1.5429,-0.95129,-0.65287,0.16807
9003.9,1.3931,9004.1,1.331,0.92709,-0.50647,-0.70496,0.28751
9004.9,1.1145,9004.9,1.062,0.32219,-0.1593,-0.74565,0.33889
9005.8,0.83586,9005.5,0.89712,-0.050431,0.092497,-0.70698,0.3482
9006.8,0.55724,9006.4,0.70199,-0.028474,0.17358,-0.53542,0.29587
9007.8,0.27862,9007.2,0.53286,-0.065589,0.23683,-0.43917,0.25658
9007.8,0.27862,9007.4,0.56427,-0.32025,0.39908,-0.42418,0.26466
9008.7,-1.9387e-12,9008.4,0.21926,0.24238,0.10547,-0.11144,0.097093
