0,0,NaN,NaN,NaN,NaN,NaN,NaN
72.118,2.9984,NaN,NaN,NaN,NaN,NaN,NaN
152.02,5.3081,NaN,NaN,NaN,NaN,NaN,NaN
238.97,13.291,NaN,NaN,NaN,NaN,NaN,NaN
335.11,24.832,NaN,NaN,NaN,NaN,NaN,NaN
439.73,37.806,NaN,NaN,NaN,NaN,NaN,NaN
553.54,54.338,NaN,NaN,NaN,NaN,NaN,NaN
674.41,70.886,NaN,NaN,NaN,NaN,NaN,NaN
802.37,86.037,NaN,NaN,NaN,NaN,NaN,NaN
938.81,99.794,NaN,NaN,NaN,NaN,NaN,NaN
1083.7,110.74,NaN,NaN,NaN,NaN,NaN,NaN
1240,117.47,NaN,NaN,NaN,NaN,NaN,NaN
1409,124.24,NaN,NaN,NaN,NaN,NaN,NaN
1590.7,129.61,NaN,NaN,NaN,NaN,NaN,NaN
1782.3,133.6,1780.3,130.46,195.83,-3.0788,11.571,-5.0198
1984.5,136.91,1984.2,132.99,209.22,-4.1855,12.522,-4.5314
2196.7,131.75,2198.3,130.89,221.68,-5.9773,13.034,-4.0609
2419.4,118.84,2422.2,120.91,233.09,-10.567,13.099,-4.3872
2652.1,97.468,2655.3,101.42,242.93,-18.154,12.571,-5.4881
2897.6,66.227,2899.3,70.882,252.49,-28.765,11.894,-7.2872
3150.1,35.002,3151.7,35.306,260.61,-38.598,10.819,-8.6929
3404.7,3.0752,3408.1,-1.4005,265.8,-45.181,9.0952,-8.9466
3662.2,-33.088,3666.7,-39.488,268.16,-48.902,6.885,-8.2155
3919.7,-72.079,3925,-78.537,267.39,-49.982,4.2047,-6.6598
4177.2,-113.9,4182,-118.6,264.25,-48.972,1.3582,-4.5284
4436.1,-158.54,4438.5,-160.31,260,-46.998,-1.3001,-2.2815
4693.6,-200.36,4693.7,-201.23,255,-43.963,-3.6701,-0.12625
4951.7,-237.23,4948.9,-238.55,250.89,-39.323,-5.2558,1.9973
5209.9,-272.69,5205.3,-273.48,248.81,-34.802,-5.7374,3.5243
5466,-307.44,5461.5,-307.36,248.11,-31.55,-5.4333,4.1907
5719.2,-337.95,5716.3,-337.84,247.98,-27.769,-4.7097,4.7786
5962.5,-362.84,5963.7,-363.08,245.05,-22.716,-4.6729,5.5462
6198,-382.79,6201.8,-382.57,238.56,-16.375,-5.5854,6.5382
6427.1,-390.73,6430.4,-391.68,228.97,-6.916,-7.3402,8.2177
6652,-393.03,6652.4,-393.33,218.99,2.4005,-8.9668,9.3857
6874,-391.09,6870.9,-389.7,211.04,10.216,-9.69,9.7601
7089,-384.93,7084.6,-381.8,204.38,16.42,-9.7841,9.5077
7294.7,-376.67,7291.4,-371.79,198.18,20.182,-9.5,8.4988
7489.9,-366.31,7488.9,-360.58,191.12,21.719,-9.2862,6.943
7676.5,-354.55,7677,-348.94,183.18,21.278,-9.2275,5.0046
7855.4,-339.28,7856.3,-335.99,174.92,19.624,-9.1776,2.8771
8028.6,-321.2,8028.4,-320.91,166.83,17.843,-9.1275,0.95742
8192.6,-303.84,8191.8,-304.77,158.1,16.367,-9.3238,-0.45995
8348.1,-283.67,8346.7,-285.83,149,16.644,-9.6385,-0.94741
8490.9,-263.54,8490.4,-265.39,138.55,17.77,-10.254,-0.90762
8620.2,-244.14,8621.5,-244.76,127.1,18.906,-10.878,-0.68733
8738.3,-221.94,8740.3,-222.5,114.92,20.642,-11.49,-0.22982
8842.9,-200.48,8845.3,-200.74,101.43,21.119,-12.33,-0.26348
8936.9,-175.51,8937.8,-176.82,87.322,22.318,-13.262,-0.087417
9020.2,-149.86,9018.9,-151.32,73.354,23.855,-14.079,0.18064
9093,-123.53,9089.7,-124.7,60.798,25.417,-14.308,0.43768
9155.2,-96.508,9151.2,-97.077,50.205,27.053,-13.779,0.72974
9208.8,-70.926,9204.9,-70.138,42.156,27.831,-12.409,0.77601
9252.6,-45.367,9250,-43.923,35.377,27.832,-10.757,0.60197
9288.6,-23.362,9287.1,-20.948,29.364,25.724,-9.1169,-0.19503
9312.6,-2.0918,9313.3,-0.30422,21.8,22.569,-8.2535,-1.2191
9329.6,13.505,9330.4,15.704,13.796,17.818,-7.7696,-2.5092
9340.9,23.431,9340.6,25.563,6.2029,11.096,-7.4038,-4.1663
9344.4,24.146,9343.8,26.871,-0.7795,2.2019,-6.9817,-6.0951
9345.8,25.564,9343.7,25.127,-5.5068,-5.12,-6.0338,-7.1932
9346.5,26.272,9342.9,22.57,-7.3388,-9.8548,-4.4652,-7.3013
9349.3,29.108,9344.7,22.69,-5.324,-10.332,-2.0548,-6.0116
9350,29.816,9347,23.702,-1.8759,-8.6868,0.34987,-4.1856
9350,29.816,9349.5,25.461,1.841,-5.5394,2.3808,-2.0697
9347.2,32.638,9349.9,29.613,4.0809,-0.83733,3.552,0.21915
9339.4,33.327,9345.3,33.366,3.137,3.0822,3.4481,1.9208
9323.2,32.581,9331.6,35.357,-2.826,5.1822,1.6738,2.7518
9294.9,31.101,9304.9,35.023,-14.605,4.974,-1.7123,2.5885
9273.7,31.051,9276.6,34.022,-24.725,3.7354,-4.3657,1.9417
9249.6,29.58,9247.6,31.376,-31.897,1.0635,-5.7637,0.76526
9226.3,27.403,9220.4,27.961,-35.183,-1.6076,-5.7568,-0.2808
9203.7,24.522,9196.3,24.307,-34.269,-3.5028,-4.3451,-0.88092
9180.3,19.517,9174.8,19.875,-30.121,-4.5951,-1.9249,-0.98842
9157,14.512,9154.5,14.625,-24.857,-5.6755,0.59524,-1.0768
9135.8,10.219,9135.9,9.671,-19.428,-6.101,2.7667,-0.95672
9115.3,6.6356,9117.5,5.4004,-15.477,-5.9597,4.0073,-0.71816
9096.9,2.3496,9099.8,1.4968,-12.81,-5.2679,4.47,-0.30123
9079.3,0.18667,9082.1,-0.90879,-12.122,-3.8046,4.005,0.26995
9063.7,-2.6784,9065.2,-3.257,-12.33,-2.7824,3.1225,0.57766
9052.4,-8.3619,9051.9,-7.2499,-11.41,-2.7073,2.6044,0.60861
9038.3,-5.5668,9039,-6.6611,-10.406,-0.31691,2.3164,1.2595
9034,-5.5768,9033.2,-5.5916,-5.8718,1.6014,3.2054,1.6591
9024.9,-10.548,9026.1,-8.1645,-4.0692,0.75438,3.0492,1.1546
9017.1,-5.6168,9019.2,-6.2452,-3.1572,2.0668,2.6633,1.2637
9014.9,-4.9147,9015.5,-4.6808,-1.6333,2.6176,2.4276,1.1291
9012.1,-4.9214,9012.7,-3.9663,-0.63874,2.3787,2.0487,0.79351
9008.6,-4.2226,9009.8,-3.2614,-0.4559,2.0993,1.5173,0.52116
9005,-3.5239,9006.5,-2.7639,-1.0146,1.5837,0.86571,0.21178
9002.9,-2.8218,9003.5,-2.4603,-1.7192,0.89387,0.25396,-0.1185
9002.2,-2.1163,9001.8,-2.2027,-1.8351,0.24242,-0.069422,-0.38935
9002.2,-2.1163,9001.3,-2.2636,-1.4722,-0.35656,-0.17128,-0.57112
9002.2,-2.1163,9001.5,-2.5507,-0.76924,-0.93895,-0.086679,-0.71737
9002.2,-2.1163,9001.8,-2.5687,-0.18465,-0.95338,-0.010092,-0.60952
9002.2,-2.1163,9002.1,-2.3234,0.055475,-0.53374,-0.035529,-0.33274
9002.2,-2.1163,9002.6,-2.6999,0.50371,-0.95764,0.080422,-0.45815
9002.2,-2.1163,9002.2,-2.502,-0.16933,-0.5672,-0.26132,-0.2342
9001.5,-1.4109,9001.9,-1.4561,-0.22748,0.52562,-0.24382,0.22973
9001.5,-1.4109,9001.6,-1.5499,-0.37852,0.11803,-0.27448,0.024036
9001.5,-1.4109,9001,-1.3436,-1.0426,0.24402,-0.53272,0.076817
9001.5,-1.4109,9000.8,-1.1767,-1.2023,0.36875,-0.56014,0.13136
9000.8,-0.70544,9000.4,-0.70171,-1.1263,0.54338,-0.45117,0.16812
9000.8,-0.70544,9000.5,-0.51786,-0.67724,0.47848,-0.21601,0.12278
9000.8,-0.70544,9000.6,-0.53231,-0.27088,0.26961,-0.032542,0.032389
9000.8,-0.70544,9000.7,-0.63789,-0.03362,0.033461,0.057283,-0.057013
9000.1,-3.898e-13,9000.3,-0.23054,-0.15976,0.15901,0.020706,-0.020609
9000.1,-3.898e-13,9000.1,-0.024898,-0.16801,0.16722,0.016723,-0.016644
9000.1,-3.898e-13,9000,0.058556,-0.12341,0.12283,0.024562,-0.024447
9000.1,-3.898e-13,9000,0.075155,-0.065678,0.065369,0.032809,-0.032655
9000.1,-3.898e-13,9000,0.05602,-0.0092586,0.0092151,0.039402,-0.039216
9000.1,-3.898e-13,9000.1,0.0080687,0.05672,-0.056454,0.051632,-0.051389
9000.1,-3.898e-13,9000.2,-0.08599,0.16843,-0.16764,0.086147,-0.085741
9000.1,-3.898e-13,9000.2,-0.079535,0.13204,-0.13142,0.057308,-0.057038
9000.1,-3.898e-13,9000.1,-0.050026,0.069912,-0.069583,0.022539,-0.022433
9000.1,-3.898e-13,9000.1,-0.025128,0.023027,-0.022918,-0.00082723,0.00082334
9000.1,-3.898e-13,9000.1,-0.048643,0.049231,-0.048999,0.010779,-0.010729
9000.1,-3.898e-13,9000.1,0.0076077,-0.032058,0.031908,-0.024473,0.024358
9000.1,-3.898e-13,9000,0.05579,-0.09367,0.09323,-0.048476,0.048248
9000.1,-3.898e-13,9000,0.065933,-0.098247,0.097785,-0.046325,0.046107
9000.1,-3.898e-13,9000.1,-3.898e-13,0,0,-5.6843e-13,1.8933e-29
9000.1,-3.898e-13,9000.1,-3.898e-13,0,0,-5.6843e-13,1.8933e-29
