0,0,NaN,NaN,NaN,NaN,NaN,NaN
44.737,4.8626,NaN,NaN,NaN,NaN,NaN,NaN
95.814,10.615,NaN,NaN,NaN,NaN,NaN,NaN
151.35,16.049,NaN,NaN,NaN,NaN,NaN,NaN
214.95,21.352,NaN,NaN,NaN,NaN,NaN,NaN
284.03,28.056,NaN,NaN,NaN,NaN,NaN,NaN
360.15,32.91,NaN,NaN,NaN,NaN,NaN,NaN
444.34,37.634,NaN,NaN,NaN,NaN,NaN,NaN
536.42,39.998,NaN,NaN,NaN,NaN,NaN,NaN
639.14,40.702,NaN,NaN,NaN,NaN,NaN,NaN
748.4,38.696,NaN,NaN,NaN,NaN,NaN,NaN
865.21,35.701,NaN,NaN,NaN,NaN,NaN,NaN
990.78,29.835,NaN,NaN,NaN,NaN,NaN,NaN
1125.6,21.959,NaN,NaN,NaN,NaN,NaN,NaN
1270.1,10.703,1270.6,10.19,149.5,-13.422,9.6921,-3.4819
1421.6,-2.4025,1422.5,-3.1882,157.87,-16.059,9.5192,-3.5032
1582.4,-23.349,1583,-22.446,166.13,-20.292,9.2904,-3.9088
1746.3,-44.966,1748.5,-44.739,172.65,-24.215,8.6169,-4.1271
1909.2,-68.303,1914.1,-69.118,175.09,-27.411,6.8685,-4.0891
2074.3,-91.799,2079.7,-94.072,174.8,-29.329,4.6232,-3.7044
2234.2,-112.24,2240.7,-116.33,170.3,-28.382,1.5454,-2.5254
2397.6,-134.71,2400.9,-138,164.89,-26.49,-1.3188,-1.2191
2566.7,-159.39,2564.7,-160.52,161.72,-24.685,-3.0539,-0.079987
2740.2,-184.39,2733.9,-183.87,161.82,-23.284,-3.4583,0.7621
2915.4,-210.4,2908.3,-208.54,165.12,-22.708,-2.5802,1.1917
3093.7,-237.09,3087.6,-234.76,170.96,-23.289,-0.8007,1.1018
3274,-268.4,3270.5,-265.03,177.73,-26.075,1.2096,0.29203
3457.7,-301.74,3456.7,-298.96,184.52,-30.43,3.013,-0.97164
3649.2,-337.45,3648.7,-336.01,191.91,-35.401,4.6504,-2.287
3841.2,-374.53,3842.7,-374.92,197.37,-39.835,5.3614,-3.2523
4031,-409.22,4034.7,-411.84,198.63,-41.099,4.5376,-3.0156
4216.9,-442.72,4222.2,-446.45,195.73,-40.014,2.5235,-2.0644
4396.1,-475.75,4402.6,-478.96,188.78,-37.211,-0.36697,-0.66292
4574,-509.13,4578.2,-510.72,180.37,-34.182,-3.2521,0.62339
4748.2,-542.7,4750.2,-542.73,172.62,-32.015,-5.3313,1.4052
4920.3,-576.11,4919.2,-574.8,165.67,-30.347,-6.7866,1.9081
5089.2,-608.84,5085.7,-606.88,159.87,-29.301,-7.5896,2.0904
5253.3,-639.89,5249.1,-638.39,155.25,-28.792,-7.736,1.954
5417.1,-669.57,5412,-668.95,153.45,-28.537,-6.7955,1.6386
5579.6,-697.37,5575.1,-697.84,154.05,-28.01,-5.0815,1.3621
5741.5,-722.42,5738.4,-723.68,156.36,-26.129,-2.9708,1.5454
5904,-750.22,5902.1,-749.86,159.29,-24.977,-1.0104,1.5466
6065.7,-777.51,6064.9,-776.12,161.03,-24.225,0.13137,1.4854
6223.1,-802.25,6224.4,-801.11,160.77,-23.243,0.42357,1.494
6376.4,-822.2,6379.3,-822.75,158.23,-21.351,-0.069331,1.6673
6524.6,-836.87,6528.6,-839.18,153.53,-17.732,-1.1581,2.2462
6669.8,-850.87,6673.3,-852.55,147.9,-13.838,-2.3718,2.8156
6813.4,-861.61,6814.7,-862.56,142.09,-9.5743,-3.5569,3.4217
6953.6,-870.32,6953.1,-869.99,136.71,-5.5393,-4.4457,3.8867
7090.5,-880.58,7088.7,-877.88,132.04,-3.394,-4.9584,3.7453
7223.6,-887.44,7221.5,-884.64,128.34,-2.0933,-4.9911,3.3214
7352.2,-893.97,7351,-891.29,125.4,-2.0908,-4.6286,2.5026
7475.8,-903.28,7475.8,-900.27,122.02,-4.2711,-4.3636,1.1135
7593.8,-908.16,7595,-907.85,117.79,-6.0727,-4.3333,-0.041768
7704.6,-913.41,7706.9,-914.64,111.76,-7.466,-4.8386,-0.89297
7812.3,-918,7813.3,-919.76,105.1,-7.3018,-5.5463,-0.9897
7916.1,-921.41,7915.3,-923.12,98.761,-5.8967,-6.1058,-0.56828
8017.3,-923.28,8014.8,-924.67,94.12,-3.7014,-6.0472,0.10256
8114.7,-921.75,8111.8,-923.4,91,-0.71062,-5.4641,0.89695
8207.1,-920.75,8205.4,-921.35,88.621,1.6715,-4.6337,1.3804
8295.6,-918.58,8295,-918.28,86.3,3.7985,-3.8635,1.7344
8380.2,-915.23,8380.5,-914.55,83.502,5.222,-3.369,1.7748
8459.7,-912.41,8461,-911.14,79.864,5.6344,-3.2226,1.4837
8536.2,-908.93,8537.3,-907.59,75.76,5.6735,-3.3102,1.1292
8608.4,-902.89,8609.1,-902.8,71.146,5.7117,-3.6067,0.74317
8677.8,-897.56,8677.6,-897.6,66.764,5.7174,-3.8491,0.42671
8741.9,-891.4,8741.7,-891.5,62.233,6.1947,-4.0976,0.36106
8800.7,-884.4,8800.9,-884.89,57.507,6.4348,-4.3189,0.1982
8854.2,-876.58,8855,-877.15,52.67,7.2172,-4.4633,0.27283
8901.1,-866.05,8902.6,-867.09,46.762,8.9985,-4.8932,0.65836
8944.4,-855.7,8945.1,-856.08,40.859,10.762,-5.2737,1.0104
8983.3,-845.04,8983,-844.73,35.101,12.024,-5.5878,1.1584
9018.2,-833.2,9017,-832.87,30.067,12.799,-5.6362,1.0913
9050.1,-820.68,9048.1,-820.27,26.3,13.551,-5.2674,1.0367
9079,-805.27,9076.8,-805.65,23.697,14.823,-4.5785,1.1082
9106.3,-792.44,9104.1,-791.8,22.5,15.102,-3.5518,0.89041
9133.7,-779.61,9131.5,-778.51,23.01,14.835,-2.1632,0.57057
9158.5,-765.24,9157.6,-764.76,23.688,14.591,-0.96169,0.28628
9182.8,-751.74,9182.8,-751.47,24.421,13.864,0.0087567,-0.11792
9205.4,-737.22,9206.2,-737.5,24.354,13.675,0.48282,-0.26895
9226.6,-723.04,9228,-723.39,23.638,13.605,0.60349,-0.33307
9246.5,-706.99,9248.1,-707.93,22.329,14.292,0.4392,-0.14747
9261.7,-689.25,9264.3,-690.6,19.393,15.799,-0.22933,0.26161
9282.5,-673.7,9282.5,-673.93,18.342,16.508,-0.33111,0.38714
9296.9,-655.45,9297.6,-655.79,16.155,17.832,-0.77371,0.69768
9315.5,-639.75,9314.4,-638.74,15.604,18.218,-0.70518,0.71485
9328.9,-620.98,9329,-620.6,14.502,18.831,-0.76311,0.75319
9341,-602.57,9341.7,-602.24,13.065,19.116,-0.88043,0.65337
9353.4,-585.53,9353.9,-584.96,12.043,18.398,-0.85084,0.2297
9365.9,-568.48,9365.8,-567.93,11.419,17.767,-0.73373,-0.059436
9376.3,-554.88,9376.4,-553.48,10.392,15.893,-0.78181,-0.64335
9385.4,-539.4,9385.7,-539.2,9.2628,14.296,-0.84667,-1.0817
9393.6,-525.64,9393.8,-525.71,7.8932,12.896,-0.99812,-1.3492
9400.2,-514.45,9400.4,-514.24,6.4059,11.007,-1.1568,-1.6819
9405.7,-501.39,9405.8,-502.29,4.9264,10.149,-1.2799,-1.6376
9403.9,-488.71,9405.9,-490.16,1.5481,9.8235,-1.8788,-1.4428
9397.8,-473.48,9400.8,-475.93,-3.2238,10.982,-2.7351,-0.83622
9391.4,-462.71,9392.3,-463.1,-8.5781,11.685,-3.7625,-0.34729
9383.9,-441.99,9382.9,-444.78,-12.188,15.132,-4.0541,0.80039
9370.4,-423.54,9369.2,-424.69,-16.581,18.929,-4.5475,1.9301
9354.5,-401.33,9353.2,-402.06,-19.819,22.712,-4.4826,2.7897
9332,-378.64,9332,-378.08,-23.767,25.856,-4.5311,3.2863
9304.2,-352.88,9305,-351.92,-28.689,28.786,-4.8132,3.5793
9273,-325.09,9273.4,-323.88,-33.738,31.204,-5.0719,3.5941
9234.1,-298.54,9235.3,-296.06,-39.747,32.251,-5.5141,3.1847
9191.3,-270.81,9191.7,-268.52,-45.941,31.864,-5.945,2.3059
9145.9,-241.54,9144.6,-240.13,-51.324,31.363,-6.1019,1.4999
9101.1,-209.19,9097.2,-209.25,-54.224,31.852,-5.535,1.1089
9054.8,-179.42,9050,-179.07,-54.814,31.38,-4.3374,0.50274
9009.7,-151.53,9005.2,-150.49,-52.152,30.011,-2.2263,-0.20632
8964.1,-124.49,8961.6,-123.45,-48.181,28.053,0.0067351,-0.93224
8919.4,-97.972,8918.6,-97.071,-44.307,26.574,1.7808,-1.284
8877.3,-72.98,8877.4,-72.857,-40.479,23.9,3.1223,-2.0206
8837.5,-51.748,8838.5,-51.252,-36.547,21.017,4.1646,-2.5812
8797.3,-37.207,8799.6,-35.574,-34.278,16.032,4.3788,-3.6186
8762.6,-27.097,8764,-25.441,-31.568,9.9599,4.5305,-4.7406
8734.4,-13.866,8734,-15.622,-27.543,5.778,4.8706,-5.1553
8706.5,-10.067,8706.7,-11.075,-24.02,0.91192,4.9211,-5.592
8680.7,-6.4276,8682.1,-8.3802,-20.581,-2.3801,4.9568,-5.3764
8658.7,-0.36756,8660.4,-4.2836,-17.265,-2.9227,4.9144,-4.3427
8641.7,6.2327,8642.9,1.6507,-13.636,-1.2728,4.902,-2.7952
8625.3,7.8623,8627.1,5.5802,-11.25,-0.17456,4.4536,-1.6072
8615.6,11.242,8616.1,10.056,-8.0216,1.8891,4.2575,-0.2634
8608.6,13.092,8608.7,13.709,-4.8281,3.578,4.0344,0.76272
8605.9,12.392,8605.6,14.765,-1.0889,3.5517,4.0109,1.0448
8603.1,11.692,8604.1,13.991,1.6296,2.2357,3.7213,0.74324
8600.7,9.6216,8602.8,11.31,2.7913,-0.10462,3.0311,0.046023
8597.1,9.4314,8600.2,9.2959,2.1455,-1.584,1.9525,-0.36931
8594.4,8.7312,8597.2,7.9841,0.80237,-1.9788,0.88066,-0.36875
8593.4,7.0109,8594.4,6.4563,-1.0435,-2.1318,-0.24741,-0.27846
8592.8,6.1507,8592,5.1667,-2.8724,-2.1658,-1.2323,-0.22118
8592.8,6.1507,8591,5.6665,-3.4379,-0.45316,-1.5716,0.49388
8592.3,5.2906,8590.5,5.8395,-3.304,0.70705,-1.5222,0.91973
8591.8,4.4304,8590.3,5.3073,-2.7552,0.86031,-1.2519,0.88857
8591.3,3.5703,8590.3,4.3743,-1.9947,0.50761,-0.87737,0.65396
8591.3,3.5703,8591,4.1011,-0.71233,0.63439,-0.30717,0.61021
8592.2,3.0602,8591.9,3.3733,0.16144,0.14723,0.0034382,0.32032
8593,2.5502,8592.9,2.6595,0.73564,-0.25731,0.15501,0.10191
8593,2.5502,8593.1,2.4658,0.42316,-0.19074,-0.031211,0.086143
8593.9,2.0402,8593.6,2.1155,0.34554,-0.22044,-0.11203,0.052964
8593.9,2.0402,8593.9,2.0762,0.17759,-0.026318,-0.17818,0.1063
8594.8,1.5301,8594.7,1.6273,0.491,-0.23692,-0.051667,0.0047515
8595.6,1.0201,8595.6,1.1248,0.77429,-0.38708,0.04475,-0.049227
8595.6,1.0201,8595.9,0.98575,0.52733,-0.24675,-0.048305,0.0048244
8595.6,1.0201,8595.8,0.90125,0.10051,-0.18507,-0.18936,0.01031
8596.5,0.51004,8596.1,0.50003,-0.019182,-0.35601,-0.22791,-0.060502
8596.5,0.51004,8596.3,0.40113,-0.097023,-0.25727,-0.22131,-0.024271
8596.5,0.51004,8596.4,0.43432,-0.12144,-0.089143,-0.18329,0.032699
8597.3,1.5357e-12,8597.1,0.16501,0.19787,-0.11733,-0.046149,0.027365
8597.3,1.5357e-12,8597.4,-0.013834,0.26354,-0.15627,-0.0053439,0.0031688
8597.3,1.5357e-12,8597.4,-0.039337,0.12572,-0.074545,-0.044404,0.02633
8597.3,1.5357e-12,8597.4,-0.024169,0.0020439,-0.0012119,-0.0712,0.04222
8597.3,1.5357e-12,8597.4,-0.031669,-0.0046746,0.0027719,-0.046875,0.027795
8597.3,1.5357e-12,8597.3,0.0066672,-0.086828,0.051486,-0.061316,0.036358
8597.3,1.5357e-12,8597.3,0.0048337,-0.058924,0.03494,-0.031631,0.018756
8597.3,1.5357e-12,8597.3,0.050504,-0.13966,0.082814,-0.056111,0.033272
8597.3,1.5357e-12,8597.2,0.071006,-0.15961,0.094646,-0.056482,0.033492
8597.3,1.5357e-12,8597.3,0.025502,-0.0335,0.019864,0.0036141,-0.002143
8597.3,1.5357e-12,8597.4,-0.012501,0.059486,-0.035273,0.043137,-0.025579
8597.3,1.5357e-12,8597.3,-0.0055004,0.038905,-0.02307,0.0297,-0.017611
