0,0,NaN,NaN,NaN,NaN,NaN,NaN
70.372,-12.721,NaN,NaN,NaN,NaN,NaN,NaN
156.68,-22.113,NaN,NaN,NaN,NaN,NaN,NaN
254.81,-29.223,NaN,NaN,NaN,NaN,NaN,NaN
366.99,-34.212,NaN,NaN,NaN,NaN,NaN,NaN
490.3,-34.179,NaN,NaN,NaN,NaN,NaN,NaN
625.59,-29.633,NaN,NaN,NaN,NaN,NaN,NaN
775.8,-23.477,NaN,NaN,NaN,NaN,NaN,NaN
939.55,-16.06,NaN,NaN,NaN,NaN,NaN,NaN
1113.6,-8.9413,NaN,NaN,NaN,NaN,NaN,NaN
1297.8,-4.3496,NaN,NaN,NaN,NaN,NaN,NaN
1488.6,-0.24266,NaN,NaN,NaN,NaN,NaN,NaN
1686.7,4.2393,NaN,NaN,NaN,NaN,NaN,NaN
1896.4,8.7731,NaN,NaN,NaN,NaN,NaN,NaN
2116.9,13.869,2116.2,11.755,221.8,0.28022,7.4495,-2.7021
2340.9,16.923,2340.8,14.608,228.26,-0.85058,6.6124,-2.8095
2570.4,21.373,2570.5,18.564,233.31,-0.55156,5.5582,-2.3612
2802.2,27.892,2803.4,24.954,236.78,1.6708,4.3606,-1.2867
3034.5,35.27,3036.9,33.287,237.91,4.9364,2.8007,0.027105
3273.1,41.304,3274.1,41.183,239.28,7.216,1.6837,0.8483
3513,47.687,3513.4,48.524,240.19,8.3494,0.72099,1.1388
3753.2,52.699,3753.1,54.374,239.86,8.0793,-0.40262,0.91449
3992.8,60.453,3992.2,60.999,238.37,7.8416,-1.6089,0.64026
4229.2,68.878,4229,68.644,235.67,7.9672,-2.8228,0.48074
4466.6,76.793,4465.3,76.707,233.39,8.2961,-3.5661,0.43969
4699.4,85.031,4699,85.026,230.9,8.5833,-4.0113,0.39712
4930.6,88.46,4930.3,90.116,228.31,7.0146,-4.2515,-0.15739
5153.5,89.794,5154.7,91.978,222.94,4.0771,-5.2106,-1.0168
5368.1,86.803,5370,89.372,214.54,-0.4053,-6.8663,-2.1727
5578.4,80.535,5578.9,82.697,205.89,-5.5407,-8.231,-3.2871
5784.6,73.22,5782.8,73.45,198.06,-10.465,-9.0562,-4.1873
5984.4,65.018,5981.7,62.992,191.37,-14.317,-9.2409,-4.6413
6176.5,55.582,6174.3,52.14,185.14,-16.53,-9.0682,-4.477
6360.6,46.282,6359,42.26,178.09,-16.44,-9.0891,-3.5292
6530.1,34.002,6531.2,31.5,168.43,-15.617,-9.7169,-2.375
6692.5,17.745,6693.6,17.904,158.08,-15.4,-10.368,-1.4569
6845.9,-0.094856,6846.3,1.3252,147.57,-16.377,-10.897,-1.0714
6990.6,-20.889,6990.1,-18.786,137.41,-18.723,-11.183,-1.2177
7127.7,-40.688,7125.6,-40.006,127.7,-20.997,-11.314,-1.4417
7254,-61.05,7251.8,-61.85,118.22,-22.962,-11.282,-1.6502
7370.4,-82.485,7368.3,-83.89,108.67,-24.022,-11.222,-1.5482
7476.2,-102.25,7475.1,-104.56,99.637,-23.625,-10.847,-1.0373
7571.6,-121.72,7571.8,-123.69,90.713,-21.805,-10.363,-0.11632
7657.3,-140.03,7657.9,-141.16,81.137,-19.03,-10.154,0.98774
7734,-157.7,7734.1,-157.66,71.141,-16.297,-10.174,1.8889
7802.7,-175.23,7801.7,-174.01,61.513,-14.354,-10.151,2.3551
7864,-195.37,7861.7,-192.57,52.939,-14.505,-9.8594,2.0502
7919.1,-214.16,7916,-211.98,46.17,-15.755,-9.0701,1.3261
7969.8,-232.63,7966.5,-231.42,42.3,-17.104,-7.4381,0.62243
8013.8,-250.61,8011.8,-250.34,39.068,-17.969,-5.8784,0.16294
8052.3,-269.99,8051.8,-269.83,36.085,-18.978,-4.5118,-0.25452
8086.8,-288.19,8087.1,-288.61,33.141,-19.234,-3.4446,-0.34818
8117.9,-304.34,8118.4,-305.71,30.088,-18.564,-2.7294,-0.16554
8146.3,-315.36,8146.7,-318.18,27.437,-15.489,-2.1262,0.71321
8171,-326.57,8171.6,-328.26,24.725,-11.732,-1.7531,1.7217
8193.7,-335.39,8194.1,-336.08,22.374,-7.9189,-1.4305,2.5812
8211.9,-343.88,8213,-342.98,19.614,-4.9403,-1.3418,3.0489
8229.3,-351.87,8230,-349.85,17.319,-3.3549,-1.2038,2.9695
8243.2,-357.81,8244.2,-355.94,14.9,-2.5483,-1.1727,2.5842
8254.5,-362.22,8255.7,-360.92,12.323,-2.0859,-1.242,2.0912
8264.5,-366.97,8265.3,-365.63,9.9676,-2.0848,-1.2932,1.5391
8272.4,-369.34,8272.9,-369.11,7.6575,-2.107,-1.3837,1.0034
8278.1,-371.54,8278.3,-371.8,5.2613,-2.1226,-1.5398,0.55403
8279.5,-371.19,8280.4,-372.31,2.431,-1.1899,-1.7746,0.48557
8281.3,-369.99,8281.5,-370.87,0.40592,0.62528,-1.7503,0.78638
8284.1,-369.29,8283,-369.08,-0.29319,2.1045,-1.3735,1.0041
8288.2,-368.24,8286.2,-367.38,0.55637,2.8803,-0.63075,0.98395
8290.9,-367.54,8289.6,-366.51,1.7654,2.4709,0.095676,0.55956
8294.2,-365.98,8293.6,-365.38,3.3178,2.0769,0.80289,0.21273
8297.9,-363.57,8298,-363.71,4.8591,1.7598,1.3597,-0.081107
8301.7,-361.15,8302.7,-361.57,6.2149,1.7234,1.7573,-0.21491
8306.3,-359.24,8307.5,-359.51,7.0207,1.6593,1.8385,-0.29767
8313.5,-353.04,8314.1,-354.71,8.2676,2.9474,1.966,0.014452
8323.8,-347.5,8323.5,-348.77,10.244,4.566,2.2022,0.41531
8333.5,-337,8333.6,-338.9,11.691,7.9106,2.1867,1.2907
8347.7,-332.65,8347,-331.46,14.036,9.0326,2.3875,1.4242
8366,-327.25,8364.8,-325.11,17.796,9.0352,2.9678,1.2021
8388.8,-322.17,8387.7,-320.09,23.119,7.8066,3.9555,0.57807
8410.1,-313.85,8411.4,-313.63,26.84,7.2292,4.3068,0.17093
8435,-303.1,8436.9,-304.51,29.623,7.9962,4.2438,0.20152
8462.4,-290.29,8464.2,-292.51,31.549,9.9878,3.8431,0.5933
8491.7,-276.27,8493.4,-278.14,33.003,12.735,3.3247,1.1926
8523.3,-260.18,8524.4,-261.42,34.13,15.918,2.7366,1.854
8557.7,-243.39,8558,-243.32,35.469,18.846,2.2786,2.3704
8595.4,-225.04,8594.8,-223.89,37.582,21.467,2.1352,2.7349
8635.4,-204.63,8634.7,-203,40.202,23.686,2.1939,2.8929
8675.5,-184.21,8675.6,-182.31,42.17,24.249,2.0881,2.4145
8716.9,-163.45,8717.6,-161.78,43.65,23.784,1.8889,1.6383
8755.6,-143.38,8758,-142.35,43.672,21.946,1.3883,0.48177
8792.3,-124.53,8795.5,-123.47,41.421,20.365,0.27069,-0.292
8829.6,-104.81,8831.5,-104.59,38.241,19.064,-1.0082,-0.82858
8865.4,-87.672,8865.8,-87.154,34.622,17.47,-2.2339,-1.2835
8899.8,-70.884,8899.2,-70.869,31.749,15.658,-2.9359,-1.7183
8932.3,-55.304,8931,-55.732,29.067,13.848,-3.4073,-2.0526
8960.2,-41.632,8959.5,-42.153,25.982,11.977,-3.7944,-2.3003
8985.7,-30.028,8985.2,-30.412,23.009,10.061,-3.9643,-2.4548
9008.5,-19.122,9008.1,-19.83,20.132,8.4724,-3.9853,-2.4471
9026.6,-10.124,9026.8,-10.694,16.586,7.0934,-4.1352,-2.3199
9041.9,-4.0534,9041.8,-4.0856,12.63,5.2108,-4.3742,-2.3293
9052.5,0.10975,9052.3,0.10646,8.0881,2.9298,-4.7357,-2.4549
9056.1,0.29725,9056.6,0.82557,2.3872,-0.061999,-5.3262,-2.7378
9063.1,-1.558,9060.6,-1.3019,-1.081,-3.2697,-5.1961,-3.0328
9063.6,-0.69819,9061.7,-2.5026,-3.8089,-4.5736,-4.7475,-2.7325
9064.6,1.0214,9062.1,-1.9527,-4.8353,-3.9316,-3.8123,-1.8935
9066,1.3705,9063,-1.0819,-4.3325,-2.6941,-2.5785,-0.99486
9066,1.3705,9063.9,0.07829,-3.0355,-0.95908,-1.2884,-0.036925
9066.9,0.85977,9065.3,0.8316,-1.0494,0.42948,-0.028575,0.66028
9066.9,0.85977,9066.6,1.5711,0.79592,1.582,0.95556,1.1448
9066.9,0.85977,9067.8,2.1322,2.4008,2.3114,1.6759,1.3794
9066.9,0.85977,9068.5,2.3304,3.148,2.4351,1.9172,1.3228
9066.9,0.85977,9068.6,2.0157,3.0647,1.83,1.7523,0.95378
9066.9,0.85977,9068.3,1.4502,2.5074,0.92846,1.3822,0.48621
9066.9,0.85977,9067.8,0.93712,1.5945,0.16933,0.88104,0.11674
9066.9,0.85977,9067.4,0.6393,0.94808,-0.24124,0.53174,-0.074579
9066.9,0.85977,9067.4,0.82545,0.79589,0.027855,0.42332,0.04278
9066.9,0.85977,9066.9,1.1458,0.12065,0.4496,0.095362,0.21864
9066.9,0.85977,9067,1.0833,0.26297,0.31996,0.14741,0.14403
9066.4,-1.1591e-13,9066.7,0.30837,0.052927,-0.2709,0.070861,-0.076298
9066.4,-1.1591e-13,9066.4,-0.080566,-0.11908,-0.45928,0.00027304,-0.13347
9066.4,-1.1591e-13,9066.3,-0.2239,-0.091092,-0.4248,0.011822,-0.10808
9066.4,-1.1591e-13,9066.3,-0.18853,-0.14246,-0.23984,-0.017652,-0.029718
9066.4,-1.1591e-13,9066.3,-0.12925,-0.057043,-0.096037,0.01215,0.020455
9066.4,-1.1591e-13,9066.3,-0.04046,0.024277,0.040872,0.037798,0.063635
9066.4,-1.1591e-13,9066.4,0.045517,0.085883,0.14459,0.054303,0.091424
9066.4,-1.1591e-13,9066.4,0.10621,0.11823,0.19906,0.058924,0.099204
