0,0,NaN,NaN,NaN,NaN,NaN,NaN
49.482,1.8779,NaN,NaN,NaN,NaN,NaN,NaN
103.19,5.2097,NaN,NaN,NaN,NaN,NaN,NaN
165.39,8.621,NaN,NaN,NaN,NaN,NaN,NaN
234.63,14.927,NaN,NaN,NaN,NaN,NaN,NaN
312.34,22.726,NaN,NaN,NaN,NaN,NaN,NaN
398.53,32.02,NaN,NaN,NaN,NaN,NaN,NaN
493.19,41.392,NaN,NaN,NaN,NaN,NaN,NaN
596.36,49.43,NaN,NaN,NaN,NaN,NaN,NaN
705.2,56.107,NaN,NaN,NaN,NaN,NaN,NaN
821.82,62.15,NaN,NaN,NaN,NaN,NaN,NaN
944.12,65.417,NaN,NaN,NaN,NaN,NaN,NaN
1072.8,69.451,NaN,NaN,NaN,NaN,NaN,NaN
1207.8,78.495,NaN,NaN,NaN,NaN,NaN,NaN
1349.1,86.89,1349.7,83.389,144.65,3.359,5.9277,-1.3378
1500.4,95.379,1498.7,92.667,150.72,5.5957,5.6469,-0.45595
1659.4,103.23,1657,102.22,158.6,7.8414,6.0411,0.38378
1829.8,106.95,1826.3,108.93,168.68,8.3248,7.0559,0.66088
2007.2,109.32,2005,112.5,179.61,6.8235,8.2491,0.26425
2190.4,107.5,2190.7,111.35,189.56,2.9079,9.0162,-0.84755
2380,99.378,2382.2,103.41,197.89,-3.8929,9.173,-2.7083
2576.7,88.492,2579.5,90.505,204.68,-11.604,8.7723,-4.6041
2780.5,70.602,2782.8,71.382,210.34,-20.067,7.9971,-6.3786
2990.7,53.479,2992.3,50.79,215.39,-26.131,7.1111,-7.1029
3204.4,37.096,3205.8,31.58,219.03,-28.383,5.914,-6.4568
3421,13.668,3422.5,9.9456,221.49,-29.307,4.6042,-5.2576
3641.2,-10.433,3642.2,-13.079,223.37,-29.176,3.396,-3.8167
3862.8,-41.592,3863.9,-41.503,224.59,-30.887,2.3045,-3.1167
4085.1,-76.28,4086.5,-74.696,224.99,-33.69,1.2743,-2.8319
4307.5,-110.97,4308.8,-110.23,224.13,-36.41,0.10045,-2.6592
4524.9,-143.58,4527.3,-145.05,220.79,-37.573,-1.5074,-2.1751
4740.8,-170.55,4742.2,-174.9,215.76,-35.223,-3.3314,-0.82044
4955.3,-194.7,4955,-199.89,210.86,-30.496,-4.7192,0.947
5172.6,-217.42,5169.3,-221.02,208.52,-24.414,-4.9992,2.8614
5388.5,-237.32,5384.4,-238.43,207.94,-17.559,-4.5431,4.7485
5598,-253.74,5595.9,-252.52,206.57,-10.955,-4.199,6.2201
5799.6,-265.29,5800.5,-262.48,202.71,-4.4782,-4.4965,7.3441
5991.3,-269.85,5994.9,-267.54,195.26,1.1971,-5.6933,7.7587
6177.3,-271.65,6180.7,-269.36,186.07,5.158,-7.1574,7.3368
6363.2,-267.78,6362.9,-266.26,178.3,9.1221,-8.0001,6.8496
6549.1,-259.68,6544.7,-258.84,173.39,12.619,-7.8987,6.165
6730.8,-250.2,6725,-248.38,170.55,15.839,-7.1355,5.5777
6906.7,-237.94,6902,-235.37,168.48,18.537,-6.1292,4.9797
7073.5,-225.06,7072.2,-221.66,165.29,19.739,-5.4235,4.0459
7231.8,-212.27,7234.2,-208.65,160.65,18.947,-5.0445,2.6349
7380.8,-196.02,7385.8,-194.55,153.27,17.509,-5.4747,1.1488
7523.5,-179.13,7528.1,-179.28,143.87,16.221,-6.5377,-0.044992
7662.6,-158.73,7663.6,-160.78,133.82,16.65,-7.8844,-0.4587
7800.3,-138.35,7796.5,-140.42,125.98,17.949,-8.5253,-0.40958
7933.8,-120.83,7927.6,-121.07,121.21,18.507,-8.0952,-0.42291
8061.6,-101.96,8056.2,-101.78,118.94,18.838,-6.7627,-0.42622
8183.1,-85.261,8180.9,-84.304,118.06,17.932,-4.9378,-0.76191
8292.5,-69.386,8295.8,-68.29,114.46,16.467,-4.0283,-1.1629
8391.4,-54.317,8398,-53.856,106.21,14.309,-4.7185,-1.7365
8479,-42.182,8486.2,-41.99,93.284,11.315,-6.882,-2.4604
8559.5,-31.528,8563.5,-31.983,78.759,8.3891,-9.3854,-3.0016
8631.5,-23.781,8631.5,-24.482,64.48,5.3172,-11.531,-3.4416
8698,-17.502,8693.8,-18.555,53.173,2.9542,-12.406,-3.5013
8755.9,-11.302,8750.3,-12.906,44.805,1.901,-12.075,-3.0739
8805.3,-5.1814,8800.6,-7.2315,38.953,1.7433,-10.763,-2.4297
8846.3,-1.9688,8843.8,-3.0553,34.227,1.5109,-9.1014,-1.8578
8879.5,0.46376,8879.2,-0.28988,29.34,0.92343,-7.6716,-1.5119
8905,2.1164,8906,1.6409,23.281,0.52834,-6.8821,-1.1516
8922.7,1.575,8924.1,2.0068,16,-0.037233,-6.6961,-0.85741
8935.4,0.28007,8935.6,0.82184,8.5833,-1.1222,-6.7451,-0.81766
8938.2,0.30657,8938.4,0.045678,0.14277,-1.4624,-7.1856,-0.59886
8938.2,0.30657,8936.8,-0.43118,-6.4282,-1.4294,-7.0162,-0.35472
8943.9,0.35957,8938.3,-0.55659,-7.5382,-1.093,-5.3061,-0.093637
8945.3,0.37282,8940.4,-0.25465,-5.787,-0.35859,-2.9469,0.25666
8945.3,0.37282,8942.4,0.23773,-2.9075,0.44866,-0.63126,0.57504
8945.3,0.37282,8944.5,0.88363,0.48532,1.3079,1.4192,0.87637
8945.3,0.37282,8946.3,1.3405,3.2772,1.7917,2.8162,0.9917
8945.3,0.37282,8947.7,1.3765,5.273,1.6525,3.6041,0.83581
8945.3,0.37282,8948.5,1.0816,6.1416,1.0851,3.7524,0.5155
8941.8,-3.1957,8946.2,-1.5975,4.6431,-0.62731,3.0111,-0.074394
8934.1,-8.2181,8939.1,-6.6556,0.35111,-3.2745,1.4051,-0.86594
8922.7,-8.3241,8927.1,-9.4169,-5.8939,-4.0516,-0.64257,-1.0235
8911.4,-9.8442,8913.1,-11.288,-11.704,-3.8174,-2.311,-0.80043
8900.8,-10.651,8899.5,-12.115,-15.457,-2.8087,-3.1079,-0.34521
8889.5,-10.757,8887.1,-12.013,-16.422,-1.4433,-2.781,0.14947
8878.2,-10.863,8875.5,-11.389,-15.905,-0.0047858,-2.0001,0.61327
8867.6,-8.8409,8864.6,-9.2313,-14.848,1.8875,-1.2282,1.1331
8859.8,-8.2067,8857,-7.3961,-11.484,3.053,0.20487,1.359
8856.3,-7.5327,8853.8,-6.0788,-6.1551,3.4005,2.0179,1.2769
8844.9,-6.2246,8847.2,-4.9278,-3.8353,3.1954,2.6975,0.98503
8841.4,-4.1365,8843,-3.5275,-1.3862,2.7617,3.1593,0.60465
8839.3,-3.4493,8840.5,-2.9633,0.50572,1.6868,3.2173,0.062688
8837.8,-3.4625,8838.8,-3.1812,1.4911,0.36776,2.8549,-0.45647
8834.3,-2.7886,8836.2,-2.8749,1.1451,-0.049437,2.1316,-0.54581
8832.2,-0.6872,8833.8,-1.3548,0.64476,0.43494,1.4771,-0.32525
8831.5,-1.4009,8832.4,-1.4408,0.50805,-0.22009,1.0384,-0.50635
8830.7,-0.70045,8831.3,-1.0337,0.14013,-0.25396,0.57872,-0.43567
8830,-8.5687e-13,8830.2,-0.39892,-0.38732,-0.068825,0.14163,-0.30012
8830,-8.5687e-13,8829.8,-0.088546,-0.47483,-0.01706,-0.056845,-0.21147
8830,-8.5687e-13,8829.8,0.038244,-0.32211,-0.018276,-0.10728,-0.14761
8830,-8.5687e-13,8829.9,-0.073216,-0.18743,-0.22528,-0.12926,-0.18267
8830,-8.5687e-13,8829.8,-0.041339,-0.37371,-0.1618,-0.25956,-0.10659
8830,-8.5687e-13,8829.6,-0.02243,-0.62157,-0.096864,-0.38398,-0.045537
8830,-8.5687e-13,8830.3,-0.084912,0.22131,-0.14195,-0.0069977,-0.045916
8830,-8.5687e-13,8830.1,-0.17391,-0.043528,-0.22368,-0.12671,-0.069867
8830,-8.5687e-13,8829.8,-0.07155,-0.42548,-0.049661,-0.28064,0.013496
8830,-8.5687e-13,8829.7,0.082762,-0.63394,0.17035,-0.34546,0.10751
8830,-8.5687e-13,8829.8,0.099213,-0.37207,0.17999,-0.20164,0.10206
8830,-8.5687e-13,8829.9,-0.0037564,-0.2237,0.025322,-0.11924,0.025446
8830,-8.5687e-13,8829.9,0.12086,-0.19325,0.18966,-0.09546,0.093688
8830,-8.5687e-13,8830,0.065467,-0.098931,0.097094,-0.046647,0.045781
