0,0,NaN,NaN,NaN,NaN,NaN,NaN
40.504,-9.4578,NaN,NaN,NaN,NaN,NaN,NaN
86.101,-18.673,NaN,NaN,NaN,NaN,NaN,NaN
137.28,-29.586,NaN,NaN,NaN,NaN,NaN,NaN
193.79,-41.226,NaN,NaN,NaN,NaN,NaN,NaN
256.36,-52.381,NaN,NaN,NaN,NaN,NaN,NaN
324.27,-64.263,NaN,NaN,NaN,NaN,NaN,NaN
397.52,-76.873,NaN,NaN,NaN,NaN,NaN,NaN
477.8,-88.755,NaN,NaN,NaN,NaN,NaN,NaN
561.72,-98.696,NaN,NaN,NaN,NaN,NaN,NaN
655.09,-109.37,NaN,NaN,NaN,NaN,NaN,NaN
755.74,-120.28,NaN,NaN,NaN,NaN,NaN,NaN
866.1,-132.89,NaN,NaN,NaN,NaN,NaN,NaN
985.67,-149.37,NaN,NaN,NaN,NaN,NaN,NaN
1107.7,-167.32,1108.5,-164.79,129.66,-15.295,8.7653,-0.89665
1234.5,-184.05,1237.4,-183.36,136.18,-18.064,8.4969,-1.5882
1366,-202.72,1369.9,-203.14,140.7,-20.669,7.6344,-2.141
1497.7,-222.36,1502.7,-223.55,142.08,-22.529,5.939,-2.3421
1636.2,-240.31,1639.1,-242.72,142.79,-22.759,4.2247,-1.9946
1777.8,-258.49,1778.7,-260.97,143.2,-21.878,2.6528,-1.3177
1923.3,-275.71,1922.2,-277.71,144.27,-19.79,1.5629,-0.3148
2075.6,-291.23,2072.2,-292.5,147.59,-16.745,1.3957,0.85716
2228.2,-307.72,2225.6,-307.33,151.37,-14.413,1.5677,1.6229
2385.1,-325.17,2383.5,-323.45,156.32,-13.686,2.2673,1.7162
2542,-342.63,2542.5,-340.58,160.04,-14.087,2.595,1.3784
2699.4,-362.03,2701.6,-359.82,162.03,-15.977,2.4153,0.57107
2861,-381.43,2862.3,-380.07,163.1,-18.194,1.8974,-0.25222
3024.7,-401.31,3024.7,-400.77,163.65,-20.029,1.2212,-0.81347
3193.2,-419.98,3191.5,-420.77,165.71,-20.989,1.1197,-1.0365
3362.8,-438.41,3360.8,-440.05,168.1,-21.243,1.1708,-1.0187
3531.3,-448.84,3530.8,-453.01,169.82,-17.75,1.1192,0.12958
3697,-459.99,3698.8,-462.9,170.11,-13.124,0.81265,1.5203
3859,-473.08,3862.6,-473.03,167.53,-9.7481,-0.26581,2.3739
4023.2,-486.66,4025.4,-484.25,164.74,-7.9852,-1.2408,2.6302
4188.6,-509.21,4188.5,-502.91,162.5,-11.114,-1.9418,1.3847
4350.9,-531.52,4349.8,-526.1,159.65,-16.66,-2.7358,-0.52251
4514.8,-552.37,4512.2,-550.37,158.43,-21.881,-2.849,-2.1531
4675.1,-575.17,4673,-575.81,157.17,-26.469,-2.8587,-3.3778
4830.8,-596.02,4830.6,-599.72,155.49,-28.766,-2.7913,-3.7212
4988.7,-617.36,4988.2,-621.97,155.03,-28.685,-2.2717,-3.1651
5145.2,-637,5144.8,-641.57,154.64,-26.171,-1.7995,-1.8216
5302.6,-656.4,5301.7,-659.18,154.76,-22.165,-1.2788,-0.074601
5461.7,-674.34,5459.7,-675.06,155.37,-17.634,-0.80527,1.6345
5620.3,-690.34,5618.3,-689.44,156.34,-13.447,-0.32583,2.9368
5776.7,-705.86,5776.1,-704.16,156.97,-11.527,0.025773,3.1311
5928.6,-719.44,5930.5,-717.96,156.14,-10.411,-0.0034948,2.9132
6079.7,-730.11,6082.5,-729.66,154.53,-9.2641,-0.23018,2.6144
6227.1,-738.59,6230.3,-738.93,150.84,-7.7694,-1.1289,2.3985
6375.8,-743.68,6376.7,-744.16,147.19,-4.5098,-1.9979,2.8324
6521.6,-745.37,6521.3,-745.9,143.74,-0.83153,-2.6831,3.2808
6665.6,-744.4,6664.1,-744.61,140.46,2.8141,-3.2393,3.6069
6806.3,-742.21,6804.9,-741.28,137.9,6.0276,-3.3616,3.7712
6940.9,-740.51,6941.4,-738.19,134.87,7.4186,-3.4234,3.3351
7071.1,-737.84,7072.6,-735.12,130.61,7.6198,-3.7964,2.5918
7199,-733.71,7200,-731.71,126.37,7.0381,-4.0595,1.6718
7323.1,-727.4,7323.5,-726.79,121.79,6.7122,-4.4114,0.94332
7447.1,-720.13,7445.4,-720.54,118.1,6.6257,-4.5181,0.39411
7571.5,-710.66,7567.8,-712.12,116.52,7.3732,-4.0041,0.20171
7691.1,-702.41,7688.3,-703.19,115.61,8.1955,-3.2758,0.16629
7808.9,-691.5,7807.4,-692.42,115.54,9.7284,-2.29,0.40889
7922.7,-680.58,7923.2,-680.85,114.67,11.213,-1.6474,0.65577
8032.1,-668.69,8034.5,-668.47,112.46,12.616,-1.4759,0.87563
8137.1,-655.83,8140.2,-655.47,108.06,13.639,-2.09,0.92879
8236.5,-645.4,8239.6,-644.14,101.82,13.096,-3.231,0.49031
8334.3,-632.3,8335.2,-632.13,95.377,12.601,-4.3705,0.082723
8429.3,-620.9,8428,-620.74,89.941,11.75,-5.0606,-0.34575
8523.4,-609.74,8520.4,-609.64,86.906,11.024,-4.8556,-0.61312
8616.6,-598.82,8612.9,-598.86,86.191,10.369,-3.895,-0.7812
8705.6,-587.91,8703.5,-588.22,86.07,9.8675,-2.794,-0.85621
8790.7,-577.96,8790.9,-578.26,85.558,9.1915,-1.8884,-0.95564
8872.5,-566.8,8874.2,-567.69,83.637,9.139,-1.5803,-0.84032
8951.3,-556.37,8953.3,-557.18,80.373,9.2046,-1.8205,-0.68899
9025.3,-543.03,9027.6,-544.47,75.933,10.695,-2.4112,-0.10361
9093.6,-527.99,9095.9,-529.67,69.754,12.909,-3.5112,0.58197
9156.2,-514.41,9157.9,-514.72,62.484,14.729,-4.7882,1.076
9215.6,-500.58,9215.6,-499.94,55.695,15.834,-5.723,1.2663
9271.7,-489.67,9270.1,-487.51,50.269,15.195,-6.0478,0.90273
9323.8,-479.72,9321.7,-477.1,46.382,13.496,-5.7455,0.28041
9372.6,-468.56,9370.5,-467.37,43.463,11.384,-5.1353,-0.47205
9418.4,-458.13,9416.6,-457.98,41.427,9.574,-4.2996,-1.0239
9457.2,-448.43,9457.3,-449.06,38.237,8.0265,-3.9071,-1.407
9492.1,-439.7,9492.9,-440.69,34.237,6.8128,-3.8383,-1.5934
9523.4,-432.91,9524.2,-433.56,30.13,5.6505,-3.818,-1.6654
9548.6,-426.6,9550,-427.06,25.135,4.9734,-4.0789,-1.5034
9570.2,-422.23,9570.9,-422.1,19.791,4.0801,-4.4608,-1.3825
9587,-419.08,9587,-418.56,14.15,3.0719,-4.9207,-1.2783
9601.5,-415.44,9600.2,-415.66,9.6318,2.0146,-4.9823,-1.2725
9610.5,-414.23,9609.4,-414.45,5.6251,0.45557,-4.8154,-1.4461
9612.7,-414.71,9612.9,-414.85,1.1797,-1.2026,-4.7149,-1.6
9614.9,-415.2,9614.1,-415.86,-2.1633,-2.43,-4.3241,-1.6003
9616.1,-415.93,9614.2,-416.75,-3.9735,-2.6815,-3.5673,-1.252
9619.2,-416.17,9616,-417.13,-3.3849,-2.189,-2.2633,-0.72555
9621.2,-415.68,9618.4,-416.81,-1.6999,-1.2676,-0.87012,-0.18955
9621.4,-416.65,9620.2,-416.93,-0.031928,-0.60019,0.27373,0.18984
9621.4,-416.65,9621.7,-416.74,1.7715,0.14328,1.2803,0.50705
9621.4,-416.65,9622.8,-416.42,2.9865,0.78814,1.867,0.72259
9621.4,-416.65,9623.3,-416.07,3.4812,1.2753,2.0347,0.84131
9621.4,-416.65,9623.5,-415.92,3.4852,1.375,1.938,0.78487
9621.4,-416.65,9623.1,-415.89,2.776,1.2781,1.516,0.65644
9621.4,-416.65,9622.5,-416.07,1.725,0.90768,0.96362,0.42957
9621.4,-416.65,9621.6,-416.45,0.50344,0.28676,0.36795,0.11932
9621.4,-416.65,9621.3,-416.64,0.038933,-0.0065009,0.13703,-0.020247
9621.4,-416.65,9621.6,-416.67,0.42918,-0.042053,0.2894,-0.034936
9621.4,-416.65,9621.8,-416.67,0.6557,-0.043568,0.35821,-0.03263
9621.2,-415.68,9621.7,-415.99,0.62089,0.32084,0.32417,0.075776
9620.9,-414.71,9621.2,-415.02,0.10692,0.71532,0.092616,0.16849
9620.7,-413.74,9620.7,-413.91,-0.26035,1.0413,-0.056011,0.22402
9620.4,-412.77,9620.4,-412.63,-0.36163,1.4464,-0.080249,0.32096
9619.9,-410.83,9620,-410.86,-0.47229,1.8889,-0.097466,0.38982
9618.5,-409.13,9618.8,-409,-0.9055,2.2013,-0.19925,0.40622
9617.3,-408.41,9617.4,-407.82,-1.3231,1.9929,-0.28274,0.26761
9615.8,-406.71,9615.8,-406.44,-1.7071,1.8312,-0.34262,0.14888
9614.4,-405.01,9614.2,-404.95,-1.9595,1.6906,-0.3528,0.047106
9612.7,-402.34,9612.5,-402.72,-2.1306,1.9144,-0.33187,0.0615
9611.2,-400.65,9610.9,-400.73,-2.0944,1.9655,-0.24956,0.037402
9610.7,-398.71,9610.1,-398.71,-1.5798,2.021,-0.040301,0.029569
9610.5,-397.74,9609.9,-397.34,-0.80266,1.746,0.21838,-0.056839
9609,-396.04,9609.2,-395.87,-0.45346,1.5781,0.32442,-0.1004
9607.8,-395.31,9608.3,-395.05,-0.33036,1.0626,0.34486,-0.2475
9606.6,-394.58,9607.1,-394.48,-0.44297,0.56236,0.27555,-0.36387
9606.4,-393.61,9606.5,-393.82,-0.40212,0.28671,0.23306,-0.39323
9605.1,-392.88,9605.4,-393.19,-0.67092,0.12151,0.094609,-0.37994
9604.2,-393.13,9604.2,-393.24,-0.93851,-0.31936,-0.026971,-0.44799
9603,-392.4,9603,-392.83,-1.1511,-0.27471,-0.099727,-0.34739
9601.8,-391.67,9601.7,-392.03,-1.3675,0.15019,-0.16343,-0.12215
9600.3,-389.97,9600.3,-390.5,-1.544,0.86477,-0.19285,0.13885
9599.1,-389.25,9599,-389.23,-1.5516,1.2897,-0.15909,0.27755
9597.9,-388.52,9597.8,-388.27,-1.4255,1.3553,-0.079873,0.26808
9595.7,-388.03,9595.9,-387.58,-1.6612,1.2658,-0.11779,0.21875
9594.2,-386.34,9594.1,-386.33,-1.8852,1.4046,-0.17185,0.21963
9593,-385.61,9592.7,-385.35,-1.8681,1.3652,-0.14905,0.17523
9591.8,-384.88,9591.5,-384.66,-1.54,1.0732,-0.010889,0.043401
9591.6,-383.91,9591.1,-383.85,-0.88699,0.9295,0.19729,-0.018303
9590.4,-383.18,9590.4,-383.17,-0.55016,0.72384,0.28485,-0.092173
9589.4,-383.43,9589.6,-383.2,-0.48144,0.1937,0.26055,-0.2455
9589.1,-382.46,9589.2,-382.71,-0.18146,0.12787,0.31055,-0.23315
9589.1,-382.46,9589.2,-382.44,0.12448,0.090355,0.34093,-0.18535
9589.1,-382.46,9589.2,-382.44,0.3686,-0.091092,0.34478,-0.19803
9589.1,-382.46,9589.3,-382.52,0.46684,-0.25036,0.29836,-0.20507
9589.1,-382.46,9589.4,-382.67,0.44049,-0.41846,0.21842,-0.22579
9589.1,-382.46,9589.3,-382.65,0.28076,-0.33097,0.10283,-0.14559
9589.1,-382.46,9589.2,-382.57,0.12127,-0.16694,0.0091772,-0.048475
9589.1,-382.46,9589.2,-382.48,0.087566,0.0038914,-0.013205,0.036751
9589.1,-382.46,9589.2,-382.48,-0.033129,0.0079519,-0.065556,0.038117
9589.1,-382.46,9589.1,-382.41,-0.14612,0.11283,-0.1074,0.080442
9589.1,-382.46,9589,-382.38,-0.22092,0.15228,-0.1286,0.090039
9589.1,-382.46,9588.9,-382.4,-0.30728,0.11268,-0.15399,0.064462
9589.1,-382.46,9589,-382.4,-0.16653,0.094588,-0.079997,0.050498
9589.1,-382.46,9589.1,-382.37,-0.033623,0.13448,-0.015854,0.063408
9589.1,-382.46,9589.1,-382.46,-4.5475e-13,0,-3.4106e-13,2.1316e-14
9589.1,-382.46,9589.1,-382.46,-4.5475e-13,0,-3.4106e-13,2.1316e-14
9589.1,-382.46,9589.1,-382.46,-4.5475e-13,0,-3.4106e-13,2.1316e-14
9589.1,-382.46,9589.1,-382.46,-4.5475e-13,0,-3.4106e-13,2.1316e-14
9589.1,-382.46,9589.1,-382.46,-4.5475e-13,0,-3.4106e-13,2.1316e-14
9589.1,-382.46,9589.1,-382.46,-4.5475e-13,0,-3.4106e-13,2.1316e-14
9589.1,-382.46,9589.1,-382.46,-4.5475e-13,0,-3.4106e-13,2.1316e-14
9589.1,-382.46,9589.1,-382.46,-4.5475e-13,0,-3.4106e-13,2.1316e-14
9589.1,-382.46,9589.1,-382.46,-4.5475e-13,0,-3.4106e-13,2.1316e-14
9589.1,-382.46,9589.1,-382.46,-4.5475e-13,0,-3.4106e-13,2.1316e-14
9589.1,-382.46,9589.1,-382.46,-4.5475e-13,0,-3.4106e-13,2.1316e-14
9589.1,-382.46,9589.1,-382.46,-4.5475e-13,0,-3.4106e-13,2.1316e-14
9589.1,-382.46,9589.1,-382.46,-4.5475e-13,0,-3.4106e-13,2.1316e-14
9589.1,-382.46,9589.1,-382.46,-4.5475e-13,0,-3.4106e-13,2.1316e-14
9589.1,-382.46,9589.1,-382.46,-4.5475e-13,0,-3.4106e-13,2.1316e-14
9589.1,-382.46,9589.1,-382.46,-4.5475e-13,0,-3.4106e-13,2.1316e-14
9589.1,-382.46,9589.1,-382.46,-4.5475e-13,0,-3.4106e-13,2.1316e-14
9588.2,-382.7,9588.5,-382.62,-0.33421,-0.083562,-0.091941,-0.022988
9587,-381.97,9587.3,-382.22,-0.85985,0.14012,-0.22612,0.041152
9585.5,-380.27,9585.7,-380.84,-1.4534,0.81653,-0.3612,0.22321
9584,-378.58,9584,-378.96,-1.9344,1.5904,-0.44361,0.41031
9579.9,-374.45,9580.5,-375.25,-3.1294,3.0689,-0.70284,0.76375
9572.4,-369.12,9573.8,-369.85,-5.5636,4.9823,-1.2612,1.185
9561,-360.63,9563,-361.64,-9.3987,7.7227,-2.1231,1.7645
9547.4,-355.78,9548.8,-354.64,-13.784,8.9288,-3.0063,1.8232
9536.5,-349.23,9535.1,-347.68,-16.382,9.4314,-3.2437,1.6345
9524.4,-341.95,9521.8,-340.55,-17.54,9.4504,-2.9839,1.289
9511.3,-334.92,9508.6,-333.71,-17.596,8.8962,-2.3765,0.79276
9497.7,-325.95,9495.5,-325.82,-16.816,8.6612,-1.553,0.42976
9482.2,-317.46,9481.4,-317.64,-16.109,8.4177,-0.81986,0.1231
9466.7,-308.97,9466.7,-309.27,-15.398,8.2539,-0.18356,-0.085392
9450.7,-298.54,9451.4,-299.42,-14.897,8.918,0.28103,0.013704
9432.7,-288.6,9434.3,-289.13,-15.5,9.6727,0.29042,0.1627
9414.8,-278.66,9416,-278.67,-16.813,10.363,-0.01684,0.30868
9395.8,-268.95,9396.3,-268.38,-18.702,10.808,-0.54417,0.39194
9376.9,-259.25,9376.5,-258.57,-20.137,10.645,-0.87682,0.24996
9357,-249.8,9356.4,-249.29,-20.959,10.003,-0.92859,-0.04422
9337.6,-238.15,9337,-238.91,-20.737,9.8236,-0.59393,-0.21274
9316.3,-227,9316.5,-227.65,-20.722,10.425,-0.33128,-0.042148
9294,-216.08,9294.5,-216.43,-21.588,10.818,-0.42556,0.045406
9270.4,-204.44,9271.2,-204.73,-22.812,11.362,-0.6153,0.17557
9246.9,-192.8,9247.2,-192.79,-23.938,11.923,-0.76593,0.31039
9223.1,-180.19,9222.9,-180.32,-24.801,12.482,-0.83125,0.39991
9199.9,-169.52,9199.1,-168.77,-24.941,12.42,-0.66584,0.32145
9177.3,-157.64,9176.1,-157.13,-24.477,12.299,-0.3638,0.22028
9153.1,-147.21,9152.6,-146.59,-24.187,11.4,-0.13738,-0.129
9130.7,-136.3,9130.2,-136.15,-23.152,10.628,0.29025,-0.38839
9106.5,-125.87,9107,-125.99,-22.742,9.9324,0.47019,-0.57487
9083.4,-116.17,9084,-116.29,-22.31,9.293,0.60891,-0.68714
9060.6,-107.44,9061.1,-107.38,-22.064,8.5696,0.62767,-0.77494
9036.6,-97.977,9037.4,-98.314,-22.443,8.2649,0.43325,-0.71322
9013.6,-88.276,9013.8,-89.03,-22.938,8.1798,0.18024,-0.61688
8992.5,-78.091,8991.8,-78.997,-22.494,8.7308,0.23596,-0.32167
8970.7,-69.117,8970.2,-69.336,-21.898,9.1403,0.34705,-0.08371
8951,-60.629,8950.3,-60.343,-20.528,9.1433,0.68215,-0.0045713
8930.2,-51.413,8930.3,-51.258,-19.567,9.196,0.86033,0.059856
8910.8,-43.895,8911.1,-43.313,-18.6,8.5923,1.0032,-0.094091
8893.5,-36.862,8893.4,-36.143,-17.296,7.8279,1.1832,-0.25721
8876.6,-30.799,8876.6,-30.196,-16.142,6.5314,1.2668,-0.58363
8861.5,-24.251,8861.4,-24.297,-14.59,5.6363,1.4521,-0.74095
8846.7,-18.673,8846.9,-18.998,-13.519,4.7152,1.4273,-0.89052
8833.4,-14.793,8833.7,-14.887,-12.254,3.6177,1.475,-1.0403
8822.2,-15.521,8822.1,-14.282,-10.835,1.2826,1.5195,-1.4698
8812,-16.006,8812,-15.231,-9.3333,-0.97423,1.5789,-1.7907
8804.8,-15.764,8804.5,-16.301,-7.1171,-2.496,1.8487,-1.8688
8800.2,-9.7008,8799.6,-13.089,-4.4919,-1.1083,2.1667,-1.1208
8798,-9.2158,8797.4,-10.905,-1.6849,-0.16786,2.4527,-0.56141
8795.3,-6.7905,8796,-7.9139,0.43449,1.3545,2.5165,0.12231
8789.7,-5.0929,8792.3,-5.1014,0.24673,2.6155,1.8901,0.63837
8785.4,-4.1229,8788,-3.1484,-0.70476,3.0986,1.1411,0.82272
8782.9,-2.6677,8784.2,-1.3823,-1.7346,3.3454,0.42818,0.88981
8781.7,-1.9402,8781.5,-0.45879,-2.4347,2.8839,-0.11975,0.68546
8780.5,-1.2126,8779.6,-0.13959,-2.695,1.9389,-0.42426,0.30263
8779.3,-0.48501,8778.1,-0.27041,-2.717,0.64112,-0.57165,-0.20758
8779.3,-0.48501,8778,-0.83974,-1.8844,-0.64301,-0.36589,-0.64945
8779.3,-0.48501,8778.5,-1.2079,-0.74454,-1.2595,-0.030642,-0.77442
8779.3,-0.48501,8779.2,-0.94068,0.31608,-0.82113,0.27916,-0.45161
8779.3,-0.48501,8779.9,-0.58415,1.1187,-0.23854,0.49738,-0.1122
8779.3,-0.48501,8780.1,-0.4085,1.1886,0.069136,0.42411,0.064156
8779.3,-0.48501,8779.8,-0.72183,0.57535,-0.31055,0.094714,-0.086186
8779.3,-0.48501,8779.2,-0.50689,-0.3679,0.042475,-0.33048,0.08243
8779.3,-0.48501,8778.8,-0.48716,-0.8883,0.08638,-0.52914,0.096874
8779.3,-0.48501,8778.9,-0.41551,-0.68881,0.18465,-0.3968,0.13028
8779.3,-0.48501,8779.1,-0.33379,-0.46709,0.28023,-0.26489,0.15893
8779.3,-0.48501,8779.1,-0.35162,-0.38322,0.22992,-0.20408,0.12244
8779.3,-0.48501,8779.1,-0.35947,-0.32837,0.19701,-0.1622,0.097315
8779.3,-0.48501,8779.2,-0.41701,-0.1681,0.10085,-0.079261,0.047554
8779.3,-0.48501,8779.3,-0.48501,-4.5475e-13,2.7756e-17,-4.5475e-13,3.4694e-17
8779.3,-0.48501,8779.3,-0.48501,-4.5475e-13,2.7756e-17,-4.5475e-13,3.4694e-17
8778.3,-0.72757,8778.7,-0.64823,-0.33421,-0.083562,-0.091941,-0.022988
8778.3,-0.72757,8778.3,-0.73891,-0.44208,-0.11053,-0.11119,-0.027801
8778.3,-0.72757,8778.1,-0.77727,-0.39945,-0.099874,-0.084294,-0.021076
8778.3,-0.72757,8778.1,-0.78076,-0.27063,-0.067664,-0.033533,-0.0083842
8778.3,-0.72757,8778.2,-0.76404,-0.10836,-0.027094,0.023081,0.0057709
8777.1,3.725e-12,8777.5,-0.24942,-0.37165,0.26218,-0.043125,0.086906
8777.1,3.725e-12,8777.1,0.046843,-0.38946,0.37234,-0.035831,0.10918
8777.1,3.725e-12,8777,0.17904,-0.27472,0.35573,0.0065691,0.091206
