0,0,NaN,NaN,NaN,NaN,NaN,NaN
61.603,-20.762,NaN,NaN,NaN,NaN,NaN,NaN
132.08,-43.313,NaN,NaN,NaN,NaN,NaN,NaN
208.28,-67.694,NaN,NaN,NaN,NaN,NaN,NaN
294.19,-84.683,NaN,NaN,NaN,NaN,NaN,NaN
389.2,-96.187,NaN,NaN,NaN,NaN,NaN,NaN
491.19,-108.87,NaN,NaN,NaN,NaN,NaN,NaN
602.66,-121.44,NaN,NaN,NaN,NaN,NaN,NaN
725.14,-129.13,NaN,NaN,NaN,NaN,NaN,NaN
861.18,-133.82,NaN,NaN,NaN,NaN,NaN,NaN
1009.2,-137.09,NaN,NaN,NaN,NaN,NaN,NaN
1170.8,-134.19,NaN,NaN,NaN,NaN,NaN,NaN
1341.2,-129.92,NaN,NaN,NaN,NaN,NaN,NaN
1518.5,-123.67,NaN,NaN,NaN,NaN,NaN,NaN
1702.5,-116.39,1708,-115.15,198.63,11.099,12.528,3.0971
1896.6,-110.25,1901.5,-108.12,204.98,10.999,11.003,2.1863
2102.8,-105.87,2104.7,-102.72,211.43,9.6853,9.6032,1.1579
2315.2,-101.4,2316.1,-98.485,217.61,7.6804,8.3386,0.13412
2533.4,-95.609,2533.7,-94.835,222.78,4.9259,6.9855,-1.0785
2756.2,-88.175,2756.6,-90.005,227.17,3.0105,5.7135,-1.8979
2981.9,-78.494,2983.2,-81.98,230.73,3.6546,4.5976,-1.7004
3217.1,-71.86,3216.9,-73.944,235.53,4.7383,4.1399,-1.2196
3453,-63.321,3453.7,-64.959,239.27,6.3039,3.5755,-0.60052
3686.6,-61.45,3689.3,-59.891,239.82,5.783,2.2423,-0.5648
3918.8,-61.178,3922.1,-58.304,237.27,3.714,0.2522,-0.94685
4146.8,-60.64,4149.9,-58.891,231.48,0.69153,-2.3534,-1.6575
4378.6,-64.483,4378.1,-63.091,226.8,-3.4548,-4.1353,-2.6109
4611.4,-62.307,4608.1,-64.85,224.51,-5.2565,-4.747,-2.8147
4842.2,-62.683,4838.5,-66.113,223.75,-5.8773,-4.5681,-2.6001
5068.7,-63.745,5066.3,-66.804,222.4,-5.2018,-4.4134,-1.9119
5292,-64.845,5290.5,-66.782,220.02,-3.4022,-4.4769,-0.8606
5515,-66.898,5513.4,-67.1,218.37,-1.6083,-4.1834,0.10316
5731.9,-68.074,5732,-67.4,215.82,-0.079713,-4.0565,0.81522
5950.4,-67.651,5949.7,-67.047,214.21,1.185,-3.6264,1.2355
6162.9,-63.189,6163.2,-63.98,211.47,3.0688,-3.5624,1.6205
6374.1,-56.213,6373.3,-57.634,207.67,5.9325,-3.9574,2.1712
6585.3,-49.237,6582.8,-50.027,205.25,8.2356,-3.8823,2.3984
6789.5,-41.079,6788.5,-40.677,202.56,10.902,-3.7607,2.7745
6988.3,-33.304,6989.1,-31.403,199.09,12.493,-3.7565,2.7751
7176.1,-27.242,7180.1,-23.947,192.73,12.178,-4.4696,2.1872
7354.4,-21.295,7359.5,-17.808,182.32,10.79,-6.3351,1.3565
7525.4,-18.282,7528.8,-15.31,170.01,6.79,-8.5503,-0.27536
7688.6,-16.945,7689.3,-15.224,157.54,2.2595,-10.458,-1.8091
7842.3,-15.723,7841.1,-16.085,145.72,-1.6296,-11.756,-2.9004
7986.8,-16.825,7984.3,-18.248,134.84,-4.7862,-12.428,-3.5168
8119.3,-19.337,8117,-21.205,123.97,-6.723,-12.819,-3.5305
8242.1,-22.915,8240.1,-24.773,114.13,-7.5984,-12.609,-3.1021
8354.7,-28.513,8353.1,-29.684,104.37,-8.1513,-12.3,-2.5525
8459.2,-33.578,8457.6,-34.937,95.944,-8.2652,-11.493,-1.9619
8554.1,-38.757,8552.8,-40.147,87.45,-7.8758,-10.83,-1.3178
8640.2,-42.146,8638.6,-43.85,78.617,-6.3572,-10.44,-0.44471
8718.6,-46.259,8716.6,-47.278,70.639,-4.8564,-9.856,0.26302
8790.5,-48.238,8787.9,-49.153,63.741,-2.7978,-9.063,0.99123
8854.7,-50.942,8852.9,-50.771,58.154,-1.0737,-7.927,1.4934
8911.9,-52.464,8911.2,-51.856,53.092,0.27841,-6.7944,1.7472
8962.5,-51.854,8962.6,-51.306,47.791,1.9722,-5.9762,2.0255
9005.9,-51.015,9006.6,-50.108,41.806,3.2151,-5.5779,2.0722
9043.8,-47.395,9044.4,-47.135,35.74,4.5287,-5.3648,2.0407
9075.7,-42.899,9076,-42.69,29.632,5.9037,-5.2864,2.0032
9100.6,-37.222,9101.3,-36.955,23.499,7.2066,-5.2494,1.9277
9119.8,-32.878,9120.4,-31.667,17.348,7.6074,-5.2743,1.6096
9132.4,-29.564,9133.2,-27.531,11.026,7.0357,-5.3765,1.0814
9134.3,-27.011,9136.4,-24.912,2.9125,5.4092,-6.0043,0.30478
9136.5,-26.668,9136.2,-24.632,-3.3517,2.6797,-6.0472,-0.67985
9141.8,-23.125,9137.8,-23.453,-5.4003,0.82721,-4.9093,-1.3055
9143.4,-21.525,9139.2,-22.515,-5.321,-0.53489,-3.321,-1.6397
9144,-19.62,9140.6,-21.325,-3.7556,-1.2411,-1.5474,-1.6947
9144.6,-17.715,9142.7,-19.451,-1.0549,-0.89803,0.27482,-1.3316
9144.6,-17.715,9144.6,-18.413,1.7556,-0.64538,1.7991,-0.97012
9144.6,-17.715,9146.3,-17.869,4.0616,-0.42709,2.8391,-0.63954
9144.6,-17.715,9147.4,-17.521,5.4261,-0.11238,3.2985,-0.30869
9144.9,-16.763,9147.9,-16.914,5.5244,0.18474,3.1073,-0.091527
9144.3,-15.505,9147.1,-15.923,4.2506,0.5429,2.3585,0.066869
9143.9,-13.296,9145.7,-14.126,2.4598,1.1211,1.4365,0.21966
9144.5,-11.391,9144.9,-11.901,1.0471,1.8582,0.68809,0.41175
9144.5,-8.229,9144.5,-8.6408,0.41533,3.0069,0.34015,0.70594
9145.1,-6.3241,9145.4,-5.7385,1.1962,3.7229,0.60209,0.85316
9145.7,-4.4192,9146.2,-3.1999,1.5142,4.0409,0.63626,0.87036
9146,-3.4668,9146.3,-2.0788,1.0704,3.098,0.35979,0.43159
9146.3,-2.5144,9146.7,-1.4949,0.93394,1.9738,0.25582,-0.0061061
9146.6,-1.5619,9146.9,-1.2883,0.76798,0.72711,0.1596,-0.45144
9146.6,-1.5619,9146.9,-1.6995,0.42258,-0.54996,0.017358,-0.83407
9146.9,-0.60951,9147,-1.4231,0.20365,-0.9126,-0.06556,-0.84404
9146.9,-0.60951,9146.9,-1.288,-0.060862,-1.027,-0.15109,-0.73757
9146.9,-0.60951,9146.8,-1.1251,-0.28267,-0.8628,-0.21017,-0.52974
9146.9,-0.60951,9146.7,-0.96078,-0.40113,-0.59303,-0.22395,-0.3109
9146.9,-0.60951,9146.8,-0.76325,-0.27344,-0.2513,-0.1358,-0.096624
9146.9,-0.60951,9146.8,-0.63085,-0.14285,-0.012785,-0.058815,0.040613
9146.9,-0.60951,9146.9,-0.52469,-0.092071,0.1671,-0.0269,0.1304
9146.9,-0.60951,9146.9,-0.57683,0.034953,0.10924,0.032685,0.10215
9146.9,-0.60951,9146.9,-0.55442,0.047044,0.14702,0.036034,0.11262
9146.9,-0.60951,9146.9,-0.55784,0.044159,0.13801,0.031722,0.099139
9146.9,-0.60951,9147,-0.51084,0.061352,0.19174,0.036127,0.11291
9146.9,-0.60951,9147,-0.51022,0.056029,0.1751,0.030442,0.095137
9146.9,-0.60951,9147,-0.53419,0.040276,0.12587,0.020843,0.065141
9146.9,-0.60951,9147,-0.52049,0.042244,0.13202,0.019919,0.06225
9146.9,-0.60951,9146.9,-0.60951,-4.5475e-13,5.5511e-17,-3.4106e-13,2.7756e-17
9146,-0.30476,9146.3,-0.40445,-0.32811,0.10499,-0.090263,0.028882
9146,-0.30476,9145.9,-0.29051,-0.43401,0.13887,-0.10916,0.034929
9146,-0.30476,9145.8,-0.24231,-0.39216,0.12548,-0.082755,0.02648
9146,-0.30476,9145.8,-0.23793,-0.26569,0.085014,-0.032921,0.010534
9146,-0.30476,9145.8,-0.25894,-0.10639,0.034041,0.02266,-0.0072506
9146,-0.30476,9145.9,-0.29041,0.045277,-0.014488,0.070493,-0.022556
9145,4.8462e-12,9145.4,-0.11583,-0.16794,0.053736,0.011014,-0.0035241
9145,4.8462e-12,9145.1,-0.023404,-0.2135,0.068315,0.00073538,-0.0002353
9145,4.8462e-12,9145,0.016732,-0.17234,0.055146,0.012672,-0.0040549
9145,4.8462e-12,9144.9,0.027488,-0.10272,0.032869,0.028218,-0.0090291
9145,4.8462e-12,9144.9,0.024799,-0.040232,0.012873,0.037145,-0.011886
