0,0,NaN,NaN,NaN,NaN,NaN,NaN
41.151,4.5349,NaN,NaN,NaN,NaN,NaN,NaN
89.338,7.1962,NaN,NaN,NaN,NaN,NaN,NaN
145.24,11.072,NaN,NaN,NaN,NaN,NaN,NaN
205.43,12.384,NaN,NaN,NaN,NaN,NaN,NaN
272.83,14.051,NaN,NaN,NaN,NaN,NaN,NaN
346.06,15.73,NaN,NaN,NaN,NaN,NaN,NaN
424.26,17.932,NaN,NaN,NaN,NaN,NaN,NaN
509.31,21.862,NaN,NaN,NaN,NaN,NaN,NaN
603.8,25.981,NaN,NaN,NaN,NaN,NaN,NaN
707.37,31.66,NaN,NaN,NaN,NaN,NaN,NaN
819.52,38.04,NaN,NaN,NaN,NaN,NaN,NaN
939.39,45.636,NaN,NaN,NaN,NaN,NaN,NaN
1059.2,59.062,NaN,NaN,NaN,NaN,NaN,NaN
1181.7,76.781,1186.6,75.254,134.08,16.789,7.4412,3.3037
1306,95.703,1311.8,95.188,134.94,21.109,5.6625,3.9203
1433,115.32,1437.6,116.49,133.67,24.443,3.4398,4.1391
1566.2,133.57,1567,136.61,132.74,25.413,1.5746,3.5784
1702.7,153.37,1700.7,156.68,133.14,25.345,0.44567,2.7745
1842.3,172.49,1838.7,175.63,134.89,23.824,-0.0085786,1.6096
1985.8,190.42,1981.6,192.96,138.65,21.11,0.39766,0.23979
2134.4,205.28,2130.7,207.31,144.74,17.01,1.6552,-1.3294
2288.3,217.05,2285.7,218.21,152.29,11.901,3.3001,-2.9291
2448.8,228.32,2447.2,227.64,160.55,7.5912,4.914,-3.9645
2614.6,238.75,2614.1,236.56,168.38,4.7561,6.0819,-4.2867
2782.3,250.37,2783.7,246.95,173.92,4.4333,6.279,-3.6646
2950.5,262.86,2953.6,259.27,176.38,6.2064,5.4325,-2.3921
3117,270.54,3121.8,269.21,176.04,6.8573,3.9126,-1.593
3285.7,278.06,3289.7,277.7,174.22,6.9394,2.1552,-1.0851
3457.4,282.66,3459.1,283.63,172.59,6.041,0.71075,-0.92442
3623.4,289.48,3625.4,289.73,169.02,5.6727,-1.0192,-0.67214
3792.7,297.86,3792,297.19,165.88,6.3161,-2.3592,-0.20081
3958.1,303.82,3957,303.6,162.81,6.1853,-3.324,-0.098139
4119.7,310.98,4119,310.33,159.53,6.2391,-3.999,-0.0094862
4286.4,315.06,4283.4,315.36,159,5.489,-3.6331,-0.16459
4449.8,317.59,4447.4,318.67,159.19,4.3154,-2.9635,-0.37278
4612,322,4610.6,322.47,159.47,3.9561,-2.2814,-0.29259
4775,323.68,4773.5,324.66,159.83,2.9613,-1.6943,-0.41656
4936.3,322.77,4935.3,324.23,159.75,0.87399,-1.338,-0.86415
5095.8,320.67,5095.6,321.48,159.24,-2.0467,-1.137,-1.5627
5249.5,318.55,5251.4,317.92,156.9,-4.5824,-1.4415,-2.0788
5396.1,318.3,5400.2,316.2,151.87,-4.8573,-2.4311,-1.7724
5535.4,321.31,5540,317.93,143.5,-2.7081,-4.3089,-0.76657
5667.6,326.18,5671,323.18,132.83,1.4021,-6.6322,0.74131
5794,331.04,5795.2,329.73,122.41,5.2295,-8.4434,1.9167
5916.8,335.73,5914.4,336.34,113.18,7.9513,-9.6234,2.5503
6037.2,338.35,6032,341.22,107.58,8.8531,-9.3693,2.5419
6151,343.71,6146.2,346.2,104.11,8.8834,-8.2927,2.1514
6260.8,348.03,6256.6,350.51,101.48,8.1002,-7.0496,1.5317
6366.4,351.31,6363.9,353.4,100.21,6.1698,-5.4204,0.59013
6467.3,356.29,6466.8,356.42,98.796,4.123,-4.0203,-0.35759
6563.8,358.02,6564.7,358.01,96.28,1.8605,-3.2333,-1.1652
6656.2,358.7,6657.7,358.55,92.585,-0.05631,-3.0394,-1.6464
6742.3,358.52,6744.1,358.29,87.055,-1.4398,-3.5527,-1.794
6826,356.27,6826.6,356.46,81.616,-2.8222,-4.0511,-1.8336
6906,351.62,6905.5,352.19,76.81,-4.8386,-4.3094,-2.0271
6982.1,344.55,6981.2,345.03,72.865,-7.6993,-4.2413,-2.4605
7056.7,334.92,7055.3,335.02,70.431,-11.035,-3.6989,-2.9684
7125.5,325.27,7125.3,324.14,67.823,-13.452,-3.2439,-3.1035
7191.9,313.56,7192,312.12,65.083,-15.122,-2.9318,-2.9355
7253.5,303.55,7254.2,301.26,61.517,-14.929,-2.9559,-2.1855
7313.5,290.97,7313.9,289.38,58.514,-14.781,-2.8208,-1.5565
7370.5,279.07,7370.7,277.84,55.555,-13.878,-2.7374,-0.77117
7425.2,267.34,7425,266.63,52.849,-12.607,-2.6364,-0.0013939
7476.7,254.06,7476.5,254.33,50.182,-12.135,-2.557,0.36419
7522.5,242.99,7523.4,243.13,46.522,-11.015,-2.7796,0.84131
7565.8,233.47,7566.6,233.3,42.687,-9.5678,-3.0262,1.2656
7606.1,221.02,7606.7,222.06,39.197,-9.4232,-3.1087,1.1909
7646.1,209.95,7645.4,210.83,36.564,-9.537,-2.9793,0.99642
7684.7,198.53,7683.3,199.37,34.984,-9.8976,-2.5754,0.73183
7722.8,186.25,7720.9,187.25,34.491,-10.599,-1.9287,0.40461
7759.1,175,7757.7,175.48,34.316,-10.984,-1.3095,0.21512
7794.2,163.4,7793.6,163.58,34.622,-11.461,-0.59944,0.0044376
7829.8,154.9,7829.6,153.86,35.34,-10.672,0.090166,0.19018
7863.3,146.55,7864.4,145.31,35.645,-9.5837,0.54686,0.41356
7896.8,138.21,7898.1,137.64,35.306,-8.1332,0.64377,0.76931
7927.1,130.55,7929.1,130.54,33.607,-6.8362,0.24997,1.0268
7959,119.63,7959.8,121.38,31.921,-7.0174,-0.19237,0.83872
7990.6,110.09,7990.4,111.81,30.703,-7.5151,-0.47134,0.57724
8022.4,102.77,8021.7,103.1,30.511,-7.8966,-0.36974,0.2912
8054.4,94.084,8053.6,94.059,31.004,-8.639,-0.067968,-0.094115
8080.5,83.156,8082.1,83.682,29.848,-9.7892,-0.23335,-0.48118
8111.2,79.954,8111.4,77.584,29.459,-8.5557,-0.20901,-0.16749
8137.7,73.486,8138.7,72.036,28.178,-7.1337,-0.44729,0.22391
8163.2,67.531,8164.2,67.069,26.368,-5.5578,-0.82742,0.66876
8188.8,61.576,8189.1,62.088,24.837,-4.3886,-1.0762,0.94719
8213.5,56.133,8213.3,57.189,23.526,-3.5845,-1.2279,1.0726
8238.5,49.319,8237.5,50.857,22.71,-4.1871,-1.2356,0.69397
8264.6,44.223,8263,44.873,23.165,-4.795,-0.83265,0.31814
8291.6,38.613,8289.8,38.765,24.597,-5.5518,-0.17873,-0.069453
8318,32.144,8317.4,32.111,26.484,-6.5033,0.57854,-0.44909
8345.4,27.393,8345.4,26.721,28.126,-6.3213,1.1061,-0.37432
8369.8,23.322,8371.5,22.274,28.208,-5.7,1.0755,-0.18391
8394.7,20.109,8396.4,18.925,27.353,-4.6515,0.69942,0.10734
8420.4,16.384,8421.3,16.103,26.389,-3.3119,0.28131,0.51962
8446.1,12.658,8446.6,13.32,25.989,-2.1899,0.12117,0.84182
8474.8,6.0228,8473.5,7.631,26.043,-3.4889,-0.0071182,0.28814
8502.6,-0.099934,8501.4,1.2715,26.912,-4.7936,0.19957,-0.15553
8528.6,-5.1968,8528.7,-4.9157,27.288,-5.8423,0.2778,-0.4936
8554.4,-8.9223,8555.1,-9.8819,27.2,-6.0267,0.23294,-0.54401
8577.9,-12.48,8579.6,-13.887,26.187,-5.5938,-0.043031,-0.39461
8601,-14.667,8602.6,-16.229,24.568,-4.1823,-0.47622,0.063217
8622.5,-15.828,8623.7,-17.172,22.189,-2.3556,-1.1059,0.57962
8642.2,-15.963,8642.7,-16.621,19.304,-0.064651,-1.8159,1.1967
8660.6,-16.444,8660.2,-15.762,16.524,1.8249,-2.3757,1.6321
8676.3,-15.386,8675.7,-14.349,13.726,3.1473,-2.8159,1.7746
8689.4,-15.019,8689,-13.469,11.369,3.3869,-2.9312,1.5185
8702.9,-13.793,8701.8,-12.661,10.001,2.971,-2.6913,1.0319
8714.2,-12.401,8713.3,-11.812,8.9563,2.2812,-2.3472,0.50255
8723.5,-14.441,8723,-13.205,7.8423,0.38392,-2.0481,-0.28017
8735.8,-11.332,8733.9,-12.057,7.8855,0.35791,-1.5251,-0.36276
8742.3,-8.2328,8742.1,-9.4976,7.0801,1.1076,-1.2828,-0.18192
8755.7,-9.2371,8753.6,-8.9407,8.6391,0.69704,-0.41323,-0.31317
8763.3,-10.252,8763.2,-9.607,9.1588,-0.23643,0.040296,-0.55706
8772.9,-7.8335,8773.1,-8.5082,9.9236,0.053011,0.47984,-0.40409
8776.5,-7.6553,8778.9,-7.9091,8.3735,0.064838,0.15049,-0.34056
8788.1,-7.6338,8787.7,-7.7089,8.7187,-0.0997,0.31859,-0.33211
8795,-5.9062,8795.3,-6.567,8.2943,0.28363,0.21259,-0.17453
8798.6,-5.7281,8800,-5.8339,6.4296,0.46236,-0.30924,-0.075455
8808.2,-3.3094,8807.3,-3.9945,6.4541,1.1102,-0.23761,0.11788
8811.3,-3.9897,8812,-3.4909,5.3365,0.99245,-0.45976,0.093459
8813.5,-4.1571,8814.5,-3.5764,3.3838,0.5348,-0.90765,-0.040366
8820.2,-4.6592,8819.2,-4.1008,3.3249,-0.0082978,-0.73439,-0.17283
8822.6,-2.5968,8822.6,-2.9446,2.8802,0.59989,-0.65313,0.065779
8825.7,-3.2771,8825.4,-3.3028,2.2657,-0.12144,-0.67673,-0.2102
8827.9,-3.4445,8828,-3.7386,2.1408,-0.67168,-0.48138,-0.38414
8831.5,-3.2664,8830.6,-3.5186,1.7597,-0.36462,-0.51628,-0.19637
8832,-2.4079,8832.3,-2.7491,1.4831,0.20919,-0.40462,0.039071
8832.9,-2.9208,8833.2,-2.8566,0.96913,0.026775,-0.40006,-0.02132
8834.3,-2.5753,8834.5,-2.515,1.2055,0.29791,-0.12311,0.097049
8834.3,-2.5753,8834.3,-2.3304,0.063991,0.41471,-0.44063,0.14725
8834.3,-2.5753,8834.2,-2.4191,-0.34499,0.20739,-0.4283,0.056697
8834.3,-2.5753,8834.2,-2.4841,-0.41574,0.083875,-0.30061,0.010165
8834.3,-2.5753,8833.7,-2.7265,-0.99185,-0.24999,-0.439,-0.12627
8834.3,-2.5753,8833.9,-2.6293,-0.45391,-0.090418,-0.11686,-0.040913
8834.3,-2.5753,8834.2,-2.5616,0.064942,0.01585,0.14646,0.012286
8834.3,-2.5753,8834.1,-2.527,-0.01224,0.06753,0.11295,0.036197
8834.3,-2.5753,8834.4,-2.695,0.38664,-0.15998,0.27839,-0.064512
8834.3,-2.5753,8834.5,-2.5769,0.51394,0.015673,0.30866,0.016505
8834.3,-2.5753,8834.5,-2.5201,0.51054,0.090944,0.27923,0.04739
8834.3,-2.5753,8834.4,-2.5319,0.24658,0.066837,0.13959,0.032958
8834.3,-2.5753,8834.4,-2.5959,0.30023,-0.025434,0.1499,-0.0098918
8834.3,-2.5753,8834.4,-2.543,0.19009,0.047896,0.089631,0.022583
8834.3,-2.5753,8834.3,-2.5753,4.5475e-13,0,-3.4106e-13,1.1102e-16
8834.3,-2.5753,8834.3,-2.5753,4.5475e-13,0,-3.4106e-13,1.1102e-16
8834.8,-1.7169,8834.6,-1.9977,0.1767,0.29573,0.048609,0.081355
8834.8,-1.7169,8834.8,-1.6768,0.23373,0.39118,0.058786,0.098388
8834.8,-1.7169,8834.9,-1.541,0.21119,0.35346,0.044566,0.074589
8834.8,-1.7169,8834.9,-1.5286,0.14308,0.23947,0.017729,0.029672
8834.8,-1.7169,8834.8,-1.5878,0.057293,0.095888,-0.012203,-0.020424
8834.8,-1.7169,8834.8,-1.6765,-0.024383,-0.040809,-0.037963,-0.063537
8834.8,-1.7169,8834.7,-1.7623,-0.086259,-0.14437,-0.054541,-0.091282
8834.8,-1.7169,8834.7,-1.8229,-0.11875,-0.19875,-0.059182,-0.099051
8835.3,-0.85844,8835,-1.268,0.05832,0.097607,-0.0027814,-0.004655
8835.3,-0.85844,8835.2,-0.92914,0.14597,0.2443,0.025861,0.043283
8835.8,-1.811e-12,8835.7,-0.16411,0.35226,0.58956,0.085375,0.14289
8835.8,-1.811e-12,8835.9,0.23761,0.40001,0.66948,0.094226,0.1577
