0,0,NaN,NaN,NaN,NaN,NaN,NaN
40.894,-5.8008,NaN,NaN,NaN,NaN,NaN,NaN
87.914,-8.0689,NaN,NaN,NaN,NaN,NaN,NaN
142.92,-11.445,NaN,NaN,NaN,NaN,NaN,NaN
207.4,-14.258,NaN,NaN,NaN,NaN,NaN,NaN
279.67,-15.022,NaN,NaN,NaN,NaN,NaN,NaN
360.71,-13.997,NaN,NaN,NaN,NaN,NaN,NaN
448.83,-9.6979,NaN,NaN,NaN,NaN,NaN,NaN
549.66,-0.52483,NaN,NaN,NaN,NaN,NaN,NaN
664.6,11.073,NaN,NaN,NaN,NaN,NaN,NaN
795.83,25.542,NaN,NaN,NaN,NaN,NaN,NaN
943.63,43.849,NaN,NaN,NaN,NaN,NaN,NaN
1102.4,64.392,NaN,NaN,NaN,NaN,NaN,NaN
1270.7,89.621,NaN,NaN,NaN,NaN,NaN,NaN
1447.7,116.64,1453.7,118.29,194.94,31.73,16.501,4.5342
1632.5,141.58,1640.3,144.81,203,32.305,14.761,3.6037
1828.9,163.42,1835.1,167.71,209.17,29.559,12.566,1.7773
2034.9,182.66,2038.4,186.89,214.21,24.809,10.222,-0.32662
2249.1,197.63,2250,201.23,218.7,18.264,8.0092,-2.5882
2464.1,211.39,2465.2,212.59,221.32,11.696,5.7175,-4.462
2681.9,224.36,2683.3,222.76,222.75,6.5907,3.6473,-5.5228
2902.8,237.52,2904.3,233.42,224.06,3.7949,2.149,-5.6298
3130.6,248.87,3130.3,244.06,226.38,2.7627,1.3465,-5.0534
3362.2,259.17,3360.8,254.98,229.28,3.5145,0.97047,-3.8417
3592.3,267.81,3591.7,265.36,230.44,5.048,0.23496,-2.4252
3822.4,276.45,3821.9,275.42,229.87,6.8892,-0.83163,-1.0747
4051.9,279.03,4051.5,281.09,228.58,6.4648,-1.7925,-0.57817
4281.4,281.61,4280.8,283.75,227.33,4.3842,-2.4146,-0.79749
4513.8,283.42,4512,284.44,227.55,1.6171,-2.3539,-1.3258
4742.8,284.07,4742,283.92,227.36,-0.94164,-2.2596,-1.7683
4970,289.36,4969.7,286.5,225.8,-0.88148,-2.559,-1.4087
5195.1,291.05,5194.6,288.97,223.12,-0.27671,-3.1302,-0.87624
5417.5,290.36,5416.8,290.12,219.82,0.20718,-3.7512,-0.35415
5635.1,286.84,5635.2,288.45,216.28,-0.53685,-4.1544,-0.24132
5844.8,281.28,5846.7,283.71,210.9,-2.5584,-4.8869,-0.54857
6047.7,273.4,6050.3,275.74,203.47,-5.7915,-6.0406,-1.2338
6245.9,263.67,6247,265.15,194.78,-9.4883,-7.436,-1.9995
6437.9,253.56,6437.1,253.28,185.91,-12.764,-8.6458,-2.5814
6626.1,241.33,6623.3,240,178.97,-15.555,-8.9684,-2.9332
6807.6,226.79,6804.4,225.08,173.17,-17.881,-8.7391,-3.0522
6978.1,214.14,6977.1,211.69,166.62,-17.671,-8.5719,-2.27
7145.5,201.3,7144.1,199.16,160.8,-16.25,-8.1323,-1.1959
7307.6,187.83,7305.8,186.87,155.4,-14.382,-7.6287,-0.11077
7464.8,175.65,7463,175.34,151.12,-12.3,-6.8009,0.83494
7615.7,163.1,7614.7,163.3,146.77,-11.364,-6.1058,1.1507
7759.6,151.39,7759.5,151.86,141.51,-10.349,-5.8151,1.4063
7893.5,141.32,7895.1,141.62,134.15,-9.1238,-6.214,1.625
8016.6,133.13,8019.6,133.17,124.44,-7.4697,-7.2289,1.8865
8134.4,124.3,8136.2,125.01,114.85,-6.3517,-8.0439,1.9158
8244.8,115.36,8245.3,116.66,105.64,-5.9317,-8.6135,1.7075
8350.2,106.74,8348.6,108.12,97.599,-6.0908,-8.7827,1.3221
8449,96.787,8446.3,98.36,90.769,-7.2411,-8.5464,0.67103
8542,88.387,8538.8,89.097,84.992,-8.0139,-8.0213,0.22971
8625.8,80.39,8624.2,80.477,79.488,-8.3174,-7.3646,0.010268
8702,71.31,8702.4,71.257,74.237,-9.0745,-6.5797,-0.32955
8769.7,57.284,8771.7,58.608,67.44,-11.378,-6.397,-1.0127
8829.6,52.611,8831.9,50.519,59.327,-10.654,-6.6958,-0.72646
8882,39.576,8883.6,39.589,50.192,-11.353,-7.3668,-0.82075
8926.7,28.616,8927.1,28.568,40.634,-11.662,-8.1464,-0.73944
8963.2,21.921,8962.5,20.365,31.183,-10.303,-8.7938,-0.19679
8992.1,14.143,8990.8,12.955,22.812,-8.8223,-8.9357,0.29395
9015.3,7.9204,9013.6,6.8472,16.232,-7.0955,-8.4156,0.75926
9032.7,3.2537,9030.8,2.4957,10.745,-4.8656,-7.6259,1.3116
9045.3,-0.11676,9043.4,-0.32322,6.5427,-2.5155,-6.5503,1.8079
9047.2,-0.63529,9047.5,-0.78113,0.95156,0.19609,-6.0451,2.2994
9048.2,-0.89456,9047.6,-0.13089,-3.6636,2.4732,-5.4092,2.5719
9048.2,-0.89456,9046,0.52445,-6.4325,3.5022,-4.4338,2.3578
9053,-2.1909,9048.2,-0.060114,-4.9233,2.9969,-2.4304,1.6799
9053,-2.1909,9050,-0.56348,-2.5803,2.2154,-0.51253,1.0079
9053,-2.1909,9051.9,-0.95168,0.26653,1.4751,1.2135,0.47799
9053,-2.1909,9053.7,-2.1612,2.901,-0.35789,2.5136,-0.42902
9053,-2.1909,9055.1,-2.4087,4.7777,-0.7285,3.2514,-0.59271
9052,-1.9316,9055.3,-2.5188,5.3513,-1.006,3.3442,-0.6947
9052.3,-0.96581,9055.4,-2.1321,5.2775,-1.06,3.068,-0.72546
9052.5,2.1361e-13,9055.1,-0.97531,4.4708,-0.37164,2.4593,-0.44339
9052.8,0.96581,9054.4,0.45376,3.0196,0.44424,1.6066,-0.12451
9052.8,0.96581,9053.5,1.2681,1.4024,0.81051,0.76027,0.040334
9052.8,0.96581,9052.8,1.5533,0.31392,0.74654,0.21567,0.043226
9052.8,0.96581,9053.1,1.3163,0.60368,0.19321,0.31617,-0.15035
9052.8,0.96581,9053.3,0.97077,0.83484,-0.3318,0.38879,-0.31574
9052.8,0.96581,9053.4,0.68077,0.77634,-0.67147,0.33572,-0.39633
9052.8,0.96581,9052.8,0.61703,0.0017894,-0.6533,-0.021463,-0.32755
9052.8,0.96581,9052.8,0.55908,-0.09714,-0.62977,-0.057846,-0.27415
9052.8,0.96581,9052.7,0.63246,-0.16589,-0.44352,-0.079911,-0.1645
9052.8,0.96581,9052.7,0.80546,-0.17828,-0.15439,-0.077689,-0.025605
9052.8,0.96581,9052.7,1.0102,-0.10589,0.14018,-0.040383,0.10166
9052.8,0.96581,9052.8,1.1429,0.081929,0.3052,0.04363,0.16253
9052.8,0.96581,9052.8,1.1325,0.070202,0.26152,0.034678,0.12918
9052.8,0.96581,9052.8,1.0561,0.035938,0.13388,0.016945,0.063125
9052.8,0.96581,9052.8,0.96581,0,0,-2.2737e-13,-5.5511e-17
9052.8,0.96581,9052.8,0.96581,0,0,-2.2737e-13,-5.5511e-17
9052.8,0.96581,9052.8,0.96581,0,0,-2.2737e-13,-5.5511e-17
9052.8,0.96581,9052.8,0.96581,0,0,-2.2737e-13,-5.5511e-17
9052.8,0.96581,9052.8,0.96581,0,0,-2.2737e-13,-5.5511e-17
9052.8,0.96581,9052.8,0.96581,0,0,-2.2737e-13,-5.5511e-17
9052.8,0.96581,9052.8,0.96581,0,0,-2.2737e-13,-5.5511e-17
9052.8,0.96581,9052.8,0.96581,0,0,-2.2737e-13,-5.5511e-17
9052.8,0.96581,9052.8,0.96581,0,0,-2.2737e-13,-5.5511e-17
9052.8,0.96581,9052.8,0.96581,0,0,-2.2737e-13,-5.5511e-17
9052.8,0.96581,9052.8,0.96581,0,0,-2.2737e-13,-5.5511e-17
9052.8,0.96581,9052.8,0.96581,0,0,-2.2737e-13,-5.5511e-17
9052.8,0.96581,9052.8,0.96581,0,0,-2.2737e-13,-5.5511e-17
9052.8,0.96581,9052.8,0.96581,0,0,-2.2737e-13,-5.5511e-17
9052.8,0.96581,9052.8,0.96581,0,0,-2.2737e-13,-5.5511e-17
9052.5,2.1361e-13,9052.6,0.31594,-0.089316,-0.33272,-0.024571,-0.091531
9052.5,2.1361e-13,9052.5,-0.045134,-0.11814,-0.44011,-0.029715,-0.11069
9052.5,2.1361e-13,9052.5,-0.1979,-0.10675,-0.39767,-0.022527,-0.083918
9052.5,2.1361e-13,9052.5,-0.21178,-0.072324,-0.26942,-0.0089615,-0.033383
9052.5,2.1361e-13,9052.5,-0.14519,-0.02896,-0.10788,0.0061683,0.022978
