0,0,NaN,NaN,NaN,NaN,NaN,NaN
47.541,-11.87,NaN,NaN,NaN,NaN,NaN,NaN
105.51,-23.251,NaN,NaN,NaN,NaN,NaN,NaN
173.18,-32.932,NaN,NaN,NaN,NaN,NaN,NaN
252.01,-39.214,NaN,NaN,NaN,NaN,NaN,NaN
342.71,-35.064,NaN,NaN,NaN,NaN,NaN,NaN
443.12,-33.336,NaN,NaN,NaN,NaN,NaN,NaN
550.81,-27.239,NaN,NaN,NaN,NaN,NaN,NaN
666.98,-16.048,NaN,NaN,NaN,NaN,NaN,NaN
793.82,0.72581,NaN,NaN,NaN,NaN,NaN,NaN
925.99,22.352,NaN,NaN,NaN,NaN,NaN,NaN
1066.9,50.043,NaN,NaN,NaN,NaN,NaN,NaN
1217.3,82.589,NaN,NaN,NaN,NaN,NaN,NaN
1375.1,120.47,NaN,NaN,NaN,NaN,NaN,NaN
1542,161.27,1540.4,162.65,168.05,46.507,6.8587,6.1112
1714.9,205.71,1714,207.56,175.99,50.097,6.9232,5.5615
1891.7,249.17,1892.6,252.73,182.63,51.657,6.6982,4.5498
2069,290.46,2072.5,295.5,186.39,50.274,5.7556,2.8569
2249.4,331.99,2253.3,336.16,187.63,46.725,4.2169,0.73605
2433.5,375.7,2435.9,376.57,187.42,42.52,2.4458,-1.3699
2621.7,419.41,2621.7,418.19,187.4,40.036,1.017,-2.4685
2814.2,468.22,2812,464.03,188.8,40.455,0.32505,-2.4432
3009,517.51,3006,512.93,191.09,42.771,0.13116,-1.7011
3202.5,566.08,3200.7,563.07,192.75,45.648,-0.056689,-0.73109
3398.5,616.1,3397.5,614.64,195.04,48.922,0.17852,0.33792
3596.6,666.61,3596.1,666.74,197.47,51.66,0.52591,1.1312
3795.5,715.9,3795.6,717.72,199.3,52.841,0.68901,1.3368
3993.4,765.44,3994.3,767.53,199.75,52.463,0.44234,0.95746
4186.6,808.91,4189,812.32,197.16,48.944,-0.68643,-0.34611
4375.6,851.41,4378.3,853.59,191.97,43.862,-2.4031,-2
4559.6,891,4562,891.85,185.11,38.597,-4.2822,-3.4102
4740.6,926.23,4741.5,926.51,178.36,33.393,-5.7057,-4.4578
4919.5,957.81,4918.3,957.47,172.69,28.37,-6.4987,-5.1783
5094.2,984.3,5091.9,983.83,167.79,23.151,-6.8247,-5.7378
5265.1,1004.5,5262.2,1004.5,163.67,17.459,-6.7639,-6.2192
5430.1,1021,5427.7,1020.2,159.46,11.591,-6.611,-6.6546
5587.5,1036.4,5586.8,1033.8,154.58,7.5675,-6.5116,-6.4002
5740.7,1047.6,5740.8,1044.9,150.01,4.8036,-6.1936,-5.7042
5889.4,1056.8,5889.5,1054.1,145.15,3.0778,-5.9909,-4.7709
6033.2,1063.2,6032.9,1061,139.89,1.9084,-5.9798,-3.7877
6172.5,1067.6,6171.4,1066,134.5,1.2174,-6.0562,-2.8033
6308.3,1070.8,6306.2,1069.7,129.83,0.84419,-5.9254,-1.9111
6435.6,1073,6434.9,1072.6,124.79,1.2335,-5.8253,-0.91023
6557.8,1075.5,6557.8,1075.2,119.74,1.7017,-5.6652,-0.14728
6674,1078.4,6674.7,1078,114.47,2.4665,-5.536,0.48487
6785.8,1080.4,6786.3,1080.5,109.11,3.0256,-5.4744,0.88432
6892.3,1081.6,6892.4,1082.3,103.41,3.0815,-5.5832,0.99737
6994.6,1082.9,6993.9,1083.8,98.087,3.0909,-5.5997,1.0413
7092.1,1081.2,7090.9,1083.3,93.094,2.2326,-5.5405,0.83001
7183.3,1079,7182.6,1081.2,88.262,0.60052,-5.3856,0.36076
7267.3,1076.6,7267.9,1077.9,83.006,-1.4703,-5.2928,-0.25925
7342,1070.4,7344.3,1071.8,75.873,-4.3932,-5.7439,-1.0331
7409.4,1059.7,7412,1061.5,67.401,-8.6821,-6.5338,-2.0853
7470.3,1060,7471.9,1056.8,58.387,-8.6762,-7.4,-1.7672
7522.7,1051,7523.3,1049.7,48.746,-9.2604,-8.3458,-1.5617
7570.4,1048.4,7568.8,1045.7,40.108,-7.5695,-8.8787,-0.69411
7608.5,1039.9,7607,1039.7,32.143,-6.8279,-9.0003,-0.15556
7639.6,1032.1,7638,1032.8,24.796,-6.555,-8.832,0.15539
7665,1026.8,7663.3,1026.9,18.708,-5.8326,-8.2304,0.491
7683.5,1022.2,7682.2,1022.1,13.121,-4.7465,-7.5209,0.83917
7698,1018.6,7696.5,1018.3,8.6625,-3.5255,-6.5803,1.1175
7708.4,1014.9,7706.8,1014.9,4.9989,-2.658,-5.6011,1.1964
7710.4,1010.3,7710.2,1011.1,0.37785,-2.3479,-5.0883,1.1008
7720.6,1005.7,7716.6,1006.7,-0.10597,-2.7087,-3.5754,0.78288
7721.1,999.41,7719.4,1000.8,-0.78613,-3.9123,-2.3412,0.2625
7721.1,991.16,7720.5,993.16,-0.80253,-5.5446,-1.1179,-0.23042
7725.2,978.79,7723.8,981.72,1.1592,-8.6875,0.38115,-1.0551
7730,965.21,7728.9,966.51,4.1426,-13.775,1.8287,-2.5213
7732.7,951.14,7733.6,950.8,6.4396,-17.139,2.7634,-3.1294
7735.6,933.93,7737.5,932.55,7.5424,-20.824,3.0357,-3.7681
7738.8,913.55,7741.3,912.42,8.1513,-23.357,3.03,-3.7691
7741,893.42,7744,891.67,7.5892,-24.722,2.5616,-3.358
7743.2,869.17,7745.7,868.23,6.1991,-26.375,1.7997,-3.0418
7746.8,846.62,7748.1,844.96,5.155,-26.791,1.1814,-2.3926
7748.3,823.58,7749.4,821.83,3.4944,-26.382,0.43224,-1.5971
7752.9,800.78,7752.4,799.22,3.1641,-25.242,0.18224,-0.71231
7757.8,778.95,7757.1,777.67,4.0721,-23.441,0.41298,0.20929
7762.6,757.13,7761.6,756.53,4.1855,-21.743,0.25949,0.90698
7770.6,735.54,7769.6,735.71,6.727,-20.257,1.0131,1.3942
7778.9,714.93,7778.8,715.54,9.2603,-18.873,1.6594,1.7299
7789.1,693.83,7789.1,695.29,11.217,-17.958,1.9353,1.8551
7801.2,672.25,7801.2,674.12,13.185,-18.183,2.1216,1.5393
7815,649.21,7815.3,651.2,15.379,-19.76,2.3417,0.78932
7830.3,627.87,7830.8,628.66,17.265,-20.983,2.3945,0.22072
7847.3,605.08,7847.8,605.55,18.917,-22.252,2.3308,-0.2648
7866.5,582.77,7866.9,582.47,20.702,-23.257,2.2988,-0.60819
7886.6,560.22,7887.2,559.78,22.162,-23.468,2.1555,-0.58611
7907,538.64,7907.9,537.73,22.896,-23.255,1.8022,-0.44975
7929.3,516.58,7930,515.95,23.83,-22.739,1.5857,-0.20439
7951.6,494.52,7952.3,494.27,23.989,-22.181,1.1365,0.036099
7975.4,474.15,7975.7,473.66,24.308,-21.195,0.81807,0.3514
7998.2,454.03,7998.8,453.78,24.194,-20.067,0.45967,0.65944
8022.2,434.63,8022.3,434.58,23.925,-18.984,0.096855,0.88559
8045.8,417.42,8045.8,416.96,23.665,-17.589,-0.15721,1.1201
8070.3,399.96,8069.9,399.98,23.631,-16.373,-0.28796,1.2608
8093.8,382.75,8093.6,383.3,23.381,-15.499,-0.42811,1.2771
8117.3,365.54,8117.2,366.57,23.108,-15.067,-0.52166,1.1616
8141.6,347.11,8141.1,348.57,23.163,-15.81,-0.48077,0.67799
8163.6,332.32,8163.9,332.4,22.595,-15.63,-0.59983,0.51687
8189.6,316.57,8188.5,316.5,23.113,-15.577,-0.40525,0.33317
8211.9,302.75,8211.8,302.03,23.002,-14.924,-0.37798,0.35197
8235.7,286.51,8235.5,286.64,23.161,-15.015,-0.25877,0.17486
8259,272.45,8258.9,272.24,23.111,-14.565,-0.22839,0.21163
8283.2,262.27,8282.9,260.94,23.443,-12.634,-0.086695,0.67946
8306,242.14,8306.1,244.46,23.3,-13.934,-0.10732,0.19547
8331,226.63,8330.6,227.97,23.889,-15.072,0.09571,-0.19105
8354.8,210.39,8354.7,211.03,24.124,-16.327,0.15425,-0.58073
8377.6,194.39,8378.1,194.01,23.893,-17.48,0.077937,-0.9215
8400.4,178.39,8400.9,177.35,23.323,-18.04,-0.10634,-1.0141
8424.2,162.14,8424.1,160.95,23.196,-18.098,-0.12895,-0.90339
8446,146.39,8446.4,145.24,22.583,-17.455,-0.28242,-0.54748
8466.9,130.87,8467.4,130.19,21.487,-16.298,-0.55504,-0.038217
8487.3,117.54,8487.7,116.56,20.42,-14.768,-0.75255,0.45743
8505.7,104.69,8506,104.19,18.485,-12.856,-1.2186,1.0091
8526.3,96.447,8525.5,95.185,18.033,-9.8735,-1.1248,1.731
8544.5,82.628,8544,84.2,17.353,-8.728,-1.1001,1.8493
8565.1,74.388,8563.8,74.913,17.825,-7.6673,-0.72787,1.7905
8584,67.603,8583.3,67.33,18.25,-6.6011,-0.40707,1.6483
8601.5,59.119,8601.7,60.295,18.319,-5.2306,-0.19914,1.7673
8618.2,51.848,8618.9,53.021,17.639,-5.0514,-0.27864,1.4124
8633,45.062,8634.2,46.004,16.356,-5.1805,-0.50686,1.0001
8648.1,39.246,8648.8,39.591,15.086,-5.3437,-0.71309,0.61592
8663.4,34.4,8663.2,34.159,14.046,-5.1919,-0.86332,0.38589
8677.7,29.796,8677.1,29.459,12.995,-4.7886,-1.0253,0.29888
8691.3,26.404,8690.6,25.9,12.342,-3.9543,-1.0094,0.38174
8703.9,23.255,8703.4,23.043,11.844,-3.0011,-0.91532,0.52222
8714.5,20.591,8714.8,20.581,11.041,-2.2775,-0.88398,0.56948
8725.2,17.926,8725.5,18.212,10.469,-1.8496,-0.7599,0.52902
8734.9,15.503,8735.2,15.708,9.5142,-1.9345,-0.80658,0.30717
8744.6,13.081,8744.6,13.691,8.9365,-1.4872,-0.72927,0.37722
8754.3,10.659,8753.7,11.019,8.2903,-1.9964,-0.75217,0.065876
8761.1,8.9629,8761.2,8.7126,7.2209,-2.3655,-0.86466,-0.17104
8765,7.994,8766,7.4028,5.3053,-2.0072,-1.1731,-0.11001
8774.7,5.5716,8773.4,5.5132,5.4711,-2.0421,-0.85543,-0.14942
8776.6,5.0871,8777.4,4.6048,4.2888,-1.5394,-0.9075,-0.014233
8784.4,3.1491,8783.4,3.2174,4.5136,-1.406,-0.59535,0.010785
8785.4,2.9069,8786.1,2.6257,3.152,-0.92987,-0.78029,0.12745
8787.3,2.4224,8787.8,2.3106,1.7504,-0.43704,-0.96144,0.24005
8789.2,1.9379,8789.1,1.9824,0.71614,-0.1788,-1.0213,0.25501
8792.2,1.2112,8791.2,1.4559,0.62834,-0.15688,-0.79573,0.19868
8793.1,0.96897,8792.7,1.0705,0.63641,-0.1589,-0.5384,0.13443
8795.1,0.48448,8794.5,0.61597,0.95733,-0.23902,-0.24395,0.060908
8796,0.24224,8796,0.26235,1.151,-0.28738,-0.033327,0.0083209
8796,0.24224,8796.4,0.15136,0.81432,-0.20332,-0.034982,0.0087341
8797,-1.7319e-14,8797,-0.0030874,0.67581,-0.16873,-0.0060625,0.0015137
8797,-1.7319e-14,8797.4,-0.10014,0.6996,-0.17467,0.10284,-0.025676
8797,-1.7319e-14,8797.6,-0.13996,0.68371,-0.17071,0.1797,-0.044867
8797,-1.7319e-14,8797,-0.0051457,-0.12636,0.03155,-0.11108,0.027733
8797,-1.7319e-14,8797,-0.0056998,-0.068883,0.017199,-0.023048,0.0057546
8797,-1.7319e-14,8796.6,0.1064,-0.60807,0.15182,-0.2216,0.055328
8797,-1.7319e-14,8796.9,0.03697,-0.12942,0.032314,0.020348,-0.0050804
8797,-1.7319e-14,8797.1,-0.010766,0.17211,-0.042972,0.15566,-0.038864
8797,-1.7319e-14,8797.2,-0.039265,0.32814,-0.08193,0.21163,-0.05284
8797,-1.7319e-14,8797.1,-0.032299,0.26881,-0.067115,0.16735,-0.041783
8797,-1.7319e-14,8797.2,-0.047736,0.32981,-0.082346,0.17843,-0.044549
8797,-1.7319e-14,8797.1,-0.025253,0.17837,-0.044535,0.096914,-0.024197
8797,-1.7319e-14,8797.1,-0.019158,0.12822,-0.032014,0.066357,-0.016568
