0,0,NaN,NaN,NaN,NaN,NaN,NaN
60.584,-6.447,NaN,NaN,NaN,NaN,NaN,NaN
130,-15.55,NaN,NaN,NaN,NaN,NaN,NaN
209.22,-25.565,NaN,NaN,NaN,NaN,NaN,NaN
299.6,-36.107,NaN,NaN,NaN,NaN,NaN,NaN
397.18,-46.095,NaN,NaN,NaN,NaN,NaN,NaN
501.95,-55.527,NaN,NaN,NaN,NaN,NaN,NaN
614.88,-62.658,NaN,NaN,NaN,NaN,NaN,NaN
735.01,-69.235,NaN,NaN,NaN,NaN,NaN,NaN
862.32,-75.256,NaN,NaN,NaN,NaN,NaN,NaN
1000.4,-80.444,NaN,NaN,NaN,NaN,NaN,NaN
1148.3,-86.544,NaN,NaN,NaN,NaN,NaN,NaN
1307,-91.81,NaN,NaN,NaN,NaN,NaN,NaN
1477.7,-98.094,NaN,NaN,NaN,NaN,NaN,NaN
1664.5,-106.48,1660.2,-104.28,185.76,-5.0894,10.961,0.26484
1859.3,-114.8,1857.8,-113.72,200.92,-7.7505,12.598,-0.72106
2055.1,-121.37,2059.4,-122.08,211.75,-9.1316,12.763,-1.1591
2254.5,-127.66,2262.4,-129.32,217.27,-9.35,11.262,-1.14
2452.1,-132.98,2462.2,-134.98,216.19,-8.3366,7.9143,-0.69358
2654.7,-137.64,2662.1,-139.27,212.27,-6.5414,4.1208,-0.026299
2867.1,-143.21,2867.9,-143.55,209.93,-4.9704,1.2781,0.52183
3082.6,-149.37,3079.2,-148.62,209.44,-4.2788,-0.51047,0.71718
3302.6,-155.74,3296.7,-154.44,211.78,-4.2793,-0.96226,0.66057
3526.1,-161.84,3520.3,-160.69,216.71,-4.7548,-0.2558,0.42511
3751,-169.79,3747.4,-168.54,222.42,-6.2109,0.87647,-0.10543
3983.8,-179.9,3981.1,-178.61,230.16,-8.587,2.6516,-0.83604
4214.8,-189.04,4216.1,-189.14,236.13,-10.727,3.7708,-1.4234
4437.8,-198.24,4444.3,-199.36,235.82,-11.903,2.8564,-1.5982
4659,-206.46,4665.7,-208.24,229.96,-11.564,0.20492,-1.2213
4870.4,-213.77,4877,-215.64,218.97,-10.14,-3.6317,-0.53659
5081.5,-219.73,5083.7,-221.42,208.03,-8.0014,-6.8272,0.26245
5294.6,-228.02,5290.9,-227.94,200.66,-6.6049,-8.3825,0.75535
5504.1,-238.82,5498.2,-236.95,197.01,-6.9331,-8.2785,0.65786
5711.2,-251.75,5705,-249.01,195.71,-8.9709,-7.2565,0.03647
5916.4,-268.17,5910.8,-265.02,195.76,-12.694,-5.8296,-1.0078
6119.2,-286.71,6115.6,-284.46,197.13,-17.377,-4.0049,-2.2178
6322.3,-308.86,6320.3,-307.73,199.45,-22.811,-2.0802,-3.4879
6519,-334.28,6520.6,-334.52,199.77,-28.339,-0.9973,-4.5764
6705,-358.29,6710.9,-361.07,195.05,-31.461,-1.6178,-4.7147
6880.6,-384.51,6887.8,-387.82,183.98,-32.65,-4.265,-4.12
7042.8,-410.09,7050,-413.66,168.17,-31.943,-7.9775,-2.9684
7196.5,-436.61,7200.5,-439.12,151.45,-30.119,-11.348,-1.5708
7342.5,-464.55,7341.8,-465.35,135.89,-28.436,-13.802,-0.40108
7480.9,-491.69,7476.8,-491.69,123.98,-26.945,-14.529,0.47573
7607.6,-519.18,7602.7,-518.58,113.42,-26.164,-14.541,0.90734
7723.8,-543.03,7719,-543.29,103.79,-24.493,-14.077,1.4415
7828.8,-566.35,7825.6,-566.57,95.282,-22.651,-13.071,1.8689
7923.7,-585.17,7922.2,-586.3,87.28,-19.721,-11.877,2.4556
8005.3,-601.12,8006.2,-602.32,77.922,-15.854,-11.171,3.182
8080.3,-616.75,8080.6,-616.59,68.408,-12.426,-10.701,3.6445
8143.3,-629.13,8143.2,-628.2,57.318,-8.889,-10.929,4.0553
8195.6,-640.11,8194.9,-638.15,45.809,-5.9918,-11.305,4.1827
8239.9,-648.92,8238,-646.82,35.659,-4.2265,-11.203,3.8367
8275,-655.95,8272.8,-654.04,26.888,-3.0586,-10.637,3.302
8302.9,-661.3,8300.8,-660.03,20.156,-2.5643,-9.4495,2.5644
8321,-667.98,8320.2,-666.43,13.417,-3.1211,-8.4357,1.6321
8332.8,-673.46,8332.2,-672.41,6.9233,-3.8088,-7.5841,0.83332
8335,-673.57,8335.3,-674.7,-0.37029,-2.8024,-7.1808,0.65559
8338.7,-671.06,8336.5,-673.08,-4.6712,-0.14135,-6.0624,1.0533
8340.6,-669.8,8336.9,-670.63,-6.1952,2.0328,-4.3898,1.2981
8345,-670.01,8340.1,-668.97,-4.0492,3.086,-1.9839,1.2589
8346.8,-670.99,8343.7,-669.04,-0.63142,2.4511,0.37472,0.71259
8346.8,-670.99,8346.8,-669.56,2.8407,1.3209,2.3463,0.088068
8346.8,-670.99,8348.8,-670.19,5.1517,0.2249,3.4772,-0.40945
8347.6,-671.48,8350.8,-671.37,6.998,-1.1479,4.1426,-0.92682
8347.6,-671.48,8351.7,-672.29,7.4626,-2.081,4.1071,-1.2179
8347.6,-671.48,8351.5,-672.9,6.4056,-2.5741,3.3889,-1.3098
8347.6,-671.48,8350.5,-673.1,4.4943,-2.507,2.3416,-1.1695
8347.6,-671.48,8349,-672.79,2.2539,-1.8233,1.2206,-0.78807
8347.6,-671.48,8348,-671.91,0.76526,-0.4627,0.49941,-0.15032
8347.6,-671.48,8347.6,-671.11,0.12685,0.63827,0.19028,0.32619
8348.1,-670.61,8348.3,-670.43,0.80484,0.98613,0.44181,0.39668
8348.1,-670.61,8348.6,-670.4,0.94725,0.61225,0.45534,0.18282
8348.1,-670.61,8348.7,-670.46,0.90186,0.2843,0.39778,0.026488
8348.6,-669.73,8348.7,-669.88,0.48609,0.44225,0.164,0.05634
8349.1,-668.86,8349.1,-668.98,0.48534,0.77332,0.12087,0.14501
8349.1,-668.86,8349.3,-668.64,0.51618,0.65058,0.122,0.077765
8349.6,-667.99,8349.7,-668,0.54486,0.68853,0.11075,0.063899
8350.1,-667.12,8350.1,-667.15,0.46908,0.83682,0.05123,0.091393
8350.6,-666.24,8350.6,-666.27,0.51112,0.91182,0.048052,0.085723
8351.6,-664.5,8351.4,-664.78,0.7083,1.2636,0.088536,0.15795
8352,-663.63,8352.1,-663.54,0.77703,1.3862,0.090327,0.16114
8353,-661.88,8353,-661.92,0.92621,1.6523,0.11424,0.20381
8354,-660.14,8354,-660.11,1.0739,1.9158,0.1343,0.23958
8354.5,-659.27,8354.7,-658.86,0.99385,1.773,0.08556,0.15264
8356.8,-657.14,8356.4,-657.18,1.3921,1.779,0.16453,0.099701
8358.8,-653.65,8358.5,-654.19,1.9124,2.4797,0.27983,0.26481
8359.8,-651.9,8360.1,-651.75,1.9837,2.6969,0.2541,0.27561
8362.6,-648.9,8362.4,-648.95,2.3548,2.9259,0.29852,0.26805
8365.5,-643.67,8365.3,-644.4,2.8675,3.9551,0.37721,0.48719
8367.9,-641.54,8368.1,-640.97,3.1559,4.1806,0.39102,0.47742
8374,-634.67,8373.2,-635.26,4.4392,5.3518,0.66096,0.70387
8380.3,-625.56,8379.6,-626.8,6.0053,7.5478,0.97293,1.18
8387,-615.58,8386.8,-616.44,7.4821,10.026,1.2117,1.6636
8393.7,-605.61,8394.2,-605.46,8.4567,11.932,1.2595,1.8969
8399.6,-595.14,8400.9,-594.12,8.6027,13.258,1.0612,1.9261
8406.8,-584.29,8407.8,-582.84,8.503,13.741,0.78761,1.666
8414.2,-571.2,8414.9,-570.35,8.234,14.297,0.48915,1.4299
8421,-558.99,8421.6,-557.92,7.6609,14.315,0.14205,1.0675
8428.4,-545.91,8428.3,-545.33,6.9429,13.931,-0.22769,0.59842
8435.7,-532.82,8435.3,-532.7,6.5536,13.324,-0.41431,0.12168
8444,-517.99,8443.2,-518.61,6.8974,13.606,-0.31259,0.023803
8452.8,-502.29,8451.9,-503.28,7.5785,14.372,-0.11289,0.10227
8461.6,-486.59,8461.1,-487.28,8.5417,15.287,0.18944,0.25229
8471.4,-469.14,8471.2,-469.52,9.786,17.142,0.5545,0.7474
8481.2,-451.7,8481.3,-451.62,10.391,18.24,0.62029,0.89371
8491.4,-433.38,8491.6,-433.22,10.885,19.007,0.63452,0.88952
8502.2,-414.19,8502.4,-414.08,11.271,19.732,0.59866,0.8637
8512,-396.74,8512.6,-395.79,11.173,19.663,0.43219,0.63114
8522.7,-377.55,8523.1,-377.03,11.164,19.632,0.31727,0.43232
8535.6,-360.7,8535.1,-359.66,11.658,18.684,0.3259,-5.8429e-05
8549.8,-345.7,8548.7,-344.48,12.84,16.588,0.53452,-0.71872
8561.8,-328.36,8561.9,-328.58,13.466,15.428,0.59085,-1.0387
8576.8,-313.85,8576.5,-313.97,14.585,14.006,0.77564,-1.3486
8594,-299.44,8593.3,-299.89,16.458,12.91,1.1477,-1.4723
8612.5,-286.88,8612,-287.21,18.566,11.577,1.5167,-1.6178
8628.8,-274.22,8629.8,-274.91,19.481,10.699,1.4913,-1.5732
8644.6,-262.43,8646.4,-263.09,19.233,10.198,1.1205,-1.3793
8659.4,-252.39,8661.4,-252.62,17.774,9.4017,0.41654,-1.2841
8674.7,-241.47,8675.9,-242.05,16.061,9.1733,-0.28322,-1.0254
8690.8,-231.04,8690.7,-231.68,14.777,9.1215,-0.77078,-0.76363
8707.9,-221.1,8706.6,-221.62,14.401,9.0998,-0.9004,-0.54278
8724,-210.67,8722.8,-211.19,14.585,9.5394,-0.76953,-0.20979
8740.6,-201.61,8739.5,-201.63,15.107,9.4368,-0.5201,-0.11669
8758,-193.03,8757,-192.58,15.992,9.3365,-0.18633,-0.0090345
8773.7,-183.47,8773.7,-183.23,16.514,9.5098,0.043506,0.14716
8791.5,-176.25,8791.7,-175.56,17.751,8.5815,0.49683,-0.10285
8808.8,-169.91,8809.3,-169.04,18.276,7.4049,0.61094,-0.37289
8826.6,-162.69,8826.9,-162.61,18.275,6.4614,0.47732,-0.56713
8843.9,-156.35,8844.1,-156.5,17.82,5.7513,0.19089,-0.65109
8862.7,-147.39,8862.3,-148.74,18.069,6.1535,0.17715,-0.42147
8880.5,-140.17,8880.5,-140.98,18.24,6.7074,0.16997,-0.14501
8897.4,-132.46,8898,-132.82,18.102,7.5669,0.10836,0.21394
8914,-123.4,8914.7,-123.79,17.514,8.662,-0.080785,0.5623
8924.3,-113.14,8926.8,-113.49,14.555,10.137,-0.92119,0.95692
8943,-106.41,8941.9,-105.06,13.825,10.186,-1.0577,0.87859
8956.8,-98.112,8956.1,-96.953,13.018,9.7896,-1.1465,0.629
8971.1,-88.939,8970.2,-88.373,12.551,9.5703,-1.1015,0.44024
8984.4,-81.511,8983.7,-80.795,12.192,8.6914,-0.99798,0.064152
8997.4,-72.721,8997,-72.91,12.217,7.9858,-0.73503,-0.24423
9009,-64.315,9009.1,-64.693,11.743,7.7861,-0.66068,-0.31004
9018.8,-54.931,9019.6,-55.611,10.787,8.2102,-0.71339,-0.15602
9033,-47.992,9032.1,-47.756,11.222,7.9563,-0.39609,-0.19728
9041,-39.863,9041.8,-39.739,10.215,7.9425,-0.5265,-0.14544
9049,-31.735,9049.7,-31.823,8.4667,7.777,-0.90315,-0.17727
9056,-25.351,9056.4,-24.813,6.6348,7.3622,-1.2511,-0.23069
9064.8,-19.945,9063.8,-19.153,5.9273,6.3222,-1.2198,-0.46938
9073.5,-16.773,9072.1,-15.784,6.2342,4.2555,-0.85664,-0.99879
9079.3,-16.601,9079.4,-15.447,6.6078,1.1779,-0.41562,-1.7407
9084.2,-15.94,9084.5,-15.776,5.3975,-1.0424,-0.64011,-2.0608
9088.7,-16.151,9089.1,-16.934,4.6248,-2.9047,-0.64067,-2.2374
9094.6,-13.746,9094.2,-16.262,4.3897,-2.9492,-0.52206,-1.8508
9099.3,-9.4897,9099.1,-12.727,4.251,-0.85401,-0.38912,-0.83508
9101.6,-9.5953,9102.1,-10.608,3.3902,0.40562,-0.47941,-0.16424
9103.9,-7.4674,9104.4,-7.8524,2.51,1.9709,-0.56112,0.50782
9105.3,-7.084,9105.7,-6.1378,1.4303,2.6764,-0.70346,0.8146
9106.6,-6.7007,9106.2,-5.0495,0.064702,2.9287,-0.99307,0.93293
9106.6,-6.7007,9106.5,-5.0717,-0.48209,2.1689,-0.88796,0.63591
9106.6,-6.7007,9106.4,-5.7528,-0.82687,0.90131,-0.73532,0.14625
9106.6,-6.7007,9106.3,-6.6002,-0.8941,-0.30758,-0.52648,-0.29449
9106.6,-6.7007,9106,-7.3418,-1.0342,-1.1956,-0.42166,-0.58727
9106.6,-6.7007,9106,-7.5992,-0.89844,-1.3446,-0.25561,-0.5647
9106.6,-6.7007,9106.3,-7.2964,-0.24534,-0.74936,0.083628,-0.24432
9106.6,-6.7007,9106.7,-6.8566,0.43033,-0.052849,0.38178,0.080046
9106.6,-6.7007,9107,-6.3942,0.8323,0.58927,0.52559,0.34928
9106.6,-6.7007,9107,-6.3643,0.72202,0.58001,0.43123,0.31398
9107.1,-5.8284,9107.3,-5.9776,0.75422,0.5578,0.37861,0.22871
9106.7,-4.4671,9107.2,-4.6383,0.65649,1.2294,0.31271,0.40752
9106.7,-4.4671,9107,-4.1586,0.39525,1.0833,0.18063,0.28308
9106.3,-3.1059,9106.6,-3.0451,0.035201,1.3259,0.036237,0.30249
9106.8,-2.2336,9106.6,-2.0257,-0.058547,1.398,-0.022478,0.26499
9106,-1.7446,9106.2,-1.3392,-0.30159,1.237,-0.087005,0.16765
9106,-1.7446,9105.9,-1.2266,-0.36711,0.75031,-0.094363,-0.014622
9106,-1.7446,9105.8,-1.4283,-0.31433,0.16583,-0.065429,-0.20515
9106.5,-0.8723,9106.1,-1.1542,-0.026146,-0.046857,0.028167,-0.26641
9106.5,-0.8723,9106.4,-1.1058,0.17141,-0.28171,0.088386,-0.31336
9106.9,-3.4892e-12,9106.9,-0.53381,0.44939,-0.11894,0.1628,-0.2282
9106.9,-3.4892e-12,9107.1,-0.19025,0.52992,-0.012632,0.1704,-0.14949
