0,0,NaN,NaN,NaN,NaN,NaN,NaN
54.08,-11.633,NaN,NaN,NaN,NaN,NaN,NaN
117.15,-22.206,NaN,NaN,NaN,NaN,NaN,NaN
190.21,-30.71,NaN,NaN,NaN,NaN,NaN,NaN
273.25,-36.147,NaN,NaN,NaN,NaN,NaN,NaN
367.26,-36.51,NaN,NaN,NaN,NaN,NaN,NaN
472.25,-35.797,NaN,NaN,NaN,NaN,NaN,NaN
587.25,-35.017,NaN,NaN,NaN,NaN,NaN,NaN
710.25,-34.183,NaN,NaN,NaN,NaN,NaN,NaN
841.22,-29.294,NaN,NaN,NaN,NaN,NaN,NaN
982.14,-17.338,NaN,NaN,NaN,NaN,NaN,NaN
1133.1,-6.3138,NaN,NaN,NaN,NaN,NaN,NaN
1292,2.7646,NaN,NaN,NaN,NaN,NaN,NaN
1457.9,12.89,NaN,NaN,NaN,NaN,NaN,NaN
1627.9,22.044,1629.6,23.987,176.96,12.244,7.3105,0.63032
1800.8,32.217,1803.5,33.337,180.45,10.913,5.9335,-0.13527
1981.8,43.445,1983.1,43.486,183.95,10.155,4.8177,-0.57674
2168.7,53.713,2168.6,53.435,187.85,9.3787,4.0471,-0.91513
2362.6,64.029,2361,63.224,192.78,8.5811,3.7605,-1.1953
2561.6,74.378,2559.5,72.947,198.15,7.8326,3.7148,-1.4179
2763.5,86.748,2762.1,84.564,203.03,8.604,3.6214,-1.0742
2967.4,97.132,2967.4,96.241,206.88,9.7828,3.3604,-0.51878
3180.3,109.58,3179.4,109.19,212.18,11.701,3.6437,0.24163
3395.2,123.03,3395.2,122.85,217.19,13.28,3.8908,0.72247
3614.2,136.52,3614.6,136.33,221.39,13.795,3.8599,0.69253
3832.1,153,3833.9,152.1,223.07,15.291,3.0771,0.95105
4048.9,169.47,4051.6,169.13,222.14,17.066,1.6505,1.288
4269.8,184.97,4270.7,185.72,221.07,17.948,0.39489,1.3083
4487.8,197.45,4488.7,199.84,219.26,17.126,-0.75791,0.84812
4704.7,208.92,4705.5,211.5,217.11,14.818,-1.6951,-0.023261
4917.6,218.36,4918.7,220.47,213.33,11.362,-2.8942,-1.136
5125.6,221.78,5126.9,224.33,207.94,6.1387,-4.2893,-2.5583
5333.6,224.19,5332.7,225.15,202.93,0.80527,-5.3041,-3.7836
5539.6,226.58,5537.1,225.11,199.18,-3.1637,-5.6697,-4.3918
5739.6,229.94,5737.9,226.15,195.68,-4.8493,-5.6963,-4.1875
5932.6,231.25,5932.6,227.59,191.21,-4.6725,-5.8179,-3.3008
6119.6,232.52,6120.1,229.48,184.9,-3.3357,-6.4477,-2.1178
6302.6,227.76,6302.4,227.85,178.62,-3.2602,-6.9039,-1.3727
6479.7,216.96,6478.9,220.14,172.12,-5.7826,-7.3111,-1.4543
6654.7,207.15,6652.5,209.46,167.4,-9.1857,-7.0393,-1.905
6820.8,197.27,6819.7,197.67,162.2,-12.167,-6.8455,-2.2654
6975.9,185.33,6976.8,184.52,154.32,-14.787,-7.4492,-2.5176
7128,173.36,7127.8,171.34,147,-16.227,-7.7437,-2.391
7273.1,160.34,7272.4,157.92,139.87,-16.862,-7.8974,-2.0417
7415.2,148.31,7413.2,145.72,134.58,-15.908,-7.4228,-1.2185
7550.2,138.22,7548.7,136.17,129.89,-12.778,-6.7706,0.23756
7681.3,128.11,7679.5,127.65,125.37,-9.4482,-6.2237,1.5411
7806.4,118.96,7804.9,119.73,120.78,-6.7208,-5.8034,2.3884
7922.4,108.75,7922.9,110.73,115.28,-5.7697,-5.6409,2.4486
8032.5,99.492,8033.9,101.4,109.34,-5.8376,-5.5816,2.0684
8134.6,91.184,8136.9,92.234,102.25,-6.4872,-5.8699,1.4449
8230.6,82.836,8232.3,83.641,94.338,-6.7384,-6.4344,1.063
8322.7,79.46,8322.4,78.742,86.954,-5.0091,-6.8448,1.3349
8409.7,68.05,8407.6,69.921,80.184,-6.0901,-7.1063,0.74027
8492.8,64.613,8489.7,64.114,75.59,-5.6854,-6.5988,0.60373
8566.8,55.116,8565.8,56.185,71.379,-6.4755,-5.8829,0.20512
8636.9,49.591,8636.5,49.564,67.129,-6.4956,-5.2875,0.086575
8699.9,46.018,8700.9,45.129,62.378,-5.3439,-4.8981,0.34822
8755.9,37.398,8757.8,38.297,56.203,-5.8007,-5.0527,0.12887
8806,31.737,8807.8,31.858,49.318,-6.1694,-5.442,-0.071627
8849,30.029,8850.3,28.482,41.353,-4.9121,-6.1889,0.21756
8886,27.28,8886.1,26.127,33.364,-3.4278,-6.8701,0.55391
8916,25.484,8915.6,24.963,25.853,-1.5972,-7.2552,0.99031
8942.1,19.66,8940.4,21.341,19.654,-1.6108,-7.169,0.84958
8962.1,14.796,8960.5,16.64,14.669,-2.4613,-6.6454,0.45391
8977.1,8.898,8975.9,10.533,10.446,-4.1272,-5.9322,-0.15879
8986.2,6.9591,8985.7,6.1289,6.0512,-4.936,-5.3833,-0.53439
8988.2,3.9728,8988.8,3.0567,0.82864,-4.3571,-5.1768,-0.31509
8989.2,1.9796,8988.5,0.449,-3.4511,-4.0658,-4.8032,-0.30493
8989.2,-0.020351,8987.3,-0.95037,-5.5933,-2.708,-3.8753,0.15047
8990.2,-2.0135,8986.9,-2.4449,-5.6102,-1.9084,-2.5634,0.34125
8990.2,-2.0135,8987.3,-2.5574,-4.0075,-0.58894,-1.0007,0.66295
8990.2,-2.0135,8988.4,-1.558,-1.4284,1.3415,0.57638,1.2196
8990.2,-2.0135,8989.9,-0.92968,1.3139,2.1832,1.8954,1.2976
8990.2,-2.0135,8991.5,-1.007,3.7049,1.8117,2.8322,0.89521
8990.2,-2.0135,8992.7,-1.3312,5.1695,1.0846,3.2312,0.41989
8990.2,-2.0135,8993.3,-1.8354,5.5582,0.18705,3.1138,-0.053359
8990.2,-2.0135,8993,-1.9461,4.6208,-0.069924,2.4352,-0.18454
8990.2,-2.0135,8992.1,-2.0557,3.0608,-0.26823,1.5514,-0.26282
8990.2,-2.0135,8991.1,-2.0572,1.3879,-0.27363,0.69701,-0.24143
8990.2,-2.0135,8990.4,-2.3344,0.34421,-0.62939,0.18642,-0.37025
8990.2,-2.0135,8990.3,-2.3795,0.18813,-0.63075,0.10217,-0.33588
8990.2,-2.0135,8990.3,-2.3581,0.13583,-0.54064,0.070207,-0.26704
8990.2,-1.0135,8990.3,-1.527,0.13816,0.068205,0.065602,-0.035504
8990.2,-1.0135,8990.2,-0.96681,-0.0030912,0.45568,-0.00077749,0.11461
8990.2,-0.013567,8990.2,-0.13579,-0.0051301,0.75623,-0.0012323,0.18166
8990.2,-0.013567,8990.2,0.25244,-0.0049836,0.73463,-0.001012,0.14917
8990.2,-0.013567,8990.2,0.34165,-0.0035509,0.52344,-0.00042803,0.063096
8990.2,-0.013567,8990.2,0.25277,-0.0015699,0.23141,0.00026761,-0.039448
8990.2,-0.013567,8990.2,0.083816,0.0003831,-0.056473,0.00088273,-0.13012
8991.2,-0.0067837,8990.9,-0.085472,0.34638,-0.27672,0.096054,-0.18875
8991.2,-0.0067837,8991.3,-0.2094,0.45838,-0.39587,0.11601,-0.20575
8991.2,-0.0067837,8991.4,-0.258,0.41447,-0.39983,0.088105,-0.17898
8991.2,-0.0067837,8991.4,-0.22425,0.28099,-0.29836,0.035347,-0.11517
8992.2,-2.7105e-12,8992,-0.1195,0.45704,-0.12278,0.071179,-0.029181
8992.2,-2.7105e-12,8992.3,0.010767,0.40771,0.065466,0.040237,0.05346
8992.2,-2.7105e-12,8992.4,0.10528,0.24232,0.1855,-0.020123,0.099754
8992.2,-2.7105e-12,8992.3,0.079733,0.046536,0.13248,-0.081282,0.067844
8992.2,-2.7105e-12,8992.2,0.093464,-0.12003,0.13781,-0.12443,0.064517
8992.2,-2.7105e-12,8992.1,-0.00055644,-0.21864,-0.0014832,-0.1382,-0.00093755
8992.2,-2.7105e-12,8992.1,-0.0008269,-0.23763,-0.001612,-0.12154,-0.00082451
8992.2,-2.7105e-12,8992.1,-0.00076482,-0.18629,-0.0012637,-0.080854,-0.0005485
8992.2,-2.7105e-12,8992.1,-0.00048106,-0.098635,-0.00066912,-0.031799,-0.00021572
8992.2,-2.7105e-12,8992.2,-0.00024164,-0.032487,-0.00022039,0.0011671,7.9174e-06
8992.2,-2.7105e-12,8992.1,-0.00046776,-0.069458,-0.00047119,-0.015208,-0.00010317
8992.2,-2.7105e-12,8992.2,7.3157e-05,0.04523,0.00030683,0.034528,0.00023423
8992.2,-2.7105e-12,8992.3,0.00053648,0.13216,0.00089652,0.068392,0.00046396
