0,0,NaN,NaN,NaN,NaN,NaN,NaN
50.01,-2.8355,NaN,NaN,NaN,NaN,NaN,NaN
109.02,-5.6414,NaN,NaN,NaN,NaN,NaN,NaN
174.03,-8.4275,NaN,NaN,NaN,NaN,NaN,NaN
247.04,-11.187,NaN,NaN,NaN,NaN,NaN,NaN
326.05,-14.927,NaN,NaN,NaN,NaN,NaN,NaN
410.06,-17.651,NaN,NaN,NaN,NaN,NaN,NaN
500.07,-19.355,NaN,NaN,NaN,NaN,NaN,NaN
594.08,-22.046,NaN,NaN,NaN,NaN,NaN,NaN
695.08,-23.713,NaN,NaN,NaN,NaN,NaN,NaN
804.09,-26.355,NaN,NaN,NaN,NaN,NaN,NaN
921.09,-26.97,NaN,NaN,NaN,NaN,NaN,NaN
1048.1,-28.552,NaN,NaN,NaN,NaN,NaN,NaN
1183.1,-31.108,NaN,NaN,NaN,NaN,NaN,NaN
1323.1,-32.647,1322.6,-32.28,145.1,-1.3164,8.3203,0.15296
1467.1,-35.174,1469.5,-34.733,153,-1.8681,8.587,-0.061476
1615.1,-37.687,1619.3,-37.487,158.13,-2.4993,7.9323,-0.27294
1770.1,-39.177,1773.7,-39.63,162.04,-2.6598,6.927,-0.31836
1933.1,-41.641,1934.3,-41.951,165.83,-2.7828,5.9053,-0.32188
2106.2,-43.071,2104.2,-43.566,171.43,-2.3577,5.4998,-0.13685
2285.2,-42.482,2282.3,-43.564,178.31,-1.2026,5.5747,0.21681
2467.2,-41.884,2465.8,-42.686,184.91,0.12294,5.6774,0.56833
2651.2,-41.278,2652.4,-41.338,190.36,1.4223,5.5957,0.8868
2836.1,-40.67,2839.8,-40.089,193.44,2.191,4.9234,0.98571
3025.1,-38.048,3028.8,-37.687,194.99,3.1992,3.9024,1.118
3221.1,-33.403,3222.4,-33.689,196.8,4.3869,3.0325,1.2107
3418.1,-25.755,3418.1,-26.757,197.64,6.5981,1.9402,1.5709
3614.1,-17.11,3613.9,-17.774,197.1,9.1036,0.63865,1.9631
3810.1,-13.466,3809.8,-11.536,196.13,9.1935,-0.46198,1.6023
4001,-4.8373,4002.4,-3.7729,193.66,9.6817,-1.6085,1.3846
4197,4.8075,4196.7,5.2942,192.79,10.338,-1.9587,1.2204
4391,12.446,4390.6,13.507,191.97,10.02,-2.1245,0.78932
4581,18.071,4581.3,19.838,189.69,8.5864,-2.6368,0.12551
4767,19.683,4767.5,22.196,185.4,5.1453,-3.6686,-1.0248
4944,22.265,4945.8,23.101,178.33,1.5722,-5.2697,-2.0737
5118.9,24.841,5119.3,23.906,171.33,-0.94683,-6.4988,-2.6151
5294.9,28.42,5292.4,26.005,167,-1.6455,-6.636,-2.4628
5466.9,31.985,5463.8,29.325,164.41,-0.85696,-6.0696,-1.7954
5631.9,35.528,5630.2,33.377,161.1,0.62508,-5.6988,-0.96625
5788.9,37.045,5788.9,36.41,155.55,1.55,-6.0211,-0.38821
5935.9,39.528,5937.8,39.312,147.66,2.2651,-6.8756,0.015537
6076.9,39.992,6078.7,40.926,139.02,2.3181,-7.7371,0.18388
6214.9,40.446,6214.6,42.022,131.53,2.3951,-8.1026,0.378
6347.9,40.884,6346.3,41.901,125.59,1.2666,-7.8769,0.027882
6473.9,38.298,6471.6,39.305,119.11,-1.162,-7.9204,-0.7225
6590.9,30.683,6589.3,32.418,112.11,-5.141,-8.0478,-1.7883
6696,19.029,6696.5,20.967,103.5,-10.163,-8.495,-2.9384
6791,9.3413,6792.9,9.1471,93.701,-13.474,-9.0866,-3.3498
6875,-1.3823,6878.1,-3.0847,83.096,-15.612,-9.6596,-3.3389
6952.1,-13.129,6953.6,-15.514,72.018,-16.589,-10.344,-2.9421
7022.1,-24.899,7020.8,-27.616,61.092,-16.457,-11.019,-2.2483
7084.2,-35.695,7080.8,-38.432,51.383,-14.966,-11.246,-1.2213
7139.2,-45.514,7134.7,-47.661,43.808,-12.39,-10.71,0.0025458
7188.2,-54.352,7183.7,-55.311,38.802,-9.127,-9.3337,1.2721
7230.2,-62.214,7227.6,-61.999,35.591,-6.1841,-7.4478,2.1954
7268.3,-65.089,7267,-65.179,33.343,-2.3768,-5.5442,3.1384
7302.3,-74.977,7301.8,-71.919,31.04,-1.9872,-4.0754,2.8467
7330.3,-79.885,7331,-77.975,27.669,-2.2266,-3.2987,2.2435
7357.3,-82.796,7357.2,-82.191,24.651,-1.9827,-2.7237,1.8012
7378.3,-89.727,7378.8,-87.913,21.108,-2.7404,-2.4962,1.1857
7395.3,-90.671,7396.3,-90.675,17.532,-2.011,-2.3553,1.0811
7409.3,-91.625,7410.4,-92.216,14.109,-1.3005,-2.2489,0.92942
7418.4,-94.595,7420,-94.319,10.342,-1.2066,-2.2854,0.66217
7421.4,-97.586,7423.7,-96.85,5.1522,-1.4406,-2.8138,0.3843
7424.4,-98.576,7424.9,-98.401,0.70582,-1.2167,-3.1463,0.29616
7433.4,-99.546,7429.9,-99.491,0.26937,-0.92782,-2.3416,0.25
7434.4,-100.54,7432.6,-100.43,-0.18335,-0.74614,-1.6235,0.18876
7437.4,-100.53,7435.7,-100.74,0.62042,-0.41867,-0.64873,0.17357
7440.4,-100.52,7439.5,-100.82,2.3965,-0.24254,0.47388,0.10283
7443.4,-100.51,7443.5,-101,4.2267,-0.42466,1.3862,-0.095347
7444.4,-100.51,7446.2,-100.41,5.0133,0.34186,1.7902,0.16248
7445.4,-101.51,7447.8,-100.98,5.0339,0.0082709,1.8219,0.0059579
7446.4,-101.5,7448.4,-101.37,3.9502,-0.23821,1.3507,-0.11049
7447.4,-102.5,7448.7,-101.97,2.7633,-0.31182,0.84278,-0.090832
7449.4,-104.49,7449.5,-104.12,1.8973,-1.6168,0.42698,-0.53185
7455.4,-106.47,7453.5,-106.6,2.8342,-2.7315,0.55445,-0.83643
7465.4,-108.44,7462.5,-108.87,6.4376,-3.1579,1.4998,-0.83196
7477.4,-110.4,7475.6,-110.98,11.631,-3.2031,2.864,-0.69041
7488.4,-112.37,7489.1,-113.05,15.398,-3.1463,3.5744,-0.54669
7503.4,-114.32,7504.4,-114.89,18.156,-2.79,3.7233,-0.31265
7518.4,-117.27,7520.9,-117.26,20.629,-2.6478,3.827,-0.156
7536.4,-119.21,7538.6,-119.36,22.068,-2.3936,3.4704,-0.010417
7556.4,-123.14,7557.9,-122.6,22.941,-2.7485,2.8941,-0.059484
7576.5,-128.08,7577.7,-127.18,22.951,-3.718,2.0937,-0.28825
7599.5,-129,7599.6,-129.76,23.482,-3.4324,1.5618,-0.15724
7624.5,-130.92,7623.8,-131.71,24.609,-2.7996,1.2988,0.062217
7652.5,-133.83,7651.2,-134.11,26.867,-2.5979,1.4592,0.1125
7681.5,-134.73,7680.9,-135.31,29.593,-1.7434,1.8175,0.35549
7711.5,-135.63,7711.9,-135.85,32.046,-0.68468,2.0881,0.64048
7743.5,-136.53,7744.1,-136.24,33.858,0.1355,2.0841,0.80852
7775.5,-137.42,7776.5,-136.74,34.545,0.55029,1.7039,0.81565
7809.5,-137.31,7810.1,-136.81,35.113,0.86799,1.3315,0.75927
7843.5,-138.2,7844.2,-137.46,35.539,0.58511,1.0171,0.51173
7877.5,-138.09,7878.1,-137.83,35.188,0.29861,0.49884,0.2724
7914.5,-137.96,7914,-137.97,35.723,0.11335,0.34137,0.10099
7950.5,-137.84,7950.1,-138.04,35.931,-0.090972,0.12642,-0.053165
7987.5,-137.72,7987,-137.78,36.373,0.10224,0.052531,-0.0085538
8024.5,-137.6,8024.3,-137.46,37.031,0.33362,0.12771,0.063679
8060.5,-137.48,8061,-137.52,36.999,0.042318,0.010441,-0.084467
8097.5,-137.36,8097.7,-137.41,36.906,0.00026193,-0.10482,-0.10456
8132.5,-137.25,8133.1,-137.21,35.934,0.10247,-0.46116,-0.054398
8167.5,-137.13,8167.8,-137.18,34.846,-0.030264,-0.78,-0.10666
8201.5,-137.02,8201.6,-137.12,33.584,-0.09083,-1.0819,-0.1221
8234.5,-136.91,8234.4,-137.02,32.135,-0.078128,-1.3812,-0.10443
8265.5,-134.81,8265.5,-135.54,30.483,0.65713,-1.644,0.11574
8296.5,-132.71,8296,-133.36,29.07,1.5574,-1.7838,0.34754
8325.5,-131.61,8325.1,-131.44,27.783,2.1708,-1.8054,0.49184
8353.5,-128.52,8353.2,-128.61,26.634,2.9582,-1.7442,0.6361
8379.5,-126.43,8379.3,-126,25.011,3.3314,-1.8398,0.63577
8403.5,-123.35,8403.5,-123.01,23.301,3.6641,-1.9007,0.60691
8425.4,-121.28,8425.6,-120.59,21.226,3.4665,-2.0548,0.41961
8445.4,-118.22,8445.6,-117.91,18.996,3.2887,-2.215,0.24722
8463.4,-116.16,8463.5,-115.76,16.753,2.7595,-2.3332,-0.003941
8478.4,-114.11,8478.5,-113.91,14.021,2.1398,-2.5778,-0.24248
8492.4,-112.06,8492,-112.14,11.792,1.6375,-2.6073,-0.39978
8502.4,-111.03,8502.4,-110.97,9.0499,1.0276,-2.7655,-0.53751
8511.4,-109,8511,-109.37,6.6741,0.90833,-2.7775,-0.49285
8513.4,-107.99,8514.4,-108.15,2.9465,0.73979,-3.1308,-0.44823
8516.4,-105.98,8516.2,-106.57,0.036927,0.77593,-3.1865,-0.3731
8524.4,-104.96,8521.2,-105.23,0.064936,0.82556,-2.4312,-0.27824
8526.4,-103.95,8524.5,-103.97,0.12544,0.98156,-1.722,-0.1399
8528.4,-102.94,8527.2,-102.96,0.44061,0.90869,-1.0366,-0.11637
8531.4,-102.93,8530.4,-102.57,1.5001,0.63246,-0.24145,-0.13712
8533.4,-101.93,8533.3,-101.99,2.5284,0.48117,0.41181,-0.14538
8534.4,-101.92,8535.3,-101.79,2.9928,0.23979,0.76451,-0.16724
8534.4,-101.92,8536,-101.93,2.6195,-0.15715,0.75606,-0.25276
8535.4,-100.92,8536.4,-101.37,2.0877,-0.0017476,0.61352,-0.15734
8536.4,-100.92,8536.9,-101.08,1.5311,0.030116,0.41642,-0.10515
8538.4,-98.911,8537.9,-99.593,1.2303,0.73308,0.24767,0.12972
8540.4,-97.904,8539.7,-98.034,1.4961,1.4001,0.28443,0.34174
8543.4,-95.894,8542.6,-96.003,2.3831,2.0638,0.5121,0.49772
8548.4,-93.878,8547.9,-93.692,4.7445,2.6925,1.2343,0.62308
8557.3,-90.848,8556.3,-90.809,7.8514,3.2733,1.9802,0.67857
8565.3,-88.822,8565.2,-88.264,9.8373,3.4563,2.185,0.61482
8574.3,-83.792,8575.2,-84.082,11.969,4.259,2.4645,0.70642
8584.3,-79.76,8585.8,-79.717,13.275,4.8187,2.4017,0.70901
8597.3,-72.717,8598.1,-73.314,14.46,6.1782,2.219,0.93503
8612.3,-70.667,8612.5,-69.386,15.942,5.7267,2.1111,0.61204
8628.3,-63.615,8628.5,-63.547,17.427,6.2347,2.0121,0.60236
8645.2,-60.559,8645.7,-59.419,18.747,5.5952,1.8824,0.2749
8662.2,-51.503,8663.1,-52.38,19.318,6.3951,1.5404,0.36609
8679.2,-43.447,8680.3,-44.227,19.277,7.5549,1.0827,0.57271
8696.2,-37.391,8697.3,-37.135,18.721,7.6891,0.55207,0.44881
8713.2,-34.335,8714.1,-32.617,18.01,6.4364,0.088043,-0.012423
8728.2,-32.286,8729.3,-30.402,16.478,4.1517,-0.52054,-0.71097
8744.1,-25.233,8744.2,-25.883,14.936,3.5907,-1.0569,-0.83102
8759.1,-22.184,8758.5,-22.507,13.252,2.684,-1.5623,-1.0045
8772.1,-21.141,8771.6,-20.891,11.832,1.3207,-1.8054,-1.2329
8784.1,-17.102,8783.7,-18.35,10.606,0.76941,-1.874,-1.2321
8793.1,-13.072,8793.4,-14.764,8.876,1.2283,-2.0059,-0.89327
8796.1,-10.062,8797.9,-11.289,5.1024,1.7297,-2.6794,-0.57075
8799.1,-8.0526,8799.8,-7.9813,1.2408,2.651,-3.2842,-0.046501
8801.1,-6.046,8800.3,-5.5153,-1.8913,2.7948,-3.576,0.11369
8806.1,-4.0296,8802.8,-3.144,-2.5964,3.0562,-3.1127,0.30948
8810.1,-3.0164,8806.4,-2.3466,-1.6795,1.881,-2.1809,-0.091945
8812.1,-2.0099,8809.8,-1.9137,-0.37008,0.75068,-1.199,-0.44099
8814.1,-2.0033,8813,-1.9966,1.162,-0.17901,-0.2613,-0.64241
8815.1,-0.99999,8815.5,-1.3957,2.299,-0.19886,0.42839,-0.49649
8815.1,-0.99999,8816.7,-1.177,2.7386,-0.28174,0.79445,-0.38443
8815.1,-0.99999,8816.8,-1.5054,2.211,-0.84003,0.70542,-0.50325
8815,-1.8282e-12,8816.2,-0.66908,1.1894,-0.2154,0.37985,-0.17788
8815,-1.8282e-12,8815.3,0.048029,0.036669,0.44389,-0.018049,0.14845
8815,-1.8282e-12,8814.5,0.21313,-0.98636,0.45892,-0.37317,0.17295
8815,-1.8282e-12,8814.1,0.20644,-1.2229,0.33657,-0.40043,0.13403
8815,-1.8282e-12,8814.6,0.19389,-0.40773,0.27028,0.00013256,0.11799
8815,-1.8282e-12,8815.1,0.18425,0.40624,0.24032,0.35144,0.11378
