0,0,NaN,NaN,NaN,NaN,NaN,NaN
70.006,-0.32816,NaN,NaN,NaN,NaN,NaN,NaN
164.75,1.5989,NaN,NaN,NaN,NaN,NaN,NaN
279.28,6.4616,NaN,NaN,NaN,NaN,NaN,NaN
413.61,10.017,NaN,NaN,NaN,NaN,NaN,NaN
564.91,13.665,NaN,NaN,NaN,NaN,NaN,NaN
734.62,14.583,NaN,NaN,NaN,NaN,NaN,NaN
919.86,18.415,NaN,NaN,NaN,NaN,NaN,NaN
1118.5,25.854,NaN,NaN,NaN,NaN,NaN,NaN
1328.5,36.183,NaN,NaN,NaN,NaN,NaN,NaN
1547.6,51.512,NaN,NaN,NaN,NaN,NaN,NaN
1778,65.487,NaN,NaN,NaN,NaN,NaN,NaN
2018.4,80.93,NaN,NaN,NaN,NaN,NaN,NaN
2270.7,97.146,NaN,NaN,NaN,NaN,NaN,NaN
2531.6,114.82,2528.3,117.27,259.31,22.165,5.4892,2.8942
2798,133.94,2796,136.24,267.67,22.775,5.3426,2.4399
3067.4,153.08,3067.5,154.88,273.57,22.07,4.6705,1.5593
3336,170.09,3338.9,171.6,275.99,19.655,3.2942,0.23689
3608.1,186.41,3611,187.17,276.23,16.937,1.5983,-0.9338
3882.4,202.04,3884.1,201.99,275.24,14.561,-0.1041,-1.7405
4156,218.37,4156.4,217.55,272.65,13.676,-1.9517,-1.8378
4428.1,234.69,4427.2,233.45,269.09,13.469,-3.6769,-1.6597
4692.5,247.44,4692.5,247.2,263.31,12.445,-5.563,-1.6914
4948.4,258.72,4949.6,258.84,255.23,10.757,-7.5461,-1.8898
5200.1,265.74,5200.5,266.53,246.92,7.5553,-9.0206,-2.4973
5449,278.4,5447.2,276.65,239.68,6.9569,-9.7648,-2.2114
5693.5,292.45,5690.1,289.41,233.79,8.3735,-9.8279,-1.3576
5928.9,305.75,5925.8,303.35,227.16,10.545,-9.9632,-0.36697
6153,317.57,6151.6,316.77,218.77,12.145,-10.42,0.31994
6359.5,325.76,6361.6,327.17,206.43,11.825,-11.743,0.33669
6555.3,331.77,6557.9,334.37,192.4,9.9052,-13.183,-0.13064
6739.8,337.72,6741.5,339.92,178.01,7.6669,-14.349,-0.63752
6917.3,345.04,6915.5,345.58,164.77,6.0131,-14.99,-0.95882
7082.7,348.76,7079,349.14,152.23,3.7003,-15.289,-1.4547
7231.9,351.69,7228.8,351.16,138.93,1.1577,-15.632,-1.9928
7364.8,353.83,7363.1,352.4,124.49,-0.86525,-16.084,-2.2857
7480.8,351.63,7481.1,351.2,109.43,-2.8264,-16.365,-2.3759
7581.2,347.93,7582.7,348.1,93.968,-4.4596,-16.505,-2.2444
7667.5,344.15,7668.6,344.39,77.94,-5.1518,-16.756,-1.7697
7740.4,341.01,7739.6,340.24,61.686,-5.8931,-17.118,-1.5071
7799.8,337.09,7796.8,335.78,45.907,-6.4211,-17.364,-1.2813
7845.8,336.63,7841.4,333.89,31.628,-5.1703,-17.089,-0.60391
7881.8,334.7,7876.3,332.81,20.522,-3.3565,-15.797,0.17481
7907.3,333.43,7902.7,332.78,12.867,-0.94147,-13.45,1.0785
7924.3,333.52,7921,333.88,7.1736,1.6322,-10.832,1.8906
7927.8,331.42,7927.8,333.51,0.53588,2.5145,-8.9184,2.0186
7934.9,325.8,7932.1,329.36,-3.3547,0.6386,-6.7999,1.2162
7938.4,327.94,7934.5,328.43,-4.7741,0.48745,-4.4957,0.92825
7939.1,328.65,7935.9,328.26,-4.1381,0.36377,-2.0718,0.61498
7939.1,328.65,7937.1,328.14,-1.8754,0.089559,0.32295,0.29263
7939.1,328.65,7938.8,328.42,1.4505,0.28371,2.5214,0.2361
7939.1,328.65,7940.7,328.79,4.7612,0.57689,4.1876,0.26392
7938.4,329.35,7941.8,329.56,6.9014,1.0081,5.0197,0.34402
7937.7,330.06,7942,330.44,7.6127,1.3367,5.0459,0.38533
7937.7,330.06,7941.8,330.83,7.3151,1.2691,4.5287,0.30987
7937,329.35,7940.7,330.06,5.9622,0.25809,3.5882,-0.095827
7936.3,328.64,7939,328.96,3.8338,-0.69406,2.3878,-0.41419
7934.9,328.63,7936.7,328.13,1.6344,-1.3637,1.292,-0.62272
7934.2,327.92,7935,327.18,0.32165,-1.8776,0.64258,-0.74
7934.2,327.92,7934.7,327.15,0.58859,-1.3497,0.67603,-0.44202
7934.2,327.92,7934.2,327.69,0.18091,-0.27495,0.39048,0.044407
7934.2,327.92,7934.1,327.63,0.18076,-0.22992,0.299,0.034681
7934.2,327.92,7934.3,327.8,0.44079,0.035927,0.33378,0.11927
7934.2,327.92,7934.5,328.04,0.61362,0.34672,0.3403,0.22028
7934.2,327.92,7934.5,328.22,0.60222,0.53181,0.2804,0.26573
7934.2,327.92,7934.5,328.27,0.46589,0.52781,0.18359,0.23331
7934.2,327.92,7934.5,328.13,0.32278,0.2801,0.10119,0.10395
7934.9,327.21,7934.8,327.47,0.33872,-0.24621,0.061645,-0.094068
7936.3,325.81,7935.8,326.16,0.60824,-0.94849,0.084031,-0.29844
7938.5,325.11,7937.8,325.05,1.3565,-1.3019,0.25916,-0.35977
7944.1,322.31,7942.6,322.7,3.4172,-2.1511,0.7887,-0.54052
7952.7,315.29,7950.9,316.83,6.7746,-4.5509,1.6288,-1.1252
7962.6,308.27,7961.6,309.27,10.361,-7.0884,2.3985,-1.6518
7973.9,302.68,7974,301.99,13.578,-8.6909,2.9193,-1.8462
7985.3,294.25,7986.8,293.48,15.681,-10.181,3.0094,-1.9435
8000.2,287.97,8001.5,286.07,17.579,-10.312,2.9578,-1.6088
8017.2,280.99,8018.2,279.18,19.293,-9.6704,2.7931,-1.0562
8034.2,269.77,8035.5,269.86,20.18,-9.9955,2.3681,-0.8075
8055.5,262.81,8055.5,262.06,21.583,-9.1741,2.1065,-0.27556
8077.4,252.32,8077.3,252.81,22.999,-9.0941,1.8857,-0.032416
8101.5,242.55,8101.3,243.13,24.709,-9.2068,1.8025,0.082764
8129.2,230.68,8128.4,231.81,27.264,-10.148,1.9979,-0.090938
8158.9,219.53,8158.4,220,30.334,-11.21,2.3532,-0.33516
8191.5,206.98,8191.3,207.06,33.731,-12.711,2.769,-0.72425
8225.5,194.43,8226,194.02,36.41,-13.653,2.8715,-0.86519
8260.3,182.6,8261.4,181.87,38.02,-13.432,2.6114,-0.57619
8297.1,170.07,8298.1,169.59,39.221,-13.148,2.2506,-0.30981
8334.6,158.26,8335.7,157.67,39.918,-12.689,1.7965,-0.05734
8375,145.04,8375.4,145.27,40.997,-12.347,1.5304,0.16086
8415.4,133.24,8415.6,133.13,41.47,-12.107,1.1058,0.2505
8457.2,120.03,8457.1,120.44,41.981,-12.154,0.77329,0.25136
8497.5,108.22,8498.1,108.52,41.972,-11.624,0.41144,0.44413
8540,95.727,8539.9,95.941,41.985,-11.947,0.10532,0.26252
8581.8,82.518,8581.9,83.004,42.033,-12.27,-0.072146,0.14113
8622.2,70.715,8622.9,70.573,41.411,-12.379,-0.37298,0.06403
8661.9,59.616,8662.5,59.145,40.098,-11.852,-0.82517,0.20191
8695.2,47.775,8697.3,47.617,36.558,-11.552,-1.8081,0.24745
8723.5,33.787,8726.2,34.678,30.852,-11.979,-3.2475,0.11213
8756.8,29.017,8755.8,26.979,27.206,-9.6898,-3.8718,0.7252
8777.4,17.107,8778.3,17.378,21.475,-8.9954,-4.8738,0.81062
8806.4,15.143,8803.1,13.17,19.089,-5.8191,-4.7414,1.5601
8824.8,9.5855,8823.2,9.3082,15.979,-3.4269,-4.6941,1.9779
8841.8,6.849,8840.3,7.1552,13.034,-0.97628,-4.5388,2.3482
8855.9,6.9255,8854.8,7.1881,10.609,1.4761,-4.1602,2.6015
8863,9.7922,8863.6,9.9922,6.935,4.2996,-4.1279,2.8962
8870.8,4.8846,8870.5,8.3835,4.2251,3.4772,-3.7982,2.0726
8872.9,4.189,8873,6.7437,0.60067,2.196,-3.8244,1.185
8876.4,6.3294,8874.8,6.8975,-1.7406,1.6255,-3.5254,0.58694
8879.9,5.6415,8877,6.05,-2.4698,0.23272,-2.8353,-0.17604
8881.4,4.2349,8878.7,4.324,-2.4013,-1.4344,-2.0067,-0.86934
8882.1,4.9458,8880.6,3.9294,-1.0922,-1.8157,-0.83764,-1.0045
8882.8,4.2426,8882.5,3.5776,0.67614,-1.743,0.30357,-0.88114
8882.8,4.2426,8883.3,3.1077,1.3629,-1.992,0.81106,-0.92444
8882.8,4.2426,8884.3,3.6914,2.6261,-0.90825,1.4619,-0.39592
8882.8,4.2426,8883.9,3.7062,1.9193,-0.75715,1.152,-0.31755
8882.1,3.5317,8883.4,3.7397,1.5687,-0.23509,1.0176,-0.044124
8881.4,2.8207,8882.2,3.1789,0.63434,-0.321,0.6245,-0.036386
8881.4,2.8207,8881.5,2.6158,0.034681,-0.65201,0.34663,-0.17027
8880.7,2.1098,8880.9,1.7594,-0.021928,-1.1241,0.32749,-0.33748
8880.7,2.1098,8880.6,2.0214,-0.057991,-0.30799,0.27595,0.034252
8880.7,2.1098,8880.9,1.996,0.51536,-0.12522,0.47284,0.086372
8880.7,2.1098,8880.9,1.8387,0.61647,-0.24521,0.44457,-0.0022786
8880.7,2.1098,8880.9,2.0456,0.52473,0.07192,0.33824,0.10695
8880.7,2.1098,8881,2.2816,0.55001,0.36807,0.29825,0.20424
8880.7,2.1098,8881,2.2801,0.49946,0.3078,0.23686,0.1465
8880.7,2.1098,8880.9,2.3384,0.332,0.33562,0.13699,0.13848
8880.7,2.1098,8880.8,2.2578,0.17935,0.1813,0.056876,0.057495
8880.7,2.1098,8880.7,2.1377,-0.0044197,-0.0044678,-0.027238,-0.027535
8881.4,1.4065,8881.1,1.5629,0.10333,-0.3854,-0.015994,-0.15093
8882.1,0.70327,8881.8,0.82635,0.43958,-0.69345,0.078607,-0.21827
8882.8,7.5728e-13,8882.7,-0.0031335,0.76865,-0.94627,0.16253,-0.25698
8882.8,7.5728e-13,8883.1,-0.39763,0.71751,-0.90477,0.12186,-0.21248
8882.8,7.5728e-13,8883.2,-0.40403,0.57045,-0.56431,0.06943,-0.068683
8882.8,7.5728e-13,8883.1,-0.29303,0.24393,-0.24131,-0.044959,0.044475
8882.8,7.5728e-13,8882.9,-0.10158,-0.073945,0.073149,-0.14513,0.14357
8882.8,7.5728e-13,8882.7,0.091011,-0.31795,0.31453,-0.21024,0.20798
8882.8,7.5728e-13,8882.6,0.2296,-0.44823,0.44341,-0.22886,0.22639
8882.8,7.5728e-13,8882.5,0.28315,-0.45032,0.44547,-0.1989,0.19675
8882.8,7.5728e-13,8882.6,0.24477,-0.3351,0.33149,-0.12768,0.1263
8882.8,7.5728e-13,8882.7,0.13169,-0.13887,0.13737,-0.0319,0.031557
8882.8,7.5728e-13,8882.8,-0.014709,0.07673,-0.075904,0.062358,-0.061687
8882.8,7.5728e-13,8882.9,-0.12893,0.22466,-0.22224,0.11964,-0.11835
8882.8,7.5728e-13,8882.9,-0.12135,0.1925,-0.19043,0.095089,-0.094065
