0,0,NaN,NaN,NaN,NaN,NaN,NaN
102.28,12.226,NaN,NaN,NaN,NaN,NaN,NaN
231.55,27.816,NaN,NaN,NaN,NaN,NaN,NaN
384.3,47.592,NaN,NaN,NaN,NaN,NaN,NaN
556.75,63.895,NaN,NaN,NaN,NaN,NaN,NaN
746.12,78.231,NaN,NaN,NaN,NaN,NaN,NaN
950.44,95.616,NaN,NaN,NaN,NaN,NaN,NaN
1168.1,109.03,NaN,NaN,NaN,NaN,NaN,NaN
1402.9,128.96,NaN,NaN,NaN,NaN,NaN,NaN
1649,148.51,NaN,NaN,NaN,NaN,NaN,NaN
1905.7,165.6,NaN,NaN,NaN,NaN,NaN,NaN
2178.7,182.87,NaN,NaN,NaN,NaN,NaN,NaN
2460,197.04,NaN,NaN,NaN,NaN,NaN,NaN
2751.8,208.73,NaN,NaN,NaN,NaN,NaN,NaN
3047.9,218.88,3047.5,220.58,300.69,11.049,6.5323,-1.7529
3343.9,227.61,3347.4,228.59,305.63,8.0586,5.3601,-2.3019
3644.1,233.38,3648.1,233.54,306.82,4.208,3.3089,-3.0752
3944.3,240.56,3947.7,238.31,304.64,1.3853,0.63378,-3.4803
4245.8,244.87,4247,242.48,300.96,-0.019992,-1.9807,-3.2534
4542.4,248.63,4542.8,246.51,295.38,-0.1137,-4.5474,-2.5464
4834.6,251.12,4834.3,249.74,288.69,0.1289,-6.7725,-1.7954
5124,250.87,5122.2,251.24,282.26,0.30628,-8.2944,-1.0732
5412.1,256.32,5408.1,254.82,277.15,1.4111,-8.9627,-0.35963
5695.3,262.64,5691.2,260.69,273.46,3.6546,-8.7686,0.53417
5965.1,268.69,5964.7,267.68,267.39,6.1179,-8.9665,1.3476
6219.3,276.67,6222.6,276.11,255.99,8.57,-10.542,1.9654
6454.4,283.14,6460.8,284.25,238.7,10.185,-13.422,2.2417
6677.4,287.89,6681.6,290.6,218.34,10.188,-16.735,1.9764
6887.1,295.2,6887.5,297.25,197.93,9.8675,-19.423,1.5687
7084.6,299.36,7080.8,301.82,179.76,8.1165,-20.822,0.75429
7262.2,301.34,7257.7,303.77,161.55,5.1231,-21.776,-0.32719
7420,301.15,7416.1,302.7,143.09,0.90166,-22.334,-1.6701
7558.6,298.04,7555.6,298.81,124.38,-3.5446,-22.578,-2.8222
7677.4,296.99,7675.8,295.36,106.03,-6.2413,-22.322,-3.2457
7778.5,295.81,7777.5,293.05,88.108,-6.83,-21.758,-2.8667
7862,295.92,7860.8,292.85,70.054,-5.2008,-21.267,-1.7667
7927.8,295.89,7925.5,293.34,51.399,-3.2862,-21.115,-0.76494
7977.3,295.69,7973.4,294.35,33.328,-1.1176,-20.876,0.19944
8012,295.27,8006.9,295.35,17.742,0.76554,-19.846,0.94784
8033.2,295.99,8028,296.63,5.3246,2.2016,-17.889,1.3856
8036.1,295.9,8034,297.44,-6.1582,2.9249,-15.76,1.517
8037.5,295.85,8033.3,297.63,-13.751,2.7953,-12.946,1.3031
8044.5,295.62,8035.4,296.82,-14.011,1.5029,-8.6675,0.63909
8044.5,295.62,8036.7,296.03,-11.328,0.34922,-4.3756,0.094832
8044.5,295.62,8039.1,295.43,-5.6215,-0.45036,0.026299,-0.2525
8044.5,295.62,8042.8,295.21,1.3986,-0.66757,3.9643,-0.32323
8038.2,297.95,8042.5,296.97,5.7319,0.46444,6.2931,0.066311
8025.6,301.19,8035.1,300.1,5.3096,1.9871,6.5678,0.49393
8009.4,302.43,8020.3,302.62,0.35977,2.841,5.0452,0.68852
7988.2,304.53,7997.9,305.05,-8.3299,3.254,2.2418,0.69967
7962.1,306.09,7968.8,307,-19.214,3.1871,-1.0996,0.56363
7933.2,307.74,7935.3,308.63,-29.798,2.819,-4.0308,0.3457
7901.3,308.08,7899.4,309.12,-38.079,1.7913,-5.8225,-0.045023
7868.7,306.31,7864.2,307.48,-42.056,-0.27877,-5.8571,-0.70402
7838.3,305.18,7833,305.39,-40.207,-2.0545,-3.8126,-1.174
7807.8,302.64,7803.6,302.38,-36.396,-3.733,-1.4386,-1.523
7780.1,301.42,7776.7,300.1,-31.598,-4.3292,0.76364,-1.4726
7758.2,300.01,7755.6,298.45,-24.178,-4.0712,3.4078,-1.1305
7741.8,298.43,7740.1,297.23,-15.948,-3.2319,5.6975,-0.61312
7738.3,299.25,7735.2,297.86,-5.1669,-1.3577,8.115,0.14381
7734.8,298.66,7735.3,298.28,4.6182,-0.051978,9.7769,0.59858
7728.4,299.57,7734.3,299.48,9.9909,1.2867,9.7886,0.96884
7724.9,298.98,7732.6,300.06,11.498,1.994,8.4385,1.1134
7723.5,300.44,7730.7,301.19,10.413,2.4831,6.3269,1.0983
7722.8,301.17,7728.3,302.04,7.5307,2.4035,3.8617,0.87336
7722.8,301.17,7725.9,302.06,3.7855,1.5998,1.4289,0.42776
7722.8,301.17,7723.6,301.74,0.17503,0.69049,-0.57042,0.015977
7722.8,301.17,7721.7,301.4,-2.6585,0.010233,-1.9409,-0.2434
7722.8,301.17,7720.5,301.01,-4.2648,-0.57104,-2.5856,-0.43547
7722.8,301.17,7720.4,300.84,-4.0721,-0.73695,-2.3497,-0.43789
7722.8,301.17,7721.2,300.71,-2.7788,-0.80721,-1.6264,-0.40863
7722.8,301.17,7722.2,300.78,-1.365,-0.60661,-0.88926,-0.27449
7722.8,301.17,7722.7,300.95,-0.60454,-0.29995,-0.48117,-0.11297
7722.8,301.17,7722.1,300.98,-1.2795,-0.21414,-0.72404,-0.065583
7722.8,301.17,7722,301.17,-1.3629,0.063915,-0.69429,0.058614
7722.8,301.17,7722.4,301.24,-0.70465,0.14393,-0.34959,0.086374
7723.5,300.44,7723.1,300.87,-0.044365,0.047359,-0.071334,0.076149
7724.8,297.57,7724.4,298.54,0.67192,-1.2212,0.15888,-0.30823
7726.8,292.55,7726.3,293.91,1.5583,-3.3378,0.39646,-0.8681
7726,290.45,7726.8,290.15,1.36,-4.3949,0.28938,-1.0485
7728,286.85,7728.1,286.16,1.5885,-5.1452,0.30066,-1.0996
7728.6,283.29,7729,282.29,1.4593,-5.4161,0.20408,-0.98324
7730.6,279.69,7730.5,278.65,1.6102,-5.2314,0.18808,-0.72503
7733.3,275.36,7732.9,274.78,2.0823,-4.9475,0.25937,-0.44623
7734.7,273.9,7734.8,272.74,2.1544,-3.5783,0.21287,0.10808
7737.4,270.98,7737.2,270.74,2.4573,-2.3838,0.23656,0.54286
7742.9,265.14,7741.9,266.58,3.756,-2.5931,0.53691,0.50771
7744.9,262.95,7745.4,263.44,4.1307,-2.3954,0.55505,0.53354
7751.8,255.65,7751.2,257.38,5.5396,-3.9454,0.85131,0.020917
7762.1,247.53,7760.6,249.08,8.3066,-6.4717,1.4745,-0.74199
7772.5,240.83,7771.7,240.82,11.015,-8.3568,1.9719,-1.2251
7787.9,236.08,7786.7,234.47,14.66,-8.4811,2.6219,-1.0896
7806.1,231.24,7805.2,229.42,18.853,-7.5102,3.3103,-0.60007
7827.2,224.89,7827.1,223.84,23.409,-6.9657,4.0169,-0.31176
7850.3,219.18,7851.2,218.68,27.051,-6.0213,4.2685,0.10231
7874.8,212.02,7876.8,212.62,29.745,-5.621,4.1745,0.31894
7902.9,204.03,7904.6,205.38,31.765,-5.9077,3.7977,0.29928
7932.3,195.99,7933.9,197.3,33.064,-6.6581,3.2074,0.10914
7963.9,187.18,7965,187.96,34.18,-8.241,2.6398,-0.39169
7997.5,177.59,7998,177.84,35.083,-9.8193,2.0613,-0.82038
8029.8,169.46,8030.7,168.58,34.951,-10.402,1.2888,-0.88374
8064.2,160.56,8064.8,159.2,35.42,-10.934,0.91746,-0.95495
8099.2,150.92,8099.5,150.16,35.446,-10.484,0.46029,-0.59058
8133.6,142.02,8133.9,141.62,35.01,-9.5465,-0.024824,-0.095
8168.7,132.38,8168.8,132.6,34.869,-9.0548,-0.27015,0.17587
8202.3,122.8,8202.6,123.13,33.899,-9.0507,-0.714,0.20984
8235.4,116.76,8235.5,115.9,32.624,-7.9582,-1.143,0.51114
8268.4,109.32,8268,109.02,31.498,-6.9268,-1.4253,0.75607
8300,103.33,8299.6,103.02,30.405,-5.8679,-1.592,0.93566
8331.7,97.349,8331,97.514,29.736,-4.8784,-1.5521,1.0748
8361.2,92.139,8360.9,92.561,28.629,-3.9997,-1.6204,1.1495
8391.5,87.614,8390.7,88.13,28.047,-3.303,-1.4966,1.1355
8418.1,79.67,8418.2,81.555,26.651,-4.0837,-1.5981,0.70336
8439,69.084,8440.7,71.792,23.31,-6.5785,-2.2098,-0.17249
8468,68.844,8466.4,67.096,22.877,-6.2154,-1.8903,-0.20233
8483.9,59.126,8485.4,59.362,19.443,-7.4291,-2.44,-0.61498
8510.1,57.566,8507.8,55.437,18.95,-6.295,-2.1061,-0.28256
8527.6,52.042,8527,51.11,17.522,-5.4726,-2.0227,-0.029454
8545.9,48.616,8545.2,47.986,16.339,-4.0115,-1.8718,0.42772
8562,44.551,8561.8,44.863,15.251,-2.865,-1.6695,0.74821
8571,37.891,8572.9,39.496,12.12,-3.4436,-2.047,0.48067
8580,32.644,8581.3,33.942,8.69,-4.0646,-2.4831,0.23468
8589.8,29.494,8589.4,29.461,6.3569,-4.2646,-2.5649,0.079098
8598.9,27.074,8597.2,26.184,4.9761,-3.9487,-2.3878,0.066978
8601.8,26.982,8601.4,25.114,2.6763,-2.7073,-2.4579,0.299
8608.7,22.511,8606.6,22.436,1.9408,-2.5443,-2.0977,0.24181
8611.5,22.418,8610.5,22.046,1.6763,-0.9178,-1.5496,0.70546
8615.7,19.453,8615,20.696,2.5551,-0.10643,-0.68972,0.91092
8616.3,18.723,8616.7,19.18,1.719,-0.37114,-0.58021,0.59782
8616.3,18.723,8617.7,19.209,1.6662,0.5936,-0.1282,0.80649
8617,17.993,8617.3,18.29,0.21659,0.083966,-0.41135,0.40508
8617.7,17.264,8617.5,17.524,-0.088184,-0.19254,-0.27533,0.17798
8618.4,16.534,8617.7,16.477,-0.43314,-0.8011,-0.25776,-0.14352
8619.1,15.804,8618.3,15.611,-0.20058,-1.0767,-0.063369,-0.27371
8620.4,14.344,8620.1,14.605,1.1804,-1.072,0.52754,-0.21777
8622.5,13.568,8622.5,13.669,2.4726,-1.0643,0.95218,-0.17742
8624,13.522,8624.4,13.153,3.0122,-0.9658,1.028,-0.15036
8626.8,13.43,8627.1,12.899,3.6638,-0.8116,1.0902,-0.12178
8628.9,12.654,8630,12.302,4.341,-0.92841,1.1939,-0.1811
8631.7,12.562,8632.4,12.423,4.08,-0.30621,0.87977,0.06694
8633.9,13.199,8634.7,12.85,3.6917,0.11502,0.58902,0.16452
8635.9,12.423,8636.4,12.901,2.8309,0.43889,0.15538,0.2794
8638,11.647,8638.4,12.251,2.367,0.10396,-0.049277,0.13854
8640.2,12.285,8640.3,12.202,2.0193,0.026072,-0.17963,0.06059
8641.6,12.239,8641.7,12.172,1.4459,-0.019692,-0.35709,0.013091
8643,12.193,8642.9,12.112,0.97694,-0.09323,-0.46365,-0.034473
8644.4,12.147,8644.2,12.054,0.73495,-0.14479,-0.46882,-0.062836
8646.5,11.371,8646,11.546,0.95664,-0.3757,-0.32334,-0.12282
8647.9,11.324,8647.6,11.336,1.118,-0.32195,-0.208,-0.076164
8650,10.549,8649.7,10.705,1.4863,-0.5285,-0.048858,-0.11948
8652.1,9.7726,8652,9.8268,2.007,-0.85109,0.14703,-0.20187
8654.3,10.41,8654.3,9.8706,2.316,-0.58375,0.22981,-0.1027
8656.4,9.6342,8656.6,9.5649,2.5722,-0.47074,0.28953,-0.039672
8658.5,8.8583,8658.7,8.923,2.5849,-0.59316,0.24819,-0.064492
8661.3,8.766,8661.3,8.5749,2.8007,-0.54892,0.26783,-0.046218
8663.4,7.9901,8663.7,8.1195,2.7328,-0.43123,0.19526,0.024445
8665.5,7.2141,8665.7,7.4586,2.4858,-0.45537,0.071544,0.038062
8668.3,7.1218,8668.2,7.0129,2.4453,-0.48166,0.018321,0.014087
8670.4,6.3459,8670.5,6.3816,2.3629,-0.56836,-0.020087,-0.014487
8674.6,4.794,8674,5.0842,2.949,-0.9863,0.13523,-0.13346
8677.4,4.7018,8677.4,4.4308,3.2868,-0.96366,0.20742,-0.11403
8680.3,4.6095,8680.4,4.2479,3.3592,-0.6273,0.18807,0.0067807
8682.4,3.8335,8682.9,3.7803,3.1141,-0.52571,0.093999,0.040644
8685.1,2.3278,8685.4,2.7272,2.8295,-0.68697,-0.017761,0.012419
8687.2,1.5519,8687.5,1.7345,2.3808,-0.81437,-0.16129,-0.015747
8688.7,1.5057,8688.9,1.1983,1.7018,-0.77752,-0.34769,-0.023497
8690,0.046137,8690.1,0.2015,1.0535,-0.87693,-0.49442,-0.037267
8691.4,-2.2948e-13,8691.2,-0.21835,0.59867,-0.66398,-0.55943,0.032031
8691.4,-2.2948e-13,8691.4,-0.31359,-0.12379,-0.37167,-0.68149,0.10305
8691.4,-2.2948e-13,8691.3,-0.15283,-0.59991,0.028474,-0.68211,0.20866
