0,0,NaN,NaN,NaN,NaN,NaN,NaN
64.191,14.162,NaN,NaN,NaN,NaN,NaN,NaN
138.26,29.851,NaN,NaN,NaN,NaN,NaN,NaN
222.94,46.366,NaN,NaN,NaN,NaN,NaN,NaN
313.28,61.531,NaN,NaN,NaN,NaN,NaN,NaN
408.6,74.632,NaN,NaN,NaN,NaN,NaN,NaN
508.17,86.366,NaN,NaN,NaN,NaN,NaN,NaN
610.61,95.303,NaN,NaN,NaN,NaN,NaN,NaN
716.59,103.57,NaN,NaN,NaN,NaN,NaN,NaN
827.49,114.02,NaN,NaN,NaN,NaN,NaN,NaN
941.92,125.22,NaN,NaN,NaN,NaN,NaN,NaN
1062.7,138.61,NaN,NaN,NaN,NaN,NaN,NaN
1189.8,151.36,NaN,NaN,NaN,NaN,NaN,NaN
1318.5,158.47,NaN,NaN,NaN,NaN,NaN,NaN
1452.8,164.23,1450.8,167.11,133.84,10.286,3.3864,0.30343
1591.3,165.8,1590.9,169.95,140.47,7.0064,4.3784,-0.51391
1734.9,163.89,1735.3,167.67,146.41,1.5323,4.9718,-1.957
1886.9,164.9,1886.2,164.97,152.62,-3.007,5.4192,-3.0374
2043.2,163.14,2042.7,161.24,158.7,-6.6105,5.7131,-3.6784
2203,164.94,2203.4,160.33,163.93,-7.0953,5.6867,-3.256
2364.2,168.18,2366,162.86,167.46,-4.6165,5.1737,-1.9053
2528.3,170.04,2530.7,166.92,169.81,-0.74723,4.4106,-0.16443
2693,172.61,2696,171.95,170.58,3.3827,3.3141,1.4726
2858.5,173.07,2861.2,175.27,169.87,5.6112,1.9526,2.2644
3024,172.11,3026,175.94,168.11,5.4297,0.51471,2.1057
3189.5,168.33,3190.2,172.54,165.53,2.2776,-0.9478,0.90454
3352.9,160.98,3352.7,164.6,162.31,-3.0988,-2.3079,-0.89423
3512.8,150.07,3512.8,152.53,158.87,-9.3316,-3.3239,-2.6758
3669.3,138.4,3669.4,138.29,154.83,-14.988,-4.2114,-4.0316
3822.8,129.53,3822.8,126.14,150.8,-17.285,-4.7988,-4.1028
3974.2,121.34,3973.4,116.66,147.08,-16.444,-5.103,-3.0981
4124.2,113.14,4122.1,108.88,143.79,-14.01,-5.2143,-1.6928
4265.8,100.6,4265.1,99.637,139.3,-11.85,-5.5364,-0.4123
4406.7,84.515,4405.2,86.454,135.51,-12.001,-5.5274,-0.013559
4547.6,67.016,4544.8,69.977,133.63,-13.786,-4.8784,-0.21715
4685.7,49.486,4683.1,51.762,132.63,-16.056,-4.0122,-0.6183
4829.4,36.262,4825,35.506,134.9,-16.98,-2.3053,-0.72407
4968.9,21.575,4966.5,19.891,137.32,-17.274,-0.77431,-0.67904
5102.7,9.6534,5103.8,6.7283,137.53,-16.088,-0.10933,-0.24083
5232.9,-0.18745,5236.1,-3.2694,135.27,-13.155,-0.3365,0.69009
5363.1,-8.6142,5365.8,-10.415,132.29,-8.96,-0.83514,1.9485
5491.2,-14.944,5493.1,-14.921,128.95,-4.1422,-1.4316,3.2681
5619.2,-18.445,5619.4,-17.097,126.2,0.32317,-1.8387,4.2236
5746.6,-22.661,5745.4,-19.771,124.17,2.3654,-2.0222,4.1572
5869.7,-25.512,5868.7,-22.645,121.72,2.5663,-2.2996,3.382
5992,-27.663,5990.8,-25.592,119.87,1.5705,-2.3203,2.2414
6110.1,-31.276,6110.5,-29.346,118.5,-0.12152,-2.0092,1.0859
6225.4,-33.507,6226.8,-32.571,116.37,-1.3944,-1.9362,0.26917
6334.4,-36.517,6337.3,-35.995,112.17,-2.5905,-2.4831,-0.34681
6438.4,-38.877,6441.5,-39.107,106.17,-3.4232,-3.5131,-0.72853
6536,-42.015,6538.1,-42.676,97.625,-4.4439,-5.2943,-1.1015
6626.5,-45.233,6627.6,-45.973,88.524,-4.7281,-6.9064,-1.0954
6712.9,-49.914,6712.2,-50.235,80.66,-5.2953,-7.783,-1.1261
6795.7,-55.341,6793.3,-55.408,74.695,-5.9977,-7.8505,-1.1477
6876.4,-62.914,6872.4,-62.4,70.966,-7.2533,-7.1755,-1.2861
6956.3,-68.373,6951.5,-68.956,70.085,-7.8774,-5.6684,-1.2391
7033.4,-72.451,7029.5,-74.165,70.56,-7.5513,-3.9321,-0.94725
7110.6,-76.528,7107.5,-78.221,72.399,-6.3672,-2.0374,-0.40462
7186.9,-75.664,7185.6,-78.446,75.012,-3.3573,-0.18827,0.56939
7261.2,-76.945,7261.9,-78.023,76.553,-0.60556,0.96415,1.357
7336.9,-76.796,7338.1,-76.558,77.819,2.0552,1.724,2.0241
7411.8,-77.362,7413.5,-75.685,78.088,3.4022,1.898,2.1618
7484,-79.374,7486.5,-76.509,76.887,3.1071,1.5033,1.7562
7556.8,-79.257,7558.6,-77.333,75.17,2.2381,0.88442,1.1358
7628.9,-78.441,7630,-77.71,73.495,1.3153,0.32034,0.5225
7701.1,-77.625,7701.5,-77.822,72.441,0.39429,0.028532,-0.034849
7774.6,-75.379,7774.1,-76.548,72.363,0.36942,0.054966,-0.2209
7846.7,-73.149,7846.5,-74.314,72.416,1.0004,0.13521,-0.11717
7916.6,-68.821,7917.4,-69.982,71.743,2.8594,0.0013017,0.41798
7983.8,-65.94,7985.5,-65.867,69.813,4.1371,-0.48091,0.73147
8048.8,-63.79,8050.8,-62.626,67.12,4.5473,-1.094,0.75702
8112.4,-61.655,8113.8,-60.155,63.907,4.2385,-1.7984,0.54842
8175.4,-60.236,8175.4,-59.106,61.066,2.7091,-2.2955,-0.087279
8238.3,-60.231,8237.1,-59.305,59.332,0.8667,-2.3733,-0.69666
8299.8,-58.828,8298,-59.283,58.04,-0.52939,-2.3106,-1.1117
8362.7,-58.823,8360.1,-59.563,58.36,-1.4935,-1.735,-1.2802
8425.7,-58.818,8423.6,-59.695,60.063,-1.7639,-0.7441,-1.1489
8486.5,-56.716,8486.1,-58.385,61.354,-1.0414,0.015504,-0.74513
8549.4,-53.883,8549.4,-55.552,63.027,0.58219,0.76136,-0.10309
8609.4,-51.082,8611,-51.906,63.312,2.4688,0.94061,0.55787
8670.9,-46.85,8672.1,-47.191,62.889,4.4197,0.7595,1.12
8731,-42.635,8732.1,-42.154,61.764,5.9187,0.33627,1.4431
8789.6,-38.435,8790.6,-37.453,60.069,6.4626,-0.21689,1.3681
8846.9,-34.252,8847.7,-32.987,58.092,6.497,-0.75924,1.1347
8904.1,-28.655,8904.2,-27.933,56.464,6.5001,-1.1054,0.88325
8959.2,-22.374,8959.3,-22.223,54.745,6.5254,-1.3945,0.63766
9011.4,-16.125,9011.9,-16.137,52.485,6.5672,-1.7623,0.43547
9059.4,-9.9249,9060.7,-9.8656,49.108,6.6281,-2.362,0.29387
9099.7,-5.9335,9102.5,-5.1647,43.492,5.7133,-3.4551,-0.1004
9135,-4.1194,9137.6,-2.5927,36.15,4.0148,-4.8903,-0.60362
9164.7,-2.3692,9166.3,-1.2727,28.021,2.1004,-6.3037,-1.0843
9188,-1.3981,9188.6,-1.1131,19.734,0.013329,-7.4648,-1.5654
9205,-1.2061,9204.2,-1.7092,11.323,-1.7797,-8.4366,-1.8739
9209.3,-1.1581,9209.7,-2.4006,1.5693,-2.8487,-9.4687,-1.8898
9212.1,-1.1261,9210,-2.8736,-6.6475,-3.1918,-9.8379,-1.6642
9218.4,-0.34703,9212,-2.2952,-9.6802,-2.3959,-8.5536,-1.0818
9221.3,-0.31502,9214.5,-1.4428,-9.3194,-1.1589,-6.3298,-0.39496
9221.3,-0.31502,9216.3,-0.52589,-7.2376,0.12824,-3.8314,0.23079
9221.3,-0.31502,9218.1,0.11543,-4.1814,0.95994,-1.4336,0.59237
9221.3,-0.31502,9220,0.40511,-0.78342,1.2584,0.63821,0.68601
9221.3,-0.31502,9221.8,0.35874,2.162,1.087,2.1353,0.56533
9219.9,-1.7451,9222.2,-0.88456,3.751,0.12817,2.8601,0.18904
9219.2,-2.4602,9222.2,-2.0969,4.4935,-0.58603,3.0706,-0.062378
9217.1,-4.6054,9220.3,-4.1159,3.4474,-1.4701,2.5116,-0.30662
9215,-5.3365,9217.2,-5.6588,1.3696,-1.9035,1.5475,-0.40216
9214.2,-4.6374,9214.7,-5.7473,-0.30852,-1.36,0.73563,-0.19159
9212.8,-4.6534,9212.7,-5.3973,-1.2269,-0.55438,0.29519,0.095537
9211.4,-4.6694,9211.7,-4.8975,-0.62146,0.21483,0.53623,0.34464
9210,-4.6854,9210.6,-4.4519,-0.35362,0.75952,0.6063,0.48975
9209.3,-3.9863,9209.3,-3.7325,-0.61763,1.1961,0.40042,0.55595
9208.6,-4.7014,9208.6,-3.8156,-0.42588,1.0555,0.39309,0.44776
9206.5,-4.0183,9207.2,-3.5726,-0.52144,0.96029,0.34152,0.33714
9206.5,-4.0183,9206.6,-3.6479,-0.31304,0.57242,0.35041,0.13537
9205,-4.0343,9205.4,-3.9222,-0.5504,0.052911,0.21146,-0.091772
9204.3,-4.7494,9204.4,-4.689,-0.74359,-0.6247,0.089293,-0.32577
9202.9,-4.7654,9203.1,-5.051,-0.99656,-0.79933,-0.014163,-0.34737
9202.2,-5.4805,9202.1,-5.6589,-1.119,-0.9814,-0.075836,-0.35066
9201.5,-4.7814,9201.4,-5.2687,-0.92636,-0.40935,-0.0061345,-0.10085
9200.8,-5.4965,9200.8,-5.4905,-0.73495,-0.32333,0.054314,-0.039891
9200.8,-5.4965,9200.5,-5.64,-0.48108,-0.29149,0.10045,-0.026785
9200.1,-6.2115,9200.2,-6.0734,-0.29641,-0.34083,0.14057,-0.02063
9200.1,-6.2115,9200.1,-6.2398,-0.0084085,-0.23092,0.2041,0.02712
9199.4,-5.5125,9199.7,-5.797,-0.017807,0.15832,0.1713,0.14032
9199.4,-5.5125,9199.5,-5.5359,-0.039597,0.31937,0.11907,0.16423
9199.4,-5.5125,9199.4,-5.3029,0.0033657,0.47777,0.094801,0.20077
9199.4,-5.5125,9199.5,-5.3249,0.15997,0.32222,0.12486,0.10991
9199.4,-5.5125,9199.4,-5.3614,0.017569,0.19599,0.028855,0.046546
9199.4,-5.5125,9199.4,-5.423,0.049713,0.072539,0.022789,-0.0064845
9199.4,-5.5125,9199.4,-5.4434,0.0094019,0.032036,-0.008219,-0.017628
9199.4,-5.5125,9199.5,-5.5258,0.062144,-0.078574,0.0086473,-0.058374
9199.4,-5.5125,9199.4,-5.5592,0.022084,-0.10927,-0.012271,-0.062382
9199.4,-5.5125,9199.4,-5.6773,-0.00617,-0.25108,-0.023927,-0.1163
9198.7,-4.8134,9198.9,-5.1469,-0.28906,0.097768,-0.1047,0.0067131
9197.3,-4.8294,9197.6,-4.8508,-0.94225,0.24554,-0.28635,0.056007
9195.8,-3.4313,9196,-3.6909,-1.526,0.85458,-0.40865,0.23922
9193.7,-2.7482,9193.8,-2.691,-2.266,1.1577,-0.56002,0.29344
9191.6,-2.0652,9191.5,-1.8686,-2.7669,1.1959,-0.60195,0.24732
9188.7,-0.68306,9188.6,-0.62623,-3.3497,1.4236,-0.66145,0.26559
9186.6,2.6295e-12,9186,0.3033,-3.4725,1.3763,-0.57164,0.19969
