0,0,NaN,NaN,NaN,NaN,NaN,NaN
57.771,-13.659,NaN,NaN,NaN,NaN,NaN,NaN
126.85,-27.5,NaN,NaN,NaN,NaN,NaN,NaN
209.38,-40.849,NaN,NaN,NaN,NaN,NaN,NaN
306.09,-51.599,NaN,NaN,NaN,NaN,NaN,NaN
412.71,-62.507,NaN,NaN,NaN,NaN,NaN,NaN
529.93,-72.879,NaN,NaN,NaN,NaN,NaN,NaN
655.62,-84.802,NaN,NaN,NaN,NaN,NaN,NaN
791.93,-96.188,NaN,NaN,NaN,NaN,NaN,NaN
939.52,-109.17,NaN,NaN,NaN,NaN,NaN,NaN
1101.3,-120.97,NaN,NaN,NaN,NaN,NaN,NaN
1279.3,-133.73,NaN,NaN,NaN,NaN,NaN,NaN
1474.2,-149.59,NaN,NaN,NaN,NaN,NaN,NaN
1681.9,-164.25,NaN,NaN,NaN,NaN,NaN,NaN
1901.6,-179.81,1900.7,-180.57,228.12,-17.475,15.234,-1.5432
2129,-196.19,2132.6,-197.01,242.56,-18.125,15.647,-1.4495
2365.7,-210.61,2372.1,-212.07,253.45,-17.48,14.904,-0.94875
2616.5,-228.08,2621.6,-228.36,262.41,-17.308,13.499,-0.6221
2882.1,-249.32,2883.6,-248.09,271.23,-18.892,12.042,-0.86571
3159.7,-267.23,3158.6,-267.27,280.86,-19.679,10.974,-0.87049
3447.2,-288.12,3445.3,-287.92,290.88,-20.877,10.236,-0.9982
3738.9,-309.08,3739.3,-309.13,299.62,-21.789,9.4429,-1.0086
4033.5,-330.08,4037,-330.59,305.63,-22.441,8.1873,-0.95953
4340.7,-359.77,4343,-357.71,312.03,-25.549,7.3471,-1.5733
4649.9,-388.79,4653,-387.54,316.4,-29.204,6.1115,-2.2984
4964.9,-417.9,4966.9,-418.18,319.05,-31.959,4.5329,-2.6425
5280.5,-449.14,5281.9,-449.91,319.15,-33.887,2.4387,-2.6257
5591.2,-481.02,5593.6,-482.41,315.76,-35.249,-0.22517,-2.4459
5904.7,-511.52,5905.1,-513.82,312.08,-35.068,-2.4044,-1.8195
6216.1,-541.28,6215.8,-543.81,308.87,-33.619,-3.8063,-0.90162
6518.3,-570.18,6520,-572.43,303.46,-31.475,-5.3116,0.061984
6814.9,-597.58,6816.8,-598.91,295.64,-28.188,-7.1363,1.2724
7100.7,-629.76,7102.9,-627.72,284.48,-26.627,-9.5452,1.8458
7374.6,-661.04,7376.3,-658.31,270.41,-26.935,-12.289,1.6342
7640.1,-689.36,7639.3,-687.85,256.06,-27.023,-14.502,1.4085
7887.9,-718.09,7887.7,-717.42,240.49,-27.703,-16.362,0.91259
8127.9,-744.59,8125.5,-745.38,226.47,-27.75,-17.194,0.60216
8357.3,-773.03,8352.6,-773.01,213.3,-27.246,-17.53,0.62564
8574.6,-801.98,8569.4,-801.46,201.84,-27.503,-17.041,0.40376
8785,-825.17,8778.4,-826.47,192.92,-26.021,-15.73,0.69417
8981.3,-845.3,8976.7,-847.29,184.8,-22.617,-14.133,1.5391
9166.3,-861,9164.3,-863.19,177.07,-17.577,-12.456,2.7385
9340.8,-874.42,9340.1,-875.57,168.1,-12.371,-11.456,3.7709
9503.9,-887.65,9504.2,-886.74,158.06,-8.484,-10.98,4.2219
9655,-901.4,9656.1,-898.59,147.18,-6.8296,-10.839,3.8857
9789.2,-913.46,9791.9,-910.43,133.18,-6.5849,-11.71,3.1053
9907.1,-925.96,9910.6,-922.61,116.64,-7.1407,-13.21,2.235
10006,-934.62,10010,-933.19,97.278,-7.6605,-15.289,1.4069
10084,-941.53,10088,-942,74.78,-8.0002,-17.942,0.66775
10145,-947.47,10147,-948.95,52.648,-7.6716,-19.922,0.26179
10187,-950.26,10187,-952.79,29.998,-6.0129,-21.693,0.35222
10215,-952.13,10211,-953.89,10.029,-2.9989,-22.293,1.0005
10225,-946.63,10220,-948.92,-7.7409,2.5547,-21.959,2.3816
10228,-946.68,10219,-945.39,-20.571,5.5392,-20.137,2.8221
10230,-947.42,10218,-944.02,-24.788,5.9592,-15.903,2.4126
10233,-950.29,10220,-946.14,-21.001,3.4553,-9.8918,1.1059
10234,-948.9,10224,-947.47,-12.418,1.1479,-3.4041,-0.056915
10234,-948.9,10229,-948.88,-2.4964,-0.9722,2.3384,-0.98555
10231,-945.31,10233,-947.55,5.1744,-1.1394,6.2554,-1.1624
10221,-935.25,10229,-940.09,7.8855,2.07,7.7615,-0.2847
10206,-918.75,10218,-924.63,4.8377,9.0364,6.8558,1.6602
10195,-903.01,10204,-905.95,-0.015434,16.003,5.0313,3.3947
10182,-885.12,10188,-884.89,-5.9303,22.287,2.7876,4.7286
10167,-863.66,10169,-861.31,-12.347,27.667,0.45375,5.5721
10150,-841.46,10150,-837.37,-17.571,30.633,-1.1994,5.4519
10132,-815.71,10130,-812.09,-20.702,31.949,-1.9008,4.6733
10109,-791.31,10109,-788.25,-21.963,30.255,-1.6403,2.8953
10087,-766.91,10088,-764.66,-22.296,28.046,-1.0454,1.2669
10063,-740.35,10064,-739.97,-23.273,26.314,-0.77515,0.043072
10038,-714.49,10039,-714.8,-24.886,25.137,-0.85097,-0.71755
10012,-687.91,10012,-689.01,-26.652,24.445,-1.0598,-1.1499
9986.3,-661.33,9985.3,-662.25,-27.986,24.888,-1.1816,-1.0015
9959.2,-633.31,9958.1,-634.37,-28.681,25.912,-1.064,-0.64362
9933.4,-606.73,9932.3,-607.24,-27.67,26.1,-0.36783,-0.59189
9906.3,-578.71,9906.4,-579.67,-26.419,26.275,0.34795,-0.5737
9878.5,-549.98,9879.2,-550.86,-26.354,27.358,0.49727,-0.20098
9850.7,-521.24,9851.5,-521.65,-26.544,28.426,0.50702,0.13719
9820.8,-490.35,9822.1,-491.07,-27.603,29.773,0.22717,0.47435
9791.5,-460.18,9792.3,-460.28,-28.722,30.812,-0.078695,0.67714
9756.6,-431.33,9758.5,-430.66,-31.66,30.674,-0.8816,0.47116
9716.7,-405.94,9719.6,-403.84,-36.262,29.114,-1.9972,-0.067556
9676.2,-378.41,9677.6,-377.31,-41.212,27.642,-3.0796,-0.52493
9632,-351.53,9632.5,-351.35,-46.06,26.061,-3.9292,-0.98334
9584.3,-328.14,9583.9,-327.62,-50.761,23.858,-4.5577,-1.512
9535.2,-304.72,9533.5,-304.94,-54.361,21.809,-4.7099,-1.9027
9482.5,-281.94,9480.6,-282.83,-57.28,20.3,-4.5567,-2.0394
9427,-260.54,9425.4,-261.61,-59.496,19.105,-4.1226,-2.0213
9370.1,-237.7,9368.4,-239.34,-61.038,19.371,-3.5236,-1.5059
9309.6,-216.93,9308.9,-217.8,-62.412,19.624,-2.8993,-1.0349
9246.3,-194.7,9246.5,-195.6,-64.115,20.502,-2.4571,-0.44605
9183,-173.88,9182.7,-173.98,-65.512,21.079,-2.0541,-0.036026
9119,-153.75,9118.1,-153.41,-66.414,20.885,-1.6255,0.026109
9057,-134.37,9054.9,-133.76,-66.131,20.311,-1.0172,-0.051256
8998.7,-115.75,8995.5,-114.99,-63.141,19.527,0.30815,-0.1806
8942.4,-97.871,8939.8,-97.024,-58.448,18.689,1.9429,-0.29418
8889.6,-82.171,8887.8,-81.288,-52.997,16.701,3.4745,-0.79915
8841.7,-67.257,8840.8,-66.899,-46.512,14.586,5.0143,-1.2759
8796.7,-53.803,8797.4,-53.667,-40.285,12.788,6.1601,-1.5349
8756.6,-39.722,8758.1,-40.508,-34.606,11.66,6.8112,-1.5602
8718.6,-26.381,8721.4,-27.448,-30.253,11.171,6.8479,-1.3633
8684.8,-15.937,8687.7,-16.084,-26.96,10.384,6.4111,-1.2282
8655.3,-6.9753,8657.4,-6.671,-24.331,9.03,5.6953,-1.2825
8629.9,-0.90979,8631.1,0.13101,-21.527,7.0707,5.0802,-1.4669
8608.8,3.6735,8609.3,4.4974,-18.285,4.498,4.6697,-1.8393
8592.6,7.4701,8592.4,7.5588,-14.418,2.2664,4.4921,-2.0538
8583.5,12.567,8582.3,11.19,-8.9297,1.2747,4.8346,-1.89
8576.3,7.0247,8576.2,8.4377,-3.7837,-2.2726,5.0488,-2.4298
8574.9,8.4614,8575,7.1461,1.4292,-3.7696,5.2376,-2.3289
8574.9,8.4614,8576.5,6.4012,5.5785,-4.0096,5.1146,-1.8555
8573.5,9.8982,8577.2,7.4577,6.9705,-2.5455,4.2055,-0.91016
8572.8,9.2026,8576.8,8.18,5.9819,-1.0746,2.6871,-0.068302
8572.1,8.5069,8575.3,8.6081,3.4908,0.19197,0.94296,0.58368
8572.1,8.5069,8573.4,8.9684,0.42305,1.0341,-0.72335,0.93321
8572.1,8.5069,8571.7,9.2161,-2.1512,1.4837,-1.9102,1.0489
8572.1,8.5069,8570.3,9.4183,-3.9603,1.7218,-2.5919,1.0496
8572.1,8.5069,8569.6,9.4123,-4.6754,1.5947,-2.7073,0.89057
8572.1,8.5069,8569.6,9.3138,-4.2718,1.3242,-2.3164,0.68696
8572.1,8.5069,8570.2,9.0133,-3.0694,0.79584,-1.6097,0.3938
8573.5,7.0702,8572,7.5985,-1.2229,-0.38016,-0.75731,-0.074752
8574.2,6.3518,8573.5,6.2103,0.082477,-1.3008,-0.19857,-0.40423
8574.9,5.6334,8575,5.828,1.0465,-0.73494,0.18461,-0.076506
8576.3,4.1966,8576.2,4.3249,1.3044,-1.3122,0.21108,-0.24576
8577,3.4782,8577.1,3.1971,1.1892,-1.4831,0.1119,-0.26351
8577,3.4782,8577.5,2.6971,0.90095,-1.3197,0.009049,-0.20162
8577,3.4782,8577.4,2.8852,0.38561,-0.59748,-0.1544,0.065493
8576.2,2.7826,8576.7,2.8183,-0.3702,-0.11292,-0.36313,0.23877
8576.2,2.7826,8576,2.9167,-0.91495,0.2898,-0.4955,0.34694
8575.5,2.0869,8575.2,2.5962,-1.37,0.32767,-0.56921,0.32668
8575.5,2.0869,8574.8,2.417,-1.3431,0.33093,-0.47719,0.27834
8574.8,1.3913,8574.4,1.8028,-1.2101,0.0019768,-0.34027,0.12446
8574.8,1.3913,8574.4,1.3949,-0.7252,-0.23882,-0.10441,-0.00022531
8574.1,0.69564,8574.1,0.70588,-0.40212,-0.59067,0.059696,-0.13573
8574.1,0.69564,8574,0.47387,-0.12431,-0.52653,0.1594,-0.10679
8574.1,0.69564,8574.2,0.40119,0.22234,-0.40855,0.26768,-0.070248
8573.4,9.0739e-13,8573.8,0.026913,0.1603,-0.41465,0.22777,-0.056603
8573.4,9.0739e-13,8573.5,-0.015084,0.025337,-0.16842,0.13952,0.044118
8573.4,9.0739e-13,8573.4,-0.0070474,-0.0048931,-0.0047382,0.094952,0.091945
8573.4,9.0739e-13,8573.3,-0.018414,0.041175,0.039871,0.085329,0.082627
8573.4,9.0739e-13,8573.4,-0.001364,0.076925,0.074489,0.074339,0.071985
8573.4,9.0739e-13,8573.4,0.064563,0.15491,0.15001,0.086941,0.084189
8573.4,9.0739e-13,8573.4,0.054106,0.11166,0.10813,0.050746,0.049139
8573.4,9.0739e-13,8573.4,0.078885,0.12128,0.11744,0.044683,0.043268
8573.4,9.0739e-13,8573.4,0.031827,0.033727,0.03266,0.00021929,0.00021235
8573.4,9.0739e-13,8573.4,0.034782,0.027979,0.027093,-0.0030184,-0.0029229
8573.4,9.0739e-13,8573.3,-0.01705,-0.049682,-0.048109,-0.036028,-0.034887
8573.4,9.0739e-13,8573.4,-0.007502,-0.032493,-0.031465,-0.024805,-0.02402
