0,0,NaN,NaN,NaN,NaN,NaN,NaN
85.355,1.8663,NaN,NaN,NaN,NaN,NaN,NaN
180.43,2.1643,NaN,NaN,NaN,NaN,NaN,NaN
289.36,0.9492,NaN,NaN,NaN,NaN,NaN,NaN
413.35,-2.4905,NaN,NaN,NaN,NaN,NaN,NaN
552.41,-8.1548,NaN,NaN,NaN,NaN,NaN,NaN
708.22,-14.566,NaN,NaN,NaN,NaN,NaN,NaN
869.68,-26.723,NaN,NaN,NaN,NaN,NaN,NaN
1040.9,-40.448,NaN,NaN,NaN,NaN,NaN,NaN
1216.7,-56.052,NaN,NaN,NaN,NaN,NaN,NaN
1401.5,-74.446,NaN,NaN,NaN,NaN,NaN,NaN
1602.3,-90.687,NaN,NaN,NaN,NaN,NaN,NaN
1813.8,-108.24,NaN,NaN,NaN,NaN,NaN,NaN
2032.1,-124.01,NaN,NaN,NaN,NaN,NaN,NaN
2250.9,-141.7,2250.7,-142.97,225.01,-18.298,6.244,0.042612
2470.9,-160.12,2473.6,-159.85,228.4,-16.912,4.9461,0.77426
2692.6,-181.17,2697,-179.11,229.71,-16.997,3.4626,0.93064
2911.5,-207.12,2917.3,-203.22,227.36,-19.708,1.2434,0.23604
3135.7,-233.72,3138.3,-230.49,224.2,-23.621,-0.89974,-0.80702
3362.2,-264.9,3360.8,-262.29,221.18,-29.055,-2.7148,-2.2151
3590.7,-299.69,3585.8,-298.44,219.23,-35.331,-3.9093,-3.7052
3831.1,-336.5,3821.4,-337,223.79,-40.525,-2.7659,-4.5757
4076.8,-373.97,4066.9,-376.42,233.2,-43.97,-0.06282,-4.7415
4328.1,-408.95,4321.5,-413.45,246.09,-44.085,3.6256,-3.8102
4576.2,-443.72,4577,-448.13,256.22,-41.583,6.1342,-2.1202
4819.7,-476.61,4826.9,-480.29,259.25,-37.533,6.0484,-0.20638
5057.3,-511.04,5068,-512.06,254.76,-33.603,3.5461,1.4252
5283.9,-546.34,5295.8,-544.98,242.47,-31.26,-1.0583,2.2666
5504.6,-579.05,5513,-577.2,226.47,-29.398,-6.1576,2.7265
5715.8,-615.28,5719.5,-611.99,208.68,-29.927,-11.004,2.2853
5919.8,-647.25,5917.8,-645.59,192.16,-30.335,-14.569,1.7967
6119.6,-679.27,6112.5,-678.48,180.54,-30.707,-15.778,1.3174
6318.6,-708.39,6307.3,-709.3,175.2,-30.436,-14.597,0.99784
6512.5,-733.7,6502,-735.95,175.09,-28.087,-11.56,1.3602
6696.9,-758.4,6691.6,-759.88,176.17,-24.788,-8.2138,2.028
6868.7,-782.31,6869.8,-782.21,173.22,-21.493,-6.4721,2.658
7027.9,-805.41,7033.6,-803.83,165.11,-18.999,-6.5494,2.9595
7179.1,-829.59,7184.7,-826.74,153.26,-18.561,-7.9488,2.5363
7322.5,-851.69,7325.5,-849.42,140.28,-18.915,-9.6292,1.8555
7457.2,-871.97,7457,-871.14,127.31,-19.495,-11.162,1.1115
7583.5,-888.23,7580.5,-889.42,115.64,-18.553,-12.072,0.90831
7701.1,-902.67,7696.9,-904.62,106.3,-16.483,-11.976,1.0915
7807.5,-913.86,7804.2,-916.22,97.808,-13.329,-11.458,1.5831
7905.6,-921.05,7903.6,-923.01,90.876,-8.3341,-10.322,2.6558
7988.6,-926,7990.4,-926.73,82.323,-3.4485,-9.6621,3.5298
8061.1,-926.49,8064.3,-926.35,71.66,1.8761,-9.765,4.4102
8123.7,-924.44,8125.9,-923.27,59.017,6.2929,-10.636,4.8119
8176.3,-919.86,8176.4,-918.17,45.867,9.3638,-11.661,4.6372
8220,-909.33,8217.9,-908.7,34.047,12.733,-12.148,4.4798
8258,-900.34,8253.7,-898.59,25.566,14.462,-11.476,3.8342
8291.4,-893.58,8286.1,-890.34,20.901,13.781,-9.6587,2.591
8320.4,-885.92,8315.4,-882.86,18.9,12.099,-7.2877,1.2738
8344,-877.6,8341,-875.75,18.126,9.9118,-4.9042,0.0049929
8363.3,-868.37,8362.5,-868.17,17.623,8.0607,-2.8515,-0.94989
8376.7,-852.42,8378.4,-855.72,15.801,8.9077,-1.6252,-0.97353
8388.9,-839.89,8390.8,-842.42,13.563,10.191,-0.92211,-0.72553
8399.6,-825.68,8401,-827.69,11.409,12.066,-0.51356,-0.23868
8407.7,-813.2,8408.5,-813.52,8.8698,13.312,-0.49393,0.088588
8416.7,-800.47,8416.5,-799.68,7.9611,14.171,-0.083476,0.32563
8422.6,-787.53,8422.9,-786.35,7.0339,14.34,0.17677,0.31335
8425.6,-771.24,8426.8,-771.23,5.6267,15.136,0.21389,0.43954
8425.9,-756.69,8428,-756.55,3.7126,15.102,0.079755,0.25042
8433.1,-737.18,8432.7,-739.21,4.4404,15.853,0.6468,0.193
8435.8,-719.93,8436.3,-721.23,4.6432,16.884,0.91455,0.31476
8435.6,-703.44,8437.3,-703.37,3.3986,17.857,0.6452,0.51746
8442.8,-683.93,8441.8,-683.92,4.2215,19.419,0.89504,0.88772
8446.2,-665.46,8446.1,-664.51,4.8489,20.502,1.0485,1.0834
8452.3,-645.24,8452,-644.46,6.2608,21.274,1.3982,1.1034
8458.3,-625.03,8458.8,-624.74,7.9725,20.917,1.8112,0.65482
8467.2,-604.05,8467.5,-604.12,9.9367,21.042,2.1605,0.45109
8477.9,-581.59,8478.1,-582.31,12.003,21.5,2.4194,0.35675
8496.2,-557.09,8494.5,-558.21,16.151,23.112,3.1564,0.66922
8518.7,-532.54,8516.4,-533.01,21.41,24.888,4.011,1.025
8543.1,-507.47,8542.3,-507.19,27.026,26.425,4.8658,1.277
8570.1,-480.67,8571.2,-480.4,32.272,27.661,5.5009,1.3515
8595.8,-456.32,8599.7,-454.78,34.991,27.783,5.2747,1.1147
8622.1,-430.74,8626.5,-429.7,34.492,26.928,3.9417,0.5296
8649.4,-404.91,8653.4,-404.31,33.19,26.366,2.573,0.15474
8677.7,-378.82,8680.3,-378.65,31.341,25.967,1.2125,-0.1013
8706.2,-353.7,8706.8,-353.71,28.442,25.052,-0.38574,-0.48952
8733.5,-327.86,8733.1,-328.34,26.166,24.686,-1.4329,-0.61271
8761.3,-303.97,8759.8,-304.05,24.631,23.897,-2.0182,-0.80856
8786.3,-280.83,8785.3,-280.65,23.45,23.054,-2.2184,-0.93287
8810.9,-256.73,8810.3,-257.04,22.748,22.704,-2.111,-0.87245
8833.6,-233.14,8833.8,-233.59,21.979,22.466,-1.928,-0.78241
8855.4,-209.81,8855.4,-210.36,20.399,22.239,-2.052,-0.70947
8875.2,-186.99,8875,-187.4,18.338,22.118,-2.3028,-0.59394
8894.4,-165.39,8893.5,-165.39,16.5,21.655,-2.4374,-0.58606
8913.2,-142.82,8911.6,-143.24,15.3,21.441,-2.3498,-0.523
8931.6,-122.44,8930,-122.08,15.236,21.099,-1.8536,-0.44504
8950.3,-103.03,8948.7,-102.35,15.967,20.126,-1.1613,-0.5811
8968.9,-83.622,8967.8,-83.314,17.08,19.085,-0.45199,-0.73882
8986.2,-66.656,8986.1,-66.13,17.71,17.423,0.00050431,-1.0594
9000.8,-51.422,9002,-50.869,17.089,15.364,0.0038948,-1.4364
9014.7,-37.412,9016.2,-37.275,15.733,13.134,-0.24197,-1.81
9025.9,-25.134,9027.6,-25.161,13.174,11.161,-0.85784,-1.9992
9034.7,-15.556,9036.3,-15.362,9.9987,8.9267,-1.5631,-2.1975
9042.6,-6.2337,9043.1,-6.7477,6.7174,6.9972,-2.2306,-2.2829
9049.1,-3.4787,9048.5,-2.642,3.9845,3.7525,-2.6185,-2.6829
9050.6,-1.0342,9050.5,-0.82981,0.67017,0.64538,-3.0566,-2.9707
9050.5,3.0885,9050.2,1.4911,-2.2426,-0.81497,-3.2398,-2.734
9052.9,5.7885,9050.8,3.7909,-3.166,-1.2066,-2.7865,-2.1885
9054.3,8.2331,9052,6.1806,-2.8198,-0.88743,-1.9885,-1.5168
9055,9.4554,9053.3,8.2792,-1.8118,-0.11203,-1.0861,-0.76447
9054.8,10.422,9054,10.026,-0.90864,0.70988,-0.3585,-0.11595
9054.5,11.389,9054.3,11.495,-0.15914,1.3711,0.17772,0.34491
9054.5,11.389,9054.7,12.262,0.60179,1.6874,0.60238,0.61633
9054.5,11.389,9055.1,12.464,1.2656,1.5944,0.89983,0.66723
9054.5,11.389,9055.3,12.223,1.474,1.1116,0.9443,0.51599
9054.5,11.389,9055.3,11.77,1.456,0.4764,0.86969,0.27977
9054.5,11.389,9055.2,11.348,1.1743,-0.037192,0.67845,0.085787
9054.5,11.389,9054.8,11.029,0.61676,-0.38292,0.37874,-0.0452
9054.5,11.389,9054.5,11.382,0.19559,0.17992,0.15951,0.21091
9054.5,11.389,9054.7,11.66,0.42578,0.56541,0.24014,0.36101
9054.5,11.389,9054.9,11.656,0.61289,0.52004,0.29833,0.3091
9054.5,11.389,9054.7,11.658,0.29742,0.47696,0.13671,0.26205
9054.5,11.389,9054.6,11.59,0.053292,0.34093,0.020202,0.1794
9054.5,11.389,9054.5,11.556,-0.069171,0.26179,-0.034168,0.12932
9053.5,11.134,9053.8,11.307,-0.36848,0.046014,-0.10832,0.038981
9053.5,11.134,9053.5,11.122,-0.44057,-0.11641,-0.11081,-0.029278
9052.6,10.878,9052.7,10.909,-0.73115,-0.19319,-0.17563,-0.046406
9051.6,10.623,9051.7,10.638,-1.0433,-0.27567,-0.23585,-0.062318
9050.6,10.367,9050.6,10.348,-1.2797,-0.33813,-0.26344,-0.069606
9049.7,10.112,9049.5,10.063,-1.3955,-0.36871,-0.2483,-0.065607
9047.7,9.6008,9047.8,9.6228,-1.7199,-0.45443,-0.28568,-0.075482
9043.9,8.579,9044.6,8.7622,-2.7194,-0.71852,-0.49943,-0.13196
9038.1,7.0463,9039.2,7.3407,-4.5029,-1.1897,-0.90019,-0.23785
9031,6.2249,9032,6.1282,-6.7048,-1.4152,-1.3623,-0.26193
9024,5.4036,9024,5.1079,-8.5805,-1.4395,-1.6648,-0.22329
9016.3,3.3599,9015.5,3.4217,-9.9837,-1.7407,-1.7737,-0.26022
9009.3,2.5386,9007.7,2.2122,-10.382,-1.6724,-1.5561,-0.18752
9000.1,2.1731,8999,1.6393,-10.651,-1.2261,-1.285,-0.013778
8990.8,1.8077,8990.1,1.4433,-10.493,-0.62501,-0.88552,0.18788
8981.6,1.4423,8981.1,1.3667,-10.145,-0.10798,-0.48852,0.33302
8973.4,1.3323,8972.9,1.4717,-9.1818,0.36021,0.036772,0.44016
8964.4,2.558e-12,8964.5,0.73365,-8.4414,0.2011,0.39785,0.34273
