0,0,NaN,NaN,NaN,NaN,NaN,NaN
60.925,-13.642,NaN,NaN,NaN,NaN,NaN,NaN
132.45,-26.489,NaN,NaN,NaN,NaN,NaN,NaN
216.72,-40.646,NaN,NaN,NaN,NaN,NaN,NaN
312.32,-57.539,NaN,NaN,NaN,NaN,NaN,NaN
422.79,-76.43,NaN,NaN,NaN,NaN,NaN,NaN
548.83,-98.022,NaN,NaN,NaN,NaN,NaN,NaN
690.45,-120.9,NaN,NaN,NaN,NaN,NaN,NaN
843.35,-140.86,NaN,NaN,NaN,NaN,NaN,NaN
1011.1,-159.99,NaN,NaN,NaN,NaN,NaN,NaN
1188.7,-177.62,NaN,NaN,NaN,NaN,NaN,NaN
1372,-195.2,NaN,NaN,NaN,NaN,NaN,NaN
1567.4,-214.81,NaN,NaN,NaN,NaN,NaN,NaN
1770.5,-233.65,NaN,NaN,NaN,NaN,NaN,NaN
1985.6,-253.1,1986.4,-250.76,218.66,-15.509,8.3415,1.6576
2212.7,-266.08,2210.3,-265.88,226.25,-13.978,7.3677,1.8609
2451.8,-276.84,2447.4,-277.95,236.52,-11.875,7.4753,2.065
2698.6,-282.59,2695.2,-285.07,247.79,-8.184,8.0685,2.6291
2951.8,-283.34,2951.2,-286.24,258.64,-2.6167,8.6766,3.6539
3212.7,-284.73,3214.2,-285.1,268.1,2.4776,8.8814,4.4443
3476.5,-286.1,3480.5,-283.5,274.22,6.1154,8.094,4.7465
3741.7,-287.45,3747.1,-282.8,276.19,7.516,6.1713,4.3179
4006.1,-286.69,4012,-282.47,274.15,6.9946,3.3539,3.2279
4268.4,-281,4273.1,-279.51,268.24,6.6832,-0.21478,2.2064
4530.7,-273.89,4532.3,-274.38,261.51,6.5215,-3.3786,1.2899
4789.5,-266.11,4789.1,-267.48,255.01,6.7789,-5.7228,0.66355
5041.9,-259.09,5040.8,-259.86,247.77,7.3174,-7.6623,0.35838
5291.4,-256.33,5289.2,-254.87,241.72,6.4331,-8.6199,-0.15696
5531.8,-250.11,5530.4,-249.09,234.73,6.2959,-9.4235,-0.27527
5769.3,-236.84,5766.8,-238.67,228.37,8.256,-9.7274,0.17077
6004,-222.19,5999.9,-224.59,223.45,11.52,-9.4154,0.94644
6228,-206.91,6225.7,-208.74,217.89,14.46,-9.1163,1.4726
6444.3,-193.82,6443.4,-193.85,211.33,15.686,-9.0018,1.4064
6647.9,-186.49,6649.1,-183.36,201.84,14.224,-9.6864,0.67098
6841.5,-179.24,6843.2,-175.63,190.59,11.535,-10.702,-0.2691
7025.3,-169.24,7026.3,-167.54,178.44,9.5559,-11.767,-0.87027
7199.8,-152.96,7199.3,-155.05,166.49,10.08,-12.539,-0.73946
7363.8,-136.05,7362.2,-139.71,154.85,11.63,-13.015,-0.40251
7512.1,-119.28,7511.3,-122.62,141.67,13.746,-13.78,0.087631
7647.8,-102.6,7647.1,-104.56,128.01,16.064,-14.434,0.6592
7769.3,-90.29,7769,-88.819,114.09,17.04,-14.889,0.92411
7878.1,-79.496,7877.6,-75.529,100.12,16.914,-15.188,0.96849
7976.3,-68.082,7974.9,-64.285,87.668,15.219,-14.859,0.43075
8063.9,-57.462,8061.3,-55.323,75.969,11.777,-14.38,-0.76015
8138.8,-48.361,8135.9,-48.167,64.393,7.7404,-13.954,-2.0532
8205.2,-39.33,8201.6,-41.378,54.863,4.4771,-12.917,-2.9441
8259.5,-31.104,8257,-34.122,45.936,3.021,-11.806,-3.0246
8301.9,-23.684,8301.4,-26.028,37.241,3.7093,-10.69,-2.2055
8333,-16.358,8334,-17.563,27.804,5.3469,-9.9741,-1.0984
8354.2,-13.355,8355.5,-12.176,17.693,5.3641,-9.6641,-0.6072
8368.3,-10.411,8368.2,-9.1056,7.9091,3.9471,-9.4768,-0.7369
8370.4,-11.1,8370.3,-9.4066,-2.3923,1.1281,-9.5649,-1.3085
8371.8,-11.089,8368.7,-10.838,-9.1909,-1.5528,-8.6669,-1.8212
8377.5,-11.042,8370.3,-12.299,-9.9715,-3.336,-6.2275,-2.0176
8380.3,-11.019,8373.6,-12.895,-6.8244,-3.513,-2.9792,-1.6322
8381,-11.72,8377.4,-13.299,-2.0481,-2.9767,0.24953,-1.0477
8381,-11.72,8380.8,-13.11,2.6922,-1.9018,2.8669,-0.3926
8381,-11.72,8383.6,-12.433,6.4884,-0.47818,4.6175,0.28403
8381,-11.72,8385.5,-11.544,8.7814,0.93476,5.4177,0.85995
8381,-11.72,8385.9,-10.878,8.8299,1.809,5.0916,1.1411
8381,-11.72,8385.4,-10.571,7.445,2.062,4.1254,1.1321
8381,-11.72,8384.2,-10.693,5.2735,1.6933,2.8743,0.86287
8381,-11.72,8382.8,-11.138,3.0153,0.92241,1.6737,0.44926
8381,-11.72,8381.6,-11.4,1.2607,0.47219,0.77806,0.21375
8381,-11.72,8381.1,-11.694,0.41916,0.026419,0.34229,0.0019883
8381,-11.72,8381.6,-11.667,1.022,0.057518,0.56613,0.015408
8381,-11.72,8381.8,-11.722,1.1901,-0.022201,0.58777,-0.019585
8381,-11.72,8381.3,-11.773,0.48627,-0.089456,0.23362,-0.046443
8381,-11.72,8381.1,-11.786,0.098819,-0.097208,0.046594,-0.045835
8381.7,-12.421,8381.5,-12.192,0.24559,-0.24159,0.067562,-0.06646
8381.7,-12.421,8381.8,-12.454,0.32486,-0.31956,0.081707,-0.080374
8382.4,-11.709,8382.3,-12.085,0.53512,-0.043154,0.1284,0.0066295
8382.4,-11.709,8382.6,-11.829,0.51843,0.12923,0.10502,0.057467
8382.4,-11.709,8382.7,-11.668,0.36838,0.2152,0.043972,0.078627
8382.4,-11.709,8382.6,-11.585,0.16173,0.2322,-0.028525,0.076545
8383.8,-11.697,8383.4,-11.556,0.44562,0.20157,0.041532,0.05871
8384.5,-10.984,8384.3,-11.097,0.68762,0.37936,0.09438,0.097046
8385.3,-11.685,8385.2,-11.353,0.86496,0.13002,0.12481,0.010714
8385.3,-11.685,8385.6,-11.567,0.72375,-0.067847,0.064842,-0.055271
8385.3,-11.685,8385.6,-11.73,0.43575,-0.2044,-0.028568,-0.09733
8386,-12.387,8386,-12.303,0.36782,-0.51183,-0.04955,-0.1785
8386,-12.387,8386.1,-12.596,0.17883,-0.57593,-0.099441,-0.1765
8386,-12.387,8386,-12.66,-0.055168,-0.44295,-0.15776,-0.10739
8386,-12.387,8385.8,-12.537,-0.31709,-0.15121,-0.22581,0.015666
8386,-12.387,8385.8,-12.447,-0.39203,0.016325,-0.21443,0.072021
8386,-12.387,8385.7,-12.407,-0.41664,0.072401,-0.19072,0.076228
8386,-12.387,8385.8,-12.308,-0.22662,0.18894,-0.083403,0.10914
8386,-12.387,8385.9,-12.243,0.0040438,0.24485,0.027835,0.11699
8386,-12.387,8386.1,-12.231,0.15642,0.22596,0.09358,0.095566
8386.7,-11.674,8386.5,-11.805,0.31103,0.37172,0.11529,0.11121
8386.7,-11.674,8386.7,-11.658,0.36886,0.27636,0.11613,0.046537
8386.7,-11.674,8386.8,-11.535,0.32099,0.26181,0.085548,0.037728
8387.4,-10.961,8387.3,-11.093,0.53143,0.35178,0.13946,0.044241
8388.1,-10.248,8388,-10.406,0.7383,0.55287,0.17674,0.086473
8388.8,-9.535,8388.7,-9.5553,0.81656,0.83009,0.15586,0.15845
8390.9,-8.8105,8390.5,-8.7495,1.4148,0.94696,0.29146,0.16115
8393.7,-7.3731,8393.2,-7.4879,2.3347,1.2323,0.49697,0.20663
8397.2,-6.6369,8396.8,-6.472,3.4493,1.287,0.72653,0.18095
8401.5,-5.1879,8401.3,-5.1631,4.6229,1.4325,0.93519,0.18034
8405,-5.8659,8405.6,-5.1429,5.2609,0.84339,0.95618,-0.023439
8408.5,-3.7156,8409.5,-3.9672,5.3559,0.94269,0.80377,-0.01527
8411.3,-2.2782,8412.6,-2.5598,4.7648,1.1348,0.45845,0.022218
8414.9,-1.542,8415.6,-1.5184,4.0438,1.085,0.099797,-0.0089311
8417.7,-1.5188,8418,-1.2184,3.0474,0.62747,-0.30222,-0.15404
8419.8,-0.79427,8419.9,-0.73469,2.0162,0.44379,-0.63076,-0.18302
8421.9,-0.069747,8421.7,-0.14777,1.1923,0.39066,-0.83006,-0.16636
8424.8,-0.046498,8423.9,0.00085498,0.95671,0.11779,-0.80955,-0.21926
8426.9,-0.73614,8426.2,-0.50239,1.0605,-0.38154,-0.64359,-0.3212
8429,-0.011625,8428.5,-0.36936,1.4222,-0.38698,-0.38821,-0.26929
8430.4,2.4247e-13,8430.4,-0.29355,1.5091,-0.36168,-0.24617,-0.21066
